-1.108716423533809170e+01
-1.078668469243430472e+01
-1.049130666978355464e+01
-1.020103016738584145e+01
-9.915855185241163383e+00
-9.635781723349516881e+00
-9.360809781710909050e+00
-9.090939360325338114e+00
-8.826170459192800521e+00
-8.566503078313298047e+00
-8.311937217686830692e+00
-8.062472877313398456e+00
-7.818110057193004891e+00
-7.578848757325642893e+00
-7.344688977711317790e+00
-7.115630718350028694e+00
-6.891673979241775605e+00
-6.672818760386556747e+00
-6.459065061784372119e+00
-6.250412883435224387e+00
-6.046862225339110886e+00
-5.848413087496035168e+00
-5.655065469905991904e+00
-5.466819372568986424e+00
-5.283674795485015174e+00
-5.105631738654080820e+00
-4.932690202076179808e+00
-4.764850185751315692e+00
-4.602111689679484918e+00
-4.444474713860691040e+00
-4.291939258294933168e+00
-4.144505322982209528e+00
-4.002172907922521894e+00
-3.864942013115868935e+00
-3.732812638562251983e+00
-3.605784784261671039e+00
-3.483858450214124769e+00
-3.367033636419614062e+00
-3.255310342878138474e+00
-3.148688569589698005e+00
-3.047168316554293988e+00
-2.950749583771925533e+00
-2.859432371242591309e+00
-2.773216678966292204e+00
-2.692102506943029105e+00
-2.616089855172802459e+00
-2.545178723655610931e+00
-2.479369112391453633e+00
-2.418661021380331899e+00
-2.363054450622246172e+00
-2.312549400117196008e+00
-2.267145869865180519e+00
-2.226843859866201036e+00
-2.191643370120256673e+00
-2.161544400627347873e+00
-2.136546951387473747e+00
-2.116651022400635629e+00
-2.101856613666833518e+00
-2.092163725186066081e+00
-2.087572356958334208e+00
-2.088082508983637453e+00
-2.093694181261977150e+00
-2.104407373793351521e+00
-2.120222086577761011e+00
-2.141138319615206509e+00
-2.167156072905686237e+00
-2.198275346449202861e+00
-2.234496140245754159e+00
-2.275818454295341020e+00
-2.322242288597963000e+00
-2.373767643153620099e+00
-2.430394517962312761e+00
-2.492122913024041875e+00
-2.558952828338806107e+00
-2.630884263906605014e+00
-2.707917219727439040e+00
-2.790051695801309073e+00
-2.877287692128215113e+00
-2.969625208708156272e+00
-3.067064245541131662e+00
-3.169604802627143947e+00
-3.277246879966190463e+00
-3.389990477558272097e+00
-3.507835595403391515e+00
-3.630782233501544276e+00
-3.758830391852733044e+00
-3.891980070456956042e+00
-4.030231269314215936e+00
-4.173583988424511837e+00
-4.322038227787840192e+00
-4.475593987404205443e+00
-4.634251267273608477e+00
-4.798010067396043965e+00
-4.966870387771517237e+00
-5.140832228400022963e+00
-5.319895589281565584e+00
-5.504060470416144213e+00
-5.693326871803757072e+00
-5.887694793444407715e+00
-6.087164235338090812e+00
