3.422834680471259234e-03
2.710814063070447061e-03
2.549003469783249400e-03
2.779163837517355674e-03
3.365081478037663509e-03
4.289422172529595845e-03
5.527135975334948950e-03
7.124536640345634914e-03
9.202353724511298100e-03
1.185018205895853674e-02
1.520403709332421478e-02
1.956171098456461338e-02
2.525167823657669536e-02
3.254844531645464251e-02
4.179611983854009810e-02
5.350532635898803957e-02
6.830903018632192292e-02
8.683788201738711077e-02
1.096928615522923811e-01
1.375640331630777757e-01
1.709558583494189821e-01
2.097113234226097300e-01
2.534841987478329561e-01
3.029048882148054345e-01
3.601656765551481953e-01
4.282809509228311384e-01
5.091856028666347234e-01
6.025596932537312655e-01
7.072366694903094997e-01
8.233714882485251296e-01
9.528908945728284952e-01
1.098212194740362690e+00
1.259536216155377364e+00
1.432809469977166961e+00
1.614137933364683031e+00
1.806552446140530899e+00
2.016950559385489505e+00
2.248200986022230285e+00
2.491585262184372151e+00
2.731812246205346906e+00
2.971935758488853274e+00
3.227572191744496166e+00
3.505125131018628437e+00
3.814692359502465990e+00
4.177615463592291967e+00
4.609833704239261642e+00
5.111191437630764334e+00
5.716008743609616971e+00
6.507218045001597062e+00
7.557350545185848922e+00
8.942370289130026961e+00
1.079598264285699649e+01
1.317503072729338065e+01
1.579680464774894766e+01
1.811046844113457510e+01
1.964340581211813941e+01
2.029886721588129106e+01
2.018758303297026302e+01
1.974535569025536219e+01
1.926549909242563885e+01
1.896116070016282151e+01
1.894687170222342587e+01
1.923460958668762899e+01
1.969259035793837498e+01
2.014672865641779254e+01
2.030523779447626254e+01
1.976216598939659619e+01
1.837227796667159652e+01
1.618520011387208868e+01
1.362989492129486280e+01
1.124565518753686177e+01
9.337629226663102244e+00
7.906306709784622022e+00
6.824244590451775672e+00
5.995810614787703940e+00
5.367716810687980455e+00
4.866138022322771484e+00
4.435863320320862613e+00
4.067995512213258280e+00
3.758779725063250421e+00
3.492629084693045893e+00
3.253890398564668107e+00
3.035758098392122850e+00
2.834656154093861069e+00
2.642649623311486007e+00
2.452037651613406588e+00
2.264913572737291325e+00
2.089050143670004189e+00
1.928913699227114753e+00
1.784227423401483881e+00
1.652287273869804229e+00
1.530168986017984345e+00
1.415742625769565777e+00
1.308416793228914132e+00
1.208759040472265012e+00
1.117508443734505086e+00
1.034834793207447312e+00
9.603310013796038103e-01
8.931712129195301664e-01
8.325075332066931288e-01
