-2.313630615952522174e-03
-2.908945828344777773e-03
-3.810152342037353979e-03
-5.462443232852498554e-03
-6.506196021576426958e-03
-7.229124102850037481e-03
-7.231729899243366511e-03
-3.160979683053288802e-03
1.234693442421552767e-03
5.990336558734377093e-03
1.114616143152213912e-02
8.305217160793465503e-03
5.238927834693818397e-03
2.143766604934649322e-03
-9.808674094146097033e-04
-1.299645075748312451e-03
-7.459622166421375766e-04
-2.070646142697807335e-04
3.107063900600337547e-04
2.006504863457214682e-03
5.611963222755589342e-03
9.233093023579108660e-03
1.285760529536106311e-02
1.647219221208828799e-02
1.061836980188557433e-02
1.225469409447121905e-03
-8.212360594497480903e-03
-1.768961458409701315e-02
-2.719949429560752918e-02
-3.096589691729545457e-02
-3.082564161723855278e-02
-3.088430001487463272e-02
-3.114281141097641203e-02
-3.159898471637889728e-02
-3.224713283304536660e-02
-3.100522974562180956e-02
-2.854919585075754718e-02
-2.664781422055639837e-02
-2.522987896649331319e-02
-2.422776235651369348e-02
-2.357648716221882879e-02
-2.321322018351024141e-02
-2.307711952065671923e-02
-2.197753193738671840e-02
-1.872829301949652248e-02
-1.602254707650851984e-02
-1.374604863153772172e-02
-1.180166888889466748e-02
-1.010759282119133573e-02
-8.596108114789391408e-03
-7.212773269701600043e-03
-5.915808212745954364e-03
-4.675593095686103595e-03
-3.474194458068069480e-03
-2.304865577750003780e-03
-1.171491316920736381e-03
-8.796805556743336751e-05
9.224730888686138996e-04
1.827976320517343822e-03
2.588767956182014274e-03
3.157812110796687222e-03
3.481357499777626430e-03
3.499308262094658062e-03
3.145341902751397356e-03
2.346685529049707952e-03
1.023445132068090402e-03
-9.126417359137661833e-04
-3.560197094094608161e-03
-6.749050047988092160e-03
-6.951847118799037162e-03
-7.535211922867546264e-03
-8.536969476325761974e-03
-9.995717221729094604e-03
-1.195190078133778755e-02
-1.444917730529526878e-02
-1.753611366453711184e-02
-2.126829284447717683e-02
-2.183532213308714276e-02
-2.223758774088313572e-02
-2.281984085867039269e-02
-2.357382264149343598e-02
-2.449073940015988882e-02
-2.542764824716181593e-02
-1.631798085972091528e-02
-7.138163395102647968e-03
2.107598775864083507e-03
1.141497341912778296e-02
1.962784777166115546e-02
1.537988528732858740e-02
1.115468296664712256e-02
6.962173360877788042e-03
2.811064228608550764e-03
1.123968344348913462e-03
3.651260915429332954e-04
-3.884887424789873478e-04
-1.134077212745498997e-03
1.226047392864249019e-03
4.656776591906996998e-03
8.102985167034226777e-03
1.113745531197007921e-02
