9.935429679440332951e-03
9.930246192963898544e-03
9.923400347380650910e-03
9.914409113597644208e-03
9.902665853355197001e-03
9.887413928163168997e-03
9.867716216439670340e-03
9.842420345362756784e-03
9.810119576742715175e-03
9.769109468658498940e-03
9.717340673359609049e-03
9.652368532331867534e-03
9.571300494649825907e-03
9.470742814748911442e-03
9.346748476226296454e-03
9.194768829281496636e-03
9.009612004281297715e-03
8.785411748024829492e-03
8.515610889148650386e-03
8.192964131895186242e-03
7.809565251170047517e-03
7.356903956042160075e-03
6.825957637215163132e-03
6.207322847254559406e-03
5.491390613642899154e-03
4.668568495948210995e-03
3.729550628370992271e-03
2.665634822542228832e-03
1.469083163137430148e-03
1.335194756977298169e-04
-1.345646301513792054e-03
-2.970780280212803603e-03
-4.741590126669192884e-03
-6.654713713169169154e-03
-8.703353049819284593e-03
-1.087697698558698356e-02
-1.316111626996030459e-02
-1.553727319312692146e-02
-1.798296503997187656e-02
-2.047191598649078514e-02
-2.297440595863919910e-02
-2.545777762854717352e-02
-2.788709454000271037e-02
-3.022593484038793576e-02
-3.243729682420459781e-02
-3.448458505729901091e-02
-3.633263981043155511e-02
-3.794876836120320007e-02
-3.930373477323856335e-02
-4.037266522366467214e-02
-4.113582884615762936e-02
-4.157925923928429413e-02
-4.169518895522461577e-02
-4.148227799969195217e-02
-4.094562711177696102e-02
-4.009657676721278818e-02
-3.895230285741790865e-02
-3.753522925878893801e-02
-3.587228549913401565e-02
-3.399404401793804098e-02
-3.193377578723000099e-02
-2.972646512802112895e-02
-2.740782438610001037e-02
-2.501334682826961142e-02
-2.257743192872219140e-02
-2.013261149238232406e-02
-1.770889824955457215e-02
-1.533327114402016633e-02
-1.302930402262303389e-02
-1.081693728481392114e-02
-8.712385665774036170e-03
-6.728170014123069365e-03
-4.873256883843435361e-03
-3.153287076131938704e-03
-1.570872920613197721e-03
-1.259439666720929552e-04
1.183878313725017506e-03
2.362894452091701680e-03
3.416944833111390523e-03
4.353044066601530204e-03
5.179041649856497287e-03
5.903315906462758278e-03
6.534505597515227748e-03
7.081281304334385851e-03
7.552156740334492468e-03
7.955338590502680773e-03
8.298612298426100153e-03
8.589260399607834273e-03
8.834009497697525859e-03
9.039001750288822024e-03
9.209786722396806624e-03
9.351329628377591519e-03
9.468032269785986443e-03
9.563763345571185681e-03
9.641895226302210631e-03
9.705344716623542922e-03
9.756615757017250701e-03
9.797842420392388618e-03
9.830830929471456869e-03
9.857099750261610893e-03
