8.785792271964998346e-02
8.782301340082054875e-02
8.754599203753721248e-02
8.722553193171012076e-02
8.689146851437767882e-02
8.653795971346989191e-02
8.619268904469479242e-02
8.582361867161791835e-02
8.541260620599155917e-02
8.497053378146612879e-02
8.445554590370984993e-02
8.401866934267732123e-02
8.353480630347920322e-02
8.296005318982302423e-02
8.239208771414674448e-02
8.150741070367240049e-02
8.035642605875836786e-02
7.966254465179112287e-02
7.876026024069493481e-02
7.748139290855893258e-02
7.646141147677831817e-02
7.558739792140811709e-02
7.448976493151482359e-02
7.311722793532648978e-02
7.225190130429259838e-02
7.055563735402214931e-02
6.836512669509642315e-02
6.522972033012752746e-02
6.313911777355740718e-02
6.126160539930358695e-02
6.081152624532637496e-02
5.841638097637624760e-02
5.795231322352911718e-02
5.799081221833413125e-02
5.733423953567973186e-02
5.631119507970505644e-02
5.283937697064522432e-02
5.115889609641599556e-02
4.916189709787821549e-02
4.491796801601544153e-02
4.101754046387617869e-02
3.951219333191335892e-02
3.593687043487170385e-02
3.114941868211507092e-02
2.958874127393562592e-02
3.027692750965382817e-02
2.922085950860386916e-02
2.746000001183535044e-02
2.580498790381413610e-02
2.525682262489536978e-02
2.701017652451553896e-02
2.921298806193295405e-02
3.084612108494377836e-02
3.314095327611388253e-02
3.587392873283612449e-02
3.858977267515151244e-02
4.041754381443696253e-02
3.979863488095292112e-02
3.362948315477409800e-02
3.645495695260392299e-02
4.155707830915300605e-02
4.452656259410847639e-02
4.442613868395905996e-02
4.258454465538052958e-02
4.901177983441917796e-02
5.305388568792346327e-02
5.380591287370450893e-02
5.647478936936534133e-02
6.067639099478894238e-02
6.184973664793069759e-02
6.329948660757511725e-02
6.635839097550211285e-02
6.663664318157236366e-02
6.890439368946865706e-02
7.122867571681656962e-02
7.190697588786587602e-02
7.392819742908218750e-02
7.388038931620477534e-02
7.503123613730178221e-02
7.535333356541062955e-02
7.646091436714774758e-02
7.753782688762500541e-02
7.833221195874395804e-02
7.872995936605242662e-02
7.909245424180610939e-02
7.945990221278353971e-02
8.023033422972769557e-02
8.123111369551683225e-02
8.208033277239934478e-02
8.270435271273646194e-02
8.360587146476117226e-02
8.448675782408132662e-02
8.509046363741790131e-02
8.546599509935948191e-02
8.582025748670929488e-02
8.625247648614475793e-02
8.664284974903857517e-02
8.684158682345710645e-02
8.693019803392676437e-02
8.705175476177817728e-02
