6.345412770336622543e-05
2.660633865936290476e-05
-1.297893866447630273e-05
1.789946259345143176e-05
3.835460470602569671e-05
4.211178866908582563e-05
6.333982962458684085e-05
6.449679071818259501e-05
2.389477700792674852e-05
-3.871303741820319999e-05
-1.280338614912945872e-04
-5.089558758175627418e-05
5.491411402025470068e-05
1.546150011664249035e-04
3.843022460101597204e-04
3.842507968128128226e-04
2.652975647832178652e-05
1.047263174251966689e-04
4.839796391431505640e-05
-3.228734628972773635e-04
-2.342791599518889711e-04
1.872194180532193997e-04
4.191076212931577061e-04
2.663390832178258449e-04
8.608032799899412169e-04
6.658460037129998454e-04
5.289714171885506744e-05
-1.397814660115237473e-03
-1.788054339669775672e-03
-2.040240223967204614e-03
-5.895131997702973692e-04
-1.089453660711448002e-03
5.609477296052434170e-04
2.455424189471755447e-03
3.552909505692980474e-03
4.336195366282158403e-03
2.805533058465314866e-03
3.028189065498398946e-03
2.923490362446656832e-03
7.282487506856671899e-04
-1.087896982463365525e-03
-8.591475106560775288e-04
-2.480271569680003729e-03
-5.207177284495045910e-03
-5.423816537838299645e-03
-3.960262365236055793e-03
-4.036031420359686983e-03
-4.778668987027612225e-03
-5.547566461274855421e-03
-5.584863779024229480e-03
-4.006242986821839658e-03
-2.220351952198829082e-03
-9.772058586301479721e-04
6.502830080012955705e-04
2.507208256303794514e-03
4.259646674065531435e-03
5.249953631249471009e-03
4.257886243583364205e-03
-1.203868287687037686e-03
1.988070849028300557e-04
3.356526650422964053e-03
4.745946106506582218e-03
3.488450426309852581e-03
6.058404454289956220e-04
4.751085940472354885e-03
6.842418684857243250e-03
5.944894824877589024e-03
6.724987385477443347e-03
8.961168188018175940e-03
8.324588180543823768e-03
7.914628791600875068e-03
9.105478874969596959e-03
7.494491619115306591e-03
7.899005817413984332e-03
8.391634508498113654e-03
7.183574934958802949e-03
7.475250917376774495e-03
5.561009463664223773e-03
5.107253348228146805e-03
3.802391174618779957e-03
3.463740922313718329e-03
3.163495830537099707e-03
2.589913035818014464e-03
1.646021782450990401e-03
8.216639956875049222e-04
7.232668701173672332e-05
-1.171493956628744115e-04
4.459742347506789883e-05
9.538312870827070356e-05
-5.508969281597941858e-05
2.851705517725733330e-04
6.421262854221509997e-04
7.026426214651326774e-04
5.208175672812842549e-04
3.398010622202018993e-04
2.791439854581412305e-04
2.471452080194946888e-04
4.453793085592572254e-04
5.185209340761165464e-04
6.385647782971570763e-04
