7.303255341883030383e-03
7.286337955244359676e-03
7.494915343049690648e-03
7.725488533742108643e-03
7.942163502112187246e-03
8.143228907397936922e-03
8.291651367992702859e-03
8.407979710498558745e-03
8.496344716533155150e-03
8.528908340448282388e-03
8.527171306051517519e-03
8.315874902526942947e-03
7.991519321868700843e-03
7.564565113451937606e-03
6.898599948292893913e-03
6.272715921504357084e-03
5.586152414941203403e-03
4.059063911813431957e-03
2.294515712781386441e-03
3.925671890190329805e-04
-2.355412377214260999e-03
-5.913704508373029967e-03
-9.992543856343960584e-03
-1.462123145441962535e-02
-2.066091768701339149e-02
-2.684819086750200867e-02
-3.358704172028414980e-02
-4.048325469607627625e-02
-4.956850084835906500e-02
-6.003498369583515348e-02
-7.309951517912138819e-02
-8.536763289330684401e-02
-1.006667217806123116e-01
-1.174911622776197984e-01
-1.345372607967125766e-01
-1.519990706645104606e-01
-1.676327846172074310e-01
-1.854926163584318388e-01
-2.032639146523491647e-01
-2.187928304883430819e-01
-2.344345407444965446e-01
-2.519987251897466418e-01
-2.667770919417760123e-01
-2.793881594231932830e-01
-2.940404191137088175e-01
-3.095391054647581575e-01
-3.216919749578690535e-01
-3.313607350363100279e-01
-3.392027161763006005e-01
-3.460925585468342947e-01
-3.531274592990226724e-01
-3.583881504700892062e-01
-3.608194141584057935e-01
-3.616480193118046804e-01
-3.606771330233157213e-01
-3.575089171809512356e-01
-3.513594934008898996e-01
-3.407853896084578338e-01
-3.228242306027697683e-01
-3.121856399474337573e-01
-3.023370199368318190e-01
-2.890717069113284410e-01
-2.716684972638243600e-01
-2.516814908876092716e-01
-2.393509085963347882e-01
-2.242532576458462490e-01
-2.057096296982108274e-01
-1.891439947873359007e-01
-1.743759556494195451e-01
-1.570310518123556598e-01
-1.405799501941815688e-01
-1.264983053786103984e-01
-1.105143455187969082e-01
-9.749049490324712686e-02
-8.556028996641074080e-02
-7.306277512754855152e-02
-6.300503280436786646e-02
-5.197209041997052914e-02
-4.321004386838378508e-02
-3.465425634613206185e-02
-2.786913438827509637e-02
-2.197913445552712730e-02
-1.666632048632576968e-02
-1.174645616623903877e-02
-7.509074764526779688e-03
-3.922776566609886828e-03
-1.315841489596181191e-03
5.510129323358370357e-04
2.122317922860883499e-03
3.529695167360902275e-03
4.323430139117512283e-03
4.849494842108725834e-03
5.407165997108887012e-03
5.985217752163318750e-03
6.409838660543787370e-03
6.610538580475111559e-03
6.731865665745573324e-03
6.944754007749853741e-03
7.185624649489241733e-03
7.326504915948550689e-03
