1.099772656165454832e+00
1.099752504549405874e+00
1.099716819148174540e+00
1.099587096203640479e+00
1.099437567712623798e+00
1.099266215460363183e+00
1.099028611842221892e+00
1.098749703250712750e+00
1.098435832842104665e+00
1.098048703822835259e+00
1.097570802092509901e+00
1.096782561569606740e+00
1.095790711020159236e+00
1.094593843158293556e+00
1.093014145327925180e+00
1.091363798511494121e+00
1.089717222002544839e+00
1.087221423064071768e+00
1.084381897679433271e+00
1.081309276125602681e+00
1.077155231257570289e+00
1.071971052444020689e+00
1.066203506555171376e+00
1.059974401908832631e+00
1.052084179397446473e+00
1.044010840339667068e+00
1.035337017582463215e+00
1.026453015516240574e+00
1.015451170034910255e+00
1.003267614535527708e+00
9.883767133128288362e-01
9.744981458362612647e-01
9.576240527020309923e-01
9.397797795635183249e-01
9.221489878553481567e-01
9.044114187588010445e-01
8.887447793010525565e-01
8.712700558081063473e-01
8.542610783148232301e-01
8.396738081635769513e-01
8.252261335812957066e-01
8.094303537107321311e-01
7.963465702330098095e-01
7.853808390887366819e-01
7.730505578915993770e-01
7.603018434944790460e-01
7.504528360589330926e-01
7.427127828138574417e-01
7.365066980954075859e-01
7.311272855381636404e-01
7.257267800676132641e-01
7.217373253348000617e-01
7.199201397902833532e-01
7.193475576694052798e-01
7.201623496611129216e-01
7.226746768901127771e-01
7.275064578161809514e-01
7.358296890998108353e-01
7.500702196776457553e-01
7.588185124237827317e-01
7.670939183821163798e-01
7.783146907231124345e-01
7.932392146775177899e-01
8.107107372998935135e-01
8.219276499238548084e-01
8.358111365490993316e-01
8.531260960173594476e-01
8.690297517367093771e-01
8.835648937937818914e-01
9.008834781315508966e-01
9.177155828375114233e-01
9.325272975042746548e-01
9.495765062430512327e-01
9.639196099639784077e-01
9.773789599707960463e-01
9.916612935040407528e-01
1.003507789281707474e+00
1.016589038421360502e+00
1.027225646349410937e+00
1.037736244505636618e+00
1.046327976338283339e+00
1.053967565014125141e+00
1.061017012177467578e+00
1.067631816583805904e+00
1.073386049849380353e+00
1.078390938933428966e+00
1.082228939095930542e+00
1.085174746249244260e+00
1.087753941766135268e+00
1.090116514710059104e+00
1.091625752396571780e+00
1.092806143127935226e+00
1.094016270133192581e+00
1.095242498653574703e+00
1.096277319365467351e+00
1.097032265856325406e+00
1.097625902947229726e+00
1.097879674319405030e+00
1.098168470489578441e+00
1.098336800595415941e+00
