1.000114972262941687e-01
1.000114972262941687e-01
1.035047679608164656e-01
1.085004256710082882e-01
1.135819534935709613e-01
1.187493508599118397e-01
1.240025447578514267e-01
1.293413874388626150e-01
1.347656541877763348e-01
1.403278355614152317e-01
1.466182586458106563e-01
1.537666519650097707e-01
1.619576515861888000e-01
1.714329512389799470e-01
1.825151891964161277e-01
1.956449318402568305e-01
2.080986971641551886e-01
2.185956543505213623e-01
2.304825900070926192e-01
2.440490021028615952e-01
2.596707506623557316e-01
2.778448583939480132e-01
2.968399763748678089e-01
3.145539799325408059e-01
3.346623371275936898e-01
3.576752140272443925e-01
3.842587346826387695e-01
4.152995097674364589e-01
4.424438960615347249e-01
4.694382225025178212e-01
4.999249762388864871e-01
5.346129536815720229e-01
5.744165636340755610e-01
6.157149259773562200e-01
6.545105735533329749e-01
6.979326916894333932e-01
7.468389235542487459e-01
8.023126762200303297e-01
8.635610313151017570e-01
9.272372724665902677e-01
9.990909529971909731e-01
1.080767308129074955e+00
1.174384308981150982e+00
1.270836117581348512e+00
1.356039677209992078e+00
1.449766002187659497e+00
1.553312802714718055e+00
1.668254813505307910e+00
1.795140078724037913e+00
1.933836980675309514e+00
2.086778858545184523e+00
2.256198189552084621e+00
2.444818747718437990e+00
2.637513082268352349e+00
2.843566347298584152e+00
3.071319511587793372e+00
3.324267390790399013e+00
3.606696401521379158e+00
3.876302282975088165e+00
4.168584931350368450e+00
4.487904208601134926e+00
4.838019596646634390e+00
5.216627010707520107e+00
5.588765455881574695e+00
5.989902071704880981e+00
6.423346304655590977e+00
6.892928150299946211e+00
7.398588945559119168e+00
7.928492737710612914e+00
8.498369905490585907e+00
9.112606695895395958e+00
9.776251184436112851e+00
1.049931185208182605e+01
1.130877859099509664e+01
1.218483041411511003e+01
1.313553851576286391e+01
1.417032732261065497e+01
1.530027068452396399e+01
1.638144575695643113e+01
1.750070507511257034e+01
1.869831541012995402e+01
1.998212359755694223e+01
2.136105158561282025e+01
2.282517884986401668e+01
2.423877428264855993e+01
2.572260802085680709e+01
2.728122391509447198e+01
2.891955286824792282e+01
3.064295505291477895e+01
3.245726779191510758e+01
3.407907601005669562e+01
3.579276449995246168e+01
3.761809091831528917e+01
3.956528288086469303e+01
4.164584371480119529e+01
4.387275809416897232e+01
4.598958333333332860e+01
4.598958333333333570e+01
4.598958333333333570e+01
4.598958333333333570e+01
