3.054457807922786650e+00
3.054457807922786650e+00
3.020125280666390744e+00
2.972988863357098666e+00
2.927218325989373593e+00
2.882727983108055891e+00
2.839440871929820975e+00
2.797287636536974986e+00
2.756205584443391921e+00
2.715761591840146760e+00
2.671910630488511629e+00
2.624306753279525228e+00
2.572408068467971543e+00
2.515550724276557126e+00
2.452909561532254923e+00
2.383441515459516324e+00
2.321730486808979421e+00
2.272519263477993601e+00
2.219567631403545960e+00
2.162373926144699698e+00
2.100328474646435239e+00
2.032680064980800339e+00
1.966549766051862713e+00
1.908587260847142142e+00
1.846620884934874196e+00
1.780117608328105838e+00
1.708426845634631652e+00
1.630742989358969108e+00
1.567429291716885054e+00
1.508206251038584966e+00
1.445284919923306877e+00
1.378199925548495131e+00
1.306388105836464586e+00
1.236958885652660989e+00
1.175855219183854494e+00
1.111620291696703067e+00
1.043893428802741941e+00
9.722445570797546566e-01
8.986783854775448610e-01
8.275334693972684619e-01
7.528971410194880143e-01
6.743164212215484454e-01
5.912436626751955693e-01
5.123126364361745289e-01
4.474192310134097461e-01
3.805855149748089694e-01
3.115977383372294796e-01
2.402096224233729593e-01
1.669046234010940211e-01
9.248157837888593136e-02
1.636601950835814279e-02
-6.169349917311039988e-02
-1.419833077835574997e-01
-2.178487783087490470e-01
-2.930713398790616431e-01
-3.701195970098685173e-01
-4.492616356510521491e-01
-5.308045485477919101e-01
-6.028939987883696894e-01
-6.755889526373746179e-01
-7.493981435151546577e-01
-8.245177821644738003e-01
-8.998633459249734123e-01
-9.687707335139634779e-01
-1.038087382780600532e+00
-1.107951532579928511e+00
-1.178508299691660266e+00
-1.249301618412371528e+00
-1.318475266091505116e+00
-1.387886688697418158e+00
-1.457671125423584790e+00
-1.527968415505238653e+00
-1.599322036535926639e+00
-1.673591609990605189e+00
-1.748204088803275713e+00
-1.823333740249637902e+00
-1.899162472543155289e+00
-1.975882839457965279e+00
-2.044161657497498563e+00
-2.110253489541402239e+00
-2.176445754199972882e+00
-2.242850373153566945e+00
-2.309581563833462248e+00
-2.375876581567959445e+00
-2.435965913442402098e+00
-2.495382614145733147e+00
-2.554211016308801874e+00
-2.612530255600883589e+00
-2.670415103924791644e+00
-2.727936706424135327e+00
-2.776695908629720488e+00
-2.825758083457131864e+00
-2.875497395546091628e+00
-2.925964358228141382e+00
-2.977213892289468866e+00
-3.029305902328828015e+00
-3.076427240987345879e+00
-3.076427240987345879e+00
-3.076427240987345879e+00
-3.076427240987344991e+00
