-3.245078167531436186e+00
-3.245078167531437074e+00
-3.210745640275039836e+00
-3.163609222965747758e+00
-3.117838685598020465e+00
-3.073348342716704096e+00
-3.030061231538469180e+00
-2.987907996145623191e+00
-2.946825944052039681e+00
-2.906381951448795409e+00
-2.862530990097159389e+00
-2.814927112888173433e+00
-2.763028428076618859e+00
-2.706171083885204887e+00
-2.643529921140903127e+00
-2.574061875068164973e+00
-2.512350846417628514e+00
-2.463139623086642693e+00
-2.410187991012195496e+00
-2.352994285753348791e+00
-2.290948834255083888e+00
-2.223300424589448987e+00
-2.157170125660511584e+00
-2.099207620455791456e+00
-2.037241244543523067e+00
-1.970737967936755819e+00
-1.899047205243280523e+00
-1.821363348967617091e+00
-1.758049651325533924e+00
-1.698826610647234503e+00
-1.635905279531956413e+00
-1.568820285157143335e+00
-1.497008465445113679e+00
-1.427579245261310081e+00
-1.366475578792503587e+00
-1.302240651305352603e+00
-1.234513788411391033e+00
-1.162864916688403749e+00
-1.089298745086194398e+00
-1.018153829005917554e+00
-9.435175006281371068e-01
-8.649367808301970939e-01
-7.818640222838442178e-01
-7.029329960448240655e-01
-6.380395906220592828e-01
-5.712058745834580620e-01
-5.022180979458781280e-01
-4.308299820320211637e-01
-3.575249830097431136e-01
-2.831019379875354680e-01
-2.069863791170076794e-01
-1.289268604355382486e-01
-4.863705182509159286e-02
2.722841870010039855e-02
1.024509802704129946e-01
1.794992374012194247e-01
2.586412760424035007e-01
3.401841889391428175e-01
4.122736391797210409e-01
4.849685930287264135e-01
5.587777839065046770e-01
6.338974225558247078e-01
7.092429863163243198e-01
7.781503739053148294e-01
8.474670231719523272e-01
9.173311729712803064e-01
9.878879400830116175e-01
1.058681258803723324e+00
1.127854906482857356e+00
1.197266329088770398e+00
1.267050765814936586e+00
1.337348055896590449e+00
1.408701676927278434e+00
1.482971250381955208e+00
1.557583729194626621e+00
1.632713380640987033e+00
1.708542112934503976e+00
1.785262479849315298e+00
1.853541297888850803e+00
1.919633129932751814e+00
1.985825394591325121e+00
2.052230013544916076e+00
2.118961204224814043e+00
2.185256221959309908e+00
2.245345553833750785e+00
2.304762254537083166e+00
2.363590656700150561e+00
2.421909895992235384e+00
2.479794744316141664e+00
2.537316346815483126e+00
2.586075549021074060e+00
2.635137723848486768e+00
2.684877035937445200e+00
2.735343998619493622e+00
2.786593532680818441e+00
2.838685542720177590e+00
2.885806881378695454e+00
2.885806881378695898e+00
2.885806881378695898e+00
2.885806881378695898e+00
