1.993998044098609090e-02
2.259174879996777435e-02
2.521242615618596306e-02
2.942483437100812046e-02
3.526186387846174525e-02
4.162712488942439670e-02
4.930983994700787604e-02
5.744953296196819714e-02
7.158547135846225762e-02
8.656717953298918855e-02
1.063881763910147910e-01
1.277803453233185838e-01
1.531636594049075040e-01
1.793265517980084933e-01
2.154922434946014986e-01
2.559619622582632315e-01
3.056598945992555771e-01
3.588510031905629560e-01
4.207536885175329200e-01
4.899727266628366440e-01
5.656942259972411735e-01
6.651088193171882379e-01
7.558616851379128532e-01
8.845079553005712469e-01
1.005771557753095236e+00
1.126618705633454232e+00
1.294736394707988847e+00
1.438504608785025063e+00
1.562116776891536496e+00
1.797844780929943154e+00
1.988061621794554812e+00
2.143330048603786508e+00
2.271420386264039415e+00
2.559659405809721733e+00
2.774476717694440264e+00
2.930490506544006113e+00
3.047330577827823905e+00
3.136604923120927868e+00
3.205589340314749958e+00
3.259046287175163759e+00
3.260434875293114043e+00
3.260434875293114043e+00
3.260434875293114043e+00
3.260434875293114487e+00
3.260434875293114043e+00
3.260434875293114043e+00
3.260434875293114043e+00
3.260434875293114487e+00
3.260434875293114043e+00
3.260434875293114043e+00
3.260434875293114043e+00
3.245177247862162773e+00
3.191253249643781320e+00
3.123262109570930978e+00
3.037340057035958107e+00
2.927780173364674887e+00
2.785859683927849773e+00
2.597621487606998514e+00
2.339338178473755470e+00
2.191178173838725485e+00
2.063224256700022075e+00
1.911559618732738608e+00
1.730180486365227921e+00
1.540268387242007098e+00
1.430214927888640686e+00
1.305100940392705411e+00
1.162239262380351024e+00
1.042952325698777827e+00
9.429892144560569900e-01
8.319382330192921504e-01
7.326401408951017658e-01
6.523520114243103185e-01
5.650759211941523974e-01
4.977199003561301183e-01
4.372696355733921014e-01
3.762258864164071404e-01
3.292616585716847677e-01
2.791493946577475183e-01
2.395680131111975475e-01
2.010719330476017364e-01
1.711545954592037788e-01
1.451991456470017872e-01
1.212274866772459908e-01
9.931226347793030429e-02
8.066677628141828704e-02
6.455566381596967995e-02
5.256331706836731704e-02
4.355347613828804143e-02
3.568422155212510466e-02
2.854919509279230105e-02
2.410552952016774969e-02
2.063327105186745988e-02
1.706419851151183206e-02
1.344787536935062450e-02
1.038950452160602132e-02
8.193854051218675549e-03
6.485187632046526991e-03
5.770196361606013367e-03
4.930953394633077157e-03
4.452022354835654706e-03
