-5.108950963814734791e+00
-4.984093005187153480e+00
-4.874340773035806151e+00
-4.719838723176813744e+00
-4.538875710893234938e+00
-4.372925752062307936e+00
-4.203554093076412812e+00
-4.050770872662508459e+00
-3.830785608065757852e+00
-3.640756992947201898e+00
-3.434583300866370870e+00
-3.251365009800706751e+00
-3.070170728437592533e+00
-2.912469291928652559e+00
-2.728752831623029174e+00
-2.556648898943502779e+00
-2.379204719184962347e+00
-2.218770478011650393e+00
-2.059630147891997609e+00
-1.907328017770729467e+00
-1.763624051985832608e+00
-1.601727082115006251e+00
-1.473819344180341329e+00
-1.316646239773560545e+00
-1.188167502349696480e+00
-1.074701617516090835e+00
-9.356153502513575582e-01
-8.303183605855672944e-01
-7.478806587152679874e-01
-6.073338648870638679e-01
-5.067623638398965902e-01
-4.315617514254159737e-01
-3.735171118396096723e-01
-2.540482634377596582e-01
-1.734603092558337778e-01
-1.187526510778833533e-01
-7.965648146641823857e-02
-5.078148818303507284e-02
-2.902651347047457975e-02
-1.248786584117045351e-02
-1.206188466127455783e-02
-1.206188466127455783e-02
-1.206188466127455783e-02
-1.206188466127455783e-02
-1.206188466127500192e-02
-1.206188466127500192e-02
-1.206188466127455783e-02
-1.206188466127455783e-02
-1.206188466127455783e-02
-1.206188466127500192e-02
-1.206188466127455783e-02
-1.675249797076094893e-02
-3.350876060130580925e-02
-5.504446491620029747e-02
-8.294031731199913438e-02
-1.196779525945932399e-01
-1.693659590896081646e-01
-2.393262546001340141e-01
-3.440544088187609262e-01
-4.094830903810131595e-01
-4.696525361224925810e-01
-5.460030053026616592e-01
-6.456967380257245814e-01
-7.619657898015690378e-01
-8.360977362715895644e-01
-9.276420817291270993e-01
-1.043573925575424166e+00
-1.151867002320360100e+00
-1.252622902366843594e+00
-1.377919548548730333e+00
-1.505023106234298247e+00
-1.621093436396130461e+00
-1.764717651540520293e+00
-1.891640277747816068e+00
-2.021127727592411105e+00
-2.171488022704008536e+00
-2.304824997976882894e+00
-2.469930644220175164e+00
-2.622840391330708787e+00
-2.798015027559071832e+00
-2.959110532361464152e+00
-3.123571529055003015e+00
-3.304008911765759393e+00
-3.503408684754629743e+00
-3.711350951106361151e+00
-3.934149890928706927e+00
-4.139659265140823052e+00
-4.327688227862979353e+00
-4.526969129697807404e+00
-4.750049004646921702e+00
-4.919236492604586175e+00
-5.074772874924531330e+00
-5.264695133001582761e+00
-5.502856618988566595e+00
-5.760881631487665189e+00
-5.998293380153316257e+00
-6.232156996867017185e+00
-6.348971636039442146e+00
-6.506145391761390506e+00
-6.608319292752069529e+00
