1.488261338691074156e-03
1.616421316682797437e-03
1.850231229115599247e-03
2.730241106568555634e-03
3.743096804316328394e-03
4.908792471815020576e-03
6.537154484014142883e-03
8.461163746803871191e-03
1.059546285655186583e-02
1.325005705129174427e-02
1.652079051707296478e-02
2.203553905308774236e-02
2.902997689704605797e-02
3.758129478169772858e-02
4.893684896292805481e-02
6.087333802284325412e-02
7.268870506592285674e-02
9.106445954041064716e-02
1.121441154890906455e-01
1.351273000391333967e-01
1.669985103694251183e-01
2.072157477264660597e-01
2.534002499732876390e-01
3.028986873102058053e-01
3.685536207627266858e-01
4.375625194821259334e-01
5.111154066078753555e-01
5.896618275560197020e-01
6.937710771590291925e-01
8.040426683367820626e-01
9.526877359805528966e-01
1.099436419413399868e+00
1.295021300742083215e+00
1.490605560356817794e+00
1.704561082395003480e+00
1.943319135446558432e+00
2.171297587164156884e+00
2.453484039233151837e+00
2.755426624222900855e+00
3.036921623569924567e+00
3.359536314561428316e+00
3.748818592725068122e+00
4.106738998369660720e+00
4.435797862625069143e+00
4.836117523704793086e+00
5.292000589112650921e+00
5.684011484878488396e+00
6.023053343584170882e+00
6.317572508680899368e+00
6.587834165235102901e+00
6.869907583965542130e+00
7.114977000026757814e+00
7.327705991207478675e+00
7.511809026068406503e+00
7.670242091032390519e+00
7.805342907959393450e+00
7.918934352268110821e+00
8.012400369261239774e+00
8.086740780599981804e+00
8.142609360725579393e+00
8.179114606203345517e+00
8.179114606203343740e+00
8.179114606203343740e+00
8.179114606203345517e+00
8.145621128832729596e+00
8.086624412855993427e+00
8.004645242650168413e+00
7.897475296082170360e+00
7.762338813095970735e+00
7.595777912615563565e+00
7.393500093736497192e+00
7.150174433633369908e+00
6.859156795008417795e+00
6.514263549807582265e+00
6.188328284959310643e+00
5.802446020814569394e+00
5.344761093318535217e+00
4.800062180242861132e+00
4.353068609822612345e+00
3.956803908101136358e+00
3.527942674384046740e+00
3.117369035625379148e+00
2.814894990421567655e+00
2.498480659393797598e+00
2.197957440433143894e+00
1.974639191892527235e+00
1.750944170018297941e+00
1.546294267053189841e+00
1.380881445636272131e+00
1.220418641089828560e+00
1.079598304961358002e+00
9.746192642509643456e-01
8.755717391668956795e-01
7.826211278840781160e-01
7.225397085978172429e-01
6.672423592935087244e-01
6.159239139915431149e-01
5.684986898242910813e-01
5.381978560801435885e-01
5.114104197856834677e-01
