-8.551367056011390133e+00
-8.468760965954263753e+00
-8.333664987850845307e+00
-7.944585685120281404e+00
-7.629062316492410289e+00
-7.357947628702248721e+00
-7.071473631241047997e+00
-6.813488884960115399e+00
-6.588549730756538381e+00
-6.364973749660945757e+00
-6.144355988770758614e+00
-5.856319046353167579e+00
-5.580646625635864666e+00
-5.322469160439929681e+00
-5.058444937618773452e+00
-4.840180328284514388e+00
-4.662789598977388650e+00
-4.437408005486048523e+00
-4.229190818255807116e+00
-4.042758310461064042e+00
-3.830990715408364888e+00
-3.615215097803634592e+00
-3.414005353478160476e+00
-3.235577223557803084e+00
-3.039389395908712821e+00
-2.867756010580146953e+00
-2.712380198503323570e+00
-2.569426408902677039e+00
-2.406833561752146355e+00
-2.259323270000350714e+00
-2.089688422119893474e+00
-1.946422626337183992e+00
-1.782693185393926516e+00
-1.642037875120166301e+00
-1.507912680945215911e+00
-1.376822923137202892e+00
-1.265895373582864636e+00
-1.143711257638397427e+00
-1.027648043716116177e+00
-9.303759503170772049e-01
-8.294173660262473824e-01
-7.197795804534377062e-01
-6.285910463381201296e-01
-5.515128278973331355e-01
-4.651080945610215345e-01
-3.750239712855720775e-01
-3.035630980641075283e-01
-2.456259981903916589e-01
-1.978852912126196628e-01
-1.559956891083227326e-01
-1.140696748315019882e-01
-7.901832992645463349e-02
-4.955782357987859044e-02
-2.474400979168933645e-02
-3.872150610607860699e-03
1.358815853849248967e-02
2.803631643253456929e-02
3.977005889626861190e-02
4.900545090081420696e-02
5.589036007203773693e-02
6.036357704632333565e-02
6.036357704632377974e-02
6.036357704632377974e-02
6.036357704632377974e-02
5.626016919813059403e-02
4.899106085364701713e-02
3.880169963639179542e-02
2.532279676147153324e-02
8.063353365812542251e-03
-1.362777374939971864e-02
-4.061908035000216799e-02
-7.408357613894756000e-02
-1.156358108561876818e-01
-1.672261638422178898e-01
-2.185553456879985035e-01
-2.829407724827577297e-01
-3.651034826091699159e-01
-4.725914568124354176e-01
-5.703393049106764146e-01
-6.657837233827494927e-01
-7.805054396044619480e-01
-9.042309405924968679e-01
-1.006295371544040140e+00
-1.125537517974489532e+00
-1.253691835925933251e+00
-1.360834634845327518e+00
-1.481065160691149352e+00
-1.605359055892847220e+00
-1.718498304868958382e+00
-1.842026380542145958e+00
-1.964631296760886325e+00
-2.066928711312345790e+00
-2.174098518676834679e+00
-2.286326901389142741e+00
-2.366203229368454064e+00
-2.445822270662782127e+00
-2.525852168184510305e+00
-2.605976599272501470e+00
-2.660749353057194622e+00
-2.711803170171365629e+00
