9.998850409541599760e+00
9.998850409541599760e+00
9.661390675051498178e+00
9.216553703044175094e+00
8.804215539897418452e+00
8.421098665033532882e+00
8.064350630487240323e+00
7.731477292778262900e+00
7.420288247973385154e+00
7.126169914894367352e+00
6.820432934043549444e+00
6.503360691156595763e+00
6.174453569844669865e+00
5.833184301925642856e+00
5.478996046317208268e+00
5.111300306089690437e+00
4.805412112749400499e+00
4.574656357973548637e+00
4.338722503809192332e+00
4.097537754235608176e+00
3.851030574099118642e+00
3.599130845106841559e+00
3.368818486689067360e+00
3.179104585529201721e+00
2.988086465250317403e+00
2.795832534048136253e+00
2.602413191273077686e+00
2.407900747487016879e+00
2.260173569805383309e+00
2.130205748200738824e+00
2.000300140079729783e+00
1.870512102472595917e+00
1.740896873992369143e+00
1.624128241511522797e+00
1.527859198012659014e+00
1.432802921982885502e+00
1.338976810743800483e+00
1.246396859527813206e+00
1.157995745219210004e+00
1.078472608569595925e+00
1.000909874121152621e+00
9.252685499259866164e-01
8.515100145263022613e-01
7.868835219313700113e-01
7.374415489504468901e-01
6.897664854128366940e-01
6.437853330329249557e-01
5.994288114168954129e-01
5.570595920908790744e-01
5.171066692761214778e-01
4.792074617322695240e-01
4.432234741747255735e-01
4.090282770177642302e-01
3.791450388333112431e-01
3.516710629769587149e-01
3.255929564563689871e-01
3.008181600464560623e-01
2.772620394603160232e-01
2.579778167435627378e-01
2.398895587995281964e-01
2.228211551582330030e-01
2.066961449873266909e-01
1.916947479563759493e-01
1.789303931063359610e-01
1.669476375454959360e-01
1.556820935024489372e-01
1.450762256903093128e-01
1.351609080269604024e-01
1.261273779370021275e-01
1.176696250129012078e-01
1.097380841039077848e-01
1.022886974909166524e-01
9.524433735166357162e-02
8.842687934453641319e-02
8.206925874336204463e-02
7.612934930684282786e-02
7.057000005951623300e-02
6.535832081791127790e-02
6.104467303048319998e-02
5.714055494953065861e-02
5.348075364362740031e-02
5.004473098756434535e-02
4.681417466701526947e-02
4.381126678470508712e-02
4.125621156989994764e-02
3.887630675665405128e-02
3.665524696077533673e-02
3.457868123189228315e-02
3.263392836210419340e-02
3.080974056137562866e-02
2.934351857734946237e-02
2.793860753620561535e-02
2.658295451971299725e-02
2.527468343929472130e-02
2.401200001729327307e-02
2.279318746848758501e-02
2.174405436013589904e-02
2.174405436013590251e-02
2.174405436013589904e-02
2.174405436013590251e-02
