9.057627393199263466e-02
9.066635175783610556e-02
9.073593797530254967e-02
9.078109832346203945e-02
9.079732570380505408e-02
9.077944931860471023e-02
9.072152480518536066e-02
9.061670021540435549e-02
9.045705104074519554e-02
9.023337522811103462e-02
8.993493601191726583e-02
8.954913602034975106e-02
8.906109991627264577e-02
8.845313391194609132e-02
8.770401745046640940e-02
8.678806293847562969e-02
8.567384999444560556e-02
8.432249515098555470e-02
8.268524587855541341e-02
8.171380268274330838e-02
8.121208429885928837e-02
8.053857921914953089e-02
7.960256787653552379e-02
7.823558267447094927e-02
7.608530097749111043e-02
7.216692365683929911e-02
6.645531962463779863e-02
5.964872170994800493e-02
5.149130511899846496e-02
4.429940357316358712e-02
3.943079357390893991e-02
3.322682590882611309e-02
2.229643182216577146e-02
4.156978500083757799e-03
-1.719778800488339088e-02
-3.701736379086284501e-02
-5.658111135890364629e-02
-7.752315415208033134e-02
-9.833775942060878072e-02
-1.192019226408485982e-01
-1.469853461318678389e-01
-1.764206155455690650e-01
-2.028433177718757807e-01
-2.368279634663825739e-01
-2.636571845053391483e-01
-2.836317851346286112e-01
-2.961876501068576584e-01
-3.008705367057444846e-01
-3.050534813222842145e-01
-3.085849571099194000e-01
-3.113349552871944592e-01
-3.132079737038610534e-01
-3.141525581607264028e-01
-3.141655262145888194e-01
-3.132901628789527271e-01
-3.116090364002730984e-01
-3.092331667471051038e-01
-3.062897653127797937e-01
-3.029106056241486211e-01
-2.992224781640053233e-01
-2.953404227148604400e-01
-2.843001187367940052e-01
-2.696447984712403989e-01
-2.518496958868995383e-01
-2.301029090541526489e-01
-2.047837903926867653e-01
-1.868414616901717396e-01
-1.678940252113778620e-01
-1.479877645683192466e-01
-1.271689862924006709e-01
-1.137700296051847165e-01
-1.006718287124947625e-01
-8.783192797385852568e-02
-7.529029804121716019e-02
-6.273589501282139658e-02
-5.086639764497345728e-02
-3.972489142934308715e-02
-2.927638267347323908e-02
-1.781133211242603293e-02
-5.686574403073255124e-03
5.225974600971763223e-03
1.507585074010495824e-02
2.399021784985257144e-02
3.036582830875607375e-02
3.404293101959526835e-02
3.722096443904585050e-02
3.998913926407710040e-02
4.241679807410875247e-02
4.455864616730359495e-02
4.708103941951458093e-02
5.139624886358251654e-02
5.529806945731730039e-02
5.883603906599682576e-02
6.205233504564355851e-02
6.498308573143557476e-02
6.765941159962196583e-02
7.010825886883687019e-02
7.235307219566966541e-02
7.427990820357410762e-02
7.565434045797014839e-02
