4.584904129540379181e-03
4.442999598228802860e-03
4.304969405284353456e-03
4.169922141990189957e-03
4.036306312684811992e-03
3.901739302263118603e-03
3.762815607502134618e-03
3.614898166712121608e-03
3.451899881779518786e-03
3.266066893803376558e-03
3.047781197844101619e-03
2.785408224854513115e-03
2.465225709075258287e-03
2.071484391328870522e-03
1.586670211973228994e-03
9.920636867011278781e-04
2.687284792539657019e-04
-6.008865873809998703e-04
-1.630469925079092164e-03
-3.839842585165342825e-03
-7.106085199295231192e-03
-1.086488580611444377e-02
-1.510534680136466079e-02
-1.973958619356408484e-02
-2.449431736021190353e-02
-2.845947717031915847e-02
-3.167723464982552528e-02
-3.490225607589675372e-02
-3.792068819380012279e-02
-4.307278186969515366e-02
-5.171878250770395313e-02
-6.017807782575670950e-02
-6.501084037924896586e-02
-6.365732855936942491e-02
-6.000523325614945391e-02
-5.867051179394255911e-02
-5.821229628765856035e-02
-5.681056610993551192e-02
-5.576425813386216845e-02
-5.467293983147904213e-02
-4.643165414875252694e-02
-3.606591631226421790e-02
-2.799690373502852769e-02
-1.141077727469563818e-02
-7.944933344340432413e-04
4.369607179524281904e-03
3.716534657592474034e-03
-3.030198318730192852e-03
-8.344246950202249824e-03
-1.225077881201952490e-02
-1.478232748731267421e-02
-1.596718870429519876e-02
-1.582073491273561228e-02
-1.434153982110197845e-02
-1.151304141152686977e-02
-7.310108105526624822e-03
-1.708782839347833260e-03
5.303010585274881006e-03
1.371585817615295078e-02
2.349179516917548893e-02
3.456048108718162704e-02
3.975497441957404066e-02
4.240243989137509883e-02
4.275274965467079635e-02
3.976378029223703869e-02
3.358441843476397959e-02
3.493774486566542103e-02
3.522481979340730263e-02
3.428819991368864395e-02
3.198767112797570866e-02
3.648956601857826498e-02
4.053191430938647699e-02
4.395422563663398119e-02
4.670419682743869039e-02
4.840428076322722539e-02
4.971059840529078178e-02
5.064805605405740818e-02
5.118468156970748528e-02
4.963252438134403005e-02
4.638565162235182282e-02
4.336580537790088452e-02
4.048284169199291987e-02
3.767567362256561692e-02
3.661767489105731410e-02
3.754044845768406136e-02
3.831616120712780238e-02
3.892535347605441398e-02
3.936532855374391682e-02
3.964400452795663332e-02
3.915300846058278328e-02
3.653305274029616800e-02
3.403818320887275206e-02
3.166159056852996256e-02
2.939887780587924215e-02
2.724701041581750749e-02
2.520360346699790366e-02
2.326645654594727830e-02
2.143326863553729478e-02
1.983591447984189848e-02
1.872391921975657958e-02
