1.094805009539939755e+00
1.094903631636687136e+00
1.094979824489858311e+00
1.095029275276559133e+00
1.095047044877272224e+00
1.095027469569453960e+00
1.094964042473107968e+00
1.094849269332159425e+00
1.094674491501873792e+00
1.094429666677133817e+00
1.094103094678601007e+00
1.093681071127475812e+00
1.093147445503296789e+00
1.092483051003813266e+00
1.091664960427235709e+00
1.090665502779897489e+00
1.089450945922231906e+00
1.087979705417632115e+00
1.086199868852163020e+00
1.085145199738782651e+00
1.084600898997152063e+00
1.083870660719417955e+00
1.082856620137836234e+00
1.081377382440519286e+00
1.079054614645051924e+00
1.074834744436353295e+00
1.068713212500913112e+00
1.061463611924727379e+00
1.052840031933544029e+00
1.045295273181480189e+00
1.040218506588627134e+00
1.033785001871780906e+00
1.022546854975818320e+00
1.004165630720085245e+00
9.829492498360813402e-01
9.636594024234537148e-01
9.449898319770720923e-01
9.254055971666403924e-01
9.063427262555714403e-01
8.876285503642201702e-01
8.633066281051142710e-01
8.382653217491611297e-01
8.164061477393073085e-01
7.891270350202417294e-01
7.682368580178182693e-01
7.530438756120708677e-01
7.436478693243437910e-01
7.401735918555676363e-01
7.370839531130390920e-01
7.344855497788562726e-01
7.324684905814533575e-01
7.310978476294194284e-01
7.304075900207280814e-01
7.303981181171753656e-01
7.310377617696489638e-01
7.322677623114300927e-01
7.340096034402827652e-01
7.361732710689604664e-01
7.386651259269985115e-01
7.413944470100476414e-01
7.442781751377085531e-01
7.525407592296138315e-01
7.636506960630478069e-01
7.773615699298982440e-01
7.944518420088276800e-01
8.148234700301607569e-01
8.295752454178024760e-01
8.454434256257070679e-01
8.624416672235873937e-01
8.805848532538009810e-01
8.924631723927561877e-01
9.042297264335737994e-01
9.159148034443631570e-01
9.274742032997786989e-01
9.391914860924280850e-01
9.504056384821611969e-01
9.610537969235076750e-01
9.711480188856621565e-01
9.823463520869243348e-01
9.943295635567540591e-01
1.005239653824947954e+00
1.015190064613176846e+00
1.024280298177944637e+00
1.030831572354378389e+00
1.034629023453563113e+00
1.037922339429102170e+00
1.040799470282808503e+00
1.043329245759737178e+00
1.045566293368212385e+00
1.048206951720656699e+00
1.052739957658974657e+00
1.056855584102195378e+00
1.060601329298650697e+00
1.064018028703006991e+00
1.067140974322505542e+00
1.070000816544925293e+00
1.072624296061852833e+00
1.075034841976868716e+00
1.077108254741832916e+00
1.078589684898111356e+00
