5.031100753218442634e-03
4.875479251378100898e-03
4.724015719651752931e-03
4.575720389674797772e-03
4.428877440057599202e-03
4.280857679578309316e-03
4.127909198738510810e-03
3.964930709271508036e-03
3.785236117238799380e-03
3.580324108283239326e-03
3.339673552417599112e-03
3.050594854549171231e-03
2.698179630882702185e-03
2.265407155646714799e-03
1.733487146699630443e-03
1.082546528409444875e-03
2.928058367912544924e-04
-6.535560361351500092e-04
-1.769573208815433674e-03
-4.158797076077247468e-03
-7.679946899533662830e-03
-1.171238885734404711e-02
-1.623400596137170027e-02
-2.113664144846882920e-02
-2.610963196761550975e-02
-3.015805809297322782e-02
-3.332329777673104232e-02
-3.640841106860204235e-02
-3.917691623830354963e-02
-4.406789886991968608e-02
-5.243130647556859536e-02
-6.037630969623108967e-02
-6.436185454418208440e-02
-6.193042696709516459e-02
-5.724735247504020297e-02
-5.491178829837051190e-02
-5.343951961755422086e-02
-5.110735229303564608e-02
-4.915815757830155341e-02
-4.722649344995755172e-02
-3.916839150628192989e-02
-2.969411554908507611e-02
-2.253984907597750276e-02
-8.953373216000093393e-03
-6.101166640571920041e-04
3.297705517172122569e-03
2.768935314229614697e-03
-2.239478028737806881e-03
-6.124821478906361527e-03
-8.943128019716861665e-03
-1.074795350066193311e-02
-1.158087424681819577e-02
-1.146465608907487610e-02
-1.040027743976879027e-02
-8.368203852232247719e-03
-5.333438747251784129e-03
-1.253191992852342729e-03
3.914304274433733077e-03
1.020122546296020616e-02
1.762287249863792038e-02
2.617226989483079080e-02
3.051987760000518524e-02
3.307696904077983557e-02
3.395500781542426516e-02
3.222689385549948327e-02
2.783008520379581796e-02
2.949574542443456071e-02
3.031131349647975259e-02
3.008439475821267362e-02
2.862321305829373941e-02
3.316703923635611062e-02
3.740304994567045238e-02
4.115619441780338228e-02
4.434441248161369309e-02
4.657910838686607491e-02
4.843922995683835886e-02
4.992924327557657360e-02
5.100202899936256973e-02
4.998654761071474883e-02
4.720907212350133886e-02
4.455206343564910298e-02
4.194099623148539457e-02
3.932662703534095527e-02
3.844626601187850490e-02
3.957869039150474499e-02
4.054092619133853326e-02
4.131231941745916458e-02
4.189009791298214935e-02
4.228303152663115405e-02
4.185447329658642523e-02
3.917096528936969690e-02
3.659268531116199874e-02
3.411758345600701681e-02
3.174528751784899683e-02
2.947614610518201061e-02
2.731059329685825432e-02
2.524875209339638715e-02
2.329021165109557145e-02
2.157873668182164195e-02
2.038568047560174179e-02
