1.069069118780757721e-02
9.811880957425134220e-03
9.246640446661513746e-03
8.838492457829749682e-03
8.503055220608457532e-03
8.292910184734103574e-03
8.184258377954889419e-03
8.193921642982604503e-03
8.299573304159868492e-03
8.527674398810081158e-03
8.839174242817660065e-03
9.032329008120343339e-03
8.832806564486261891e-03
8.243237565715100246e-03
7.689371456721105780e-03
7.676952871958686586e-03
8.322928632881421152e-03
9.286599751001434200e-03
1.011935924391504926e-02
1.068039067637260864e-02
1.117975532593207255e-02
1.183477850742775672e-02
1.261091783518542009e-02
1.326816515930584472e-02
1.358866246013379353e-02
1.355094776324738959e-02
1.325805185263528863e-02
1.281578946232686533e-02
1.219613289912446774e-02
1.122516941528317602e-02
9.680578617502044736e-03
7.503298207841346823e-03
4.941247201119214338e-03
2.514983986449115250e-03
8.106318088831887536e-04
3.688035908486764214e-04
1.585306176984158100e-03
4.509860457858172467e-03
8.463542670788415379e-03
1.223392864762051779e-02
1.506011737517010118e-02
1.692741156288679605e-02
1.829314828470418597e-02
1.946246451918276499e-02
2.081751976101386958e-02
2.232639287888227297e-02
2.357245037895439044e-02
2.414018916990856578e-02
2.346570913504797407e-02
2.097679412719977154e-02
1.688654733225081195e-02
1.283990284552283256e-02
1.058805077246449677e-02
1.020271014022944289e-02
1.016260366731813747e-02
9.395852077778266143e-03
7.980828051187938144e-03
6.492020110614116213e-03
5.699560512842261062e-03
5.700421682592216044e-03
6.529769322123568642e-03
8.031539953602839788e-03
9.803543821766069755e-03
1.129724395982800722e-02
1.215781922813796712e-02
1.216235465297121898e-02
1.124832327177949232e-02
9.914307871404570704e-03
8.750686879990032807e-03
8.166865570051529133e-03
8.225885932070520212e-03
8.687987797330931627e-03
9.185297823179450205e-03
9.388316754363801309e-03
9.125360362068457576e-03
8.463356965573654023e-03
7.549171012761535238e-03
6.455627608302982878e-03
5.201382465851889236e-03
3.854372588444121561e-03
2.554707889359963957e-03
1.457046652805438214e-03
6.749762804401093774e-04
2.228268770454455705e-04
2.097615812424180604e-05
-2.918454130629299925e-05
1.389050402034186504e-05
1.348383248114259914e-04
3.251220229163465092e-04
5.596955783127022244e-04
7.865155677189150651e-04
9.906581448451134975e-04
1.132900867016672919e-03
1.233459408942039204e-03
1.261061914361150116e-03
1.237174730493784125e-03
1.124357437353840083e-03
9.086682895906861290e-04
5.864631818668364360e-04
1.385848553177027043e-04
