3.279692076002791890e+00
3.435677095270198933e+00
3.505529133248835194e+00
3.502959028662555596e+00
3.444711817037043211e+00
3.351113465253155788e+00
3.240125694145701729e+00
3.125825535917635900e+00
3.015875588871379520e+00
2.913524253169743616e+00
2.818455701029328964e+00
2.728967122111542132e+00
2.643719904030854551e+00
2.563316860098562078e+00
2.489752451849478021e+00
2.424253728553087406e+00
2.365576568092810028e+00
2.310682206532422178e+00
2.256878336085042402e+00
2.203277478119133548e+00
2.150450216667263881e+00
2.098638418792194926e+00
2.046555560989224976e+00
1.991755328720808738e+00
1.932248730338413267e+00
1.867817563448204154e+00
1.799735364414474015e+00
1.729791295234855086e+00
1.659122517620457593e+00
1.587958377773707408e+00
1.515961391170184580e+00
1.443007171210856754e+00
1.369788270679801023e+00
1.297711871361271196e+00
1.228239156144180999e+00
1.162045291754584486e+00
1.098602873860105689e+00
1.036495603902678919e+00
9.741112370265594400e-01
9.103066071855208108e-01
8.446886581414729811e-01
7.774094469525825168e-01
7.087714714366120106e-01
6.388266731192722148e-01
5.672325844630692337e-01
4.934506501583548754e-01
4.169956120905946584e-01
3.376861765448140318e-01
2.557416895019528624e-01
1.717289775058863377e-01
8.641757777178993294e-02
6.463281468502835025e-04
-8.483956035073747515e-02
-1.694000391369150371e-01
-2.525781744032560283e-01
-3.340517773935407497e-01
-4.136633952081743004e-01
-4.914122915802026093e-01
-5.673634940188834186e-01
-6.416685647480635524e-01
-7.144237814891511995e-01
-7.857439820491447513e-01
-8.557759324816851532e-01
-9.246989420739066823e-01
-9.926787379604022910e-01
-1.059788610068197467e+00
-1.125968963903355213e+00
-1.191116243914072115e+00
-1.255249636490642029e+00
-1.318672919687461143e+00
-1.382034872219338517e+00
-1.446237274810262985e+00
-1.512209281888109658e+00
-1.580635600019155707e+00
-1.651796785013393887e+00
-1.725496618349310562e+00
-1.801351266141797858e+00
-1.879090990286403251e+00
-1.958617763465290817e+00
-2.040062272126590859e+00
-2.123485511146550486e+00
-2.208870047559186034e+00
-2.296095122011873713e+00
-2.384999426154607249e+00
-2.475366926155878389e+00
-2.566770799694592320e+00
-2.658414847575908180e+00
-2.749046620359208326e+00
-2.836951192423838641e+00
-2.919990190637577587e+00
-2.995604392851942244e+00
-3.060752829231537131e+00
-3.112726979476837741e+00
-3.148314396162106288e+00
-3.165125327935498944e+00
-3.160656414312045026e+00
-3.133660136360841619e+00
-3.082627392158276969e+00
-3.007054813337210586e+00
-2.906839233631735020e+00
