1.012324387281851701e+00
1.012921968328128974e+00
1.013828291125784542e+00
1.015495684447093927e+00
1.016544226629274572e+00
1.017263865345609863e+00
1.017246478506342200e+00
1.013088311883001191e+00
1.008612300429913233e+00
1.003785921473707043e+00
9.985721995202275769e-01
1.001348059187556760e+00
1.004341770953790736e+00
1.007353884177871750e+00
1.010381129775556275e+00
1.010549673402811655e+00
1.009803314954913267e+00
1.009033030146357923e+00
1.008238656976808478e+00
1.006205634930333881e+00
1.002200018525594372e+00
9.981255698749632588e-01
9.939865062110041505e-01
9.897876346043422702e-01
9.948861413370921891e-01
1.003449033360971132e+00
1.012013500531936394e+00
1.020563830330873278e+00
1.029083476490216809e+00
1.031588055552317584e+00
1.029918832064745882e+00
1.028306752335254037e+00
1.026752820927397947e+00
1.025257982333509954e+00
1.023823122519844198e+00
1.020332192055292797e+00
1.015507085719124181e+00
1.011172492313236360e+00
1.007273236354288448e+00
1.003762908399532083e+00
1.000602262490849048e+00
9.977579596903879411e-01
9.952015743856273966e-01
9.917855218331810274e-01
9.863845366512502544e-01
9.817073414773791473e-01
9.776665762265421833e-01
9.741917759721546721e-01
9.712259476297966376e-01
9.687230121689527351e-01
9.666458797860845165e-01
9.649649968198772410e-01
9.636572514718877436e-01
9.627051587925232745e-01
9.620962690612595569e-01
9.618227609665050970e-01
9.618811940978273523e-01
9.622724057427096689e-01
9.630015459671201761e-01
9.640782533671266030e-01
9.655169825369592784e-01
9.673375040757474785e-01
9.695656098858126404e-01
9.722340719680087062e-01
9.753839238319843563e-01
9.790661628864184562e-01
9.833440141640343857e-01
9.882959574166053640e-01
9.937394256012279659e-01
9.961423696808924255e-01
9.988235188543085341e-01
1.001810436326721510e+00
1.005135602568445030e+00
1.008837435281926265e+00
1.012961586875005926e+00
1.017562610088331265e+00
1.022706118145526144e+00
1.024493369343083327e+00
1.025986442346453975e+00
1.027545434523781331e+00
1.029170218332482234e+00
1.030860670045640193e+00
1.032478429226683092e+00
1.023675172730658556e+00
1.014798753209821491e+00
1.005864871222167167e+00
9.968884896923457806e-01
9.890221142747470662e-01
9.934755017848800884e-01
9.978865552596445365e-01
1.002250141137897010e+00
1.006561699638576446e+00
1.008378972652833383e+00
1.009241074740234279e+00
1.010080856883148970e+00
1.010898381299181414e+00
1.008567057345910900e+00
1.005154303783422076e+00
1.001729339348031100e+00
9.987204637437689936e-01
