-2.339437355184603717e-03
-2.942253631222691013e-03
-3.855490570380704085e-03
-5.531964752430340582e-03
-6.592367131767806754e-03
-7.327409440844201427e-03
-7.329915842817946725e-03
-3.197295615533946034e-03
1.246096108330263519e-03
6.031061511737600966e-03
1.119250780967095960e-02
8.351043698626048339e-03
5.275480925266862187e-03
2.161848037125491118e-03
-9.905640358758294184e-04
-1.312502828174855196e-03
-7.529942316559790072e-04
-2.089134051392882441e-04
3.133148653728934363e-04
2.020983378564489286e-03
5.640120918843471998e-03
9.258462585448934412e-03
1.286280137339212981e-02
1.643899359555833772e-02
1.062035459907106905e-02
1.230449879678463532e-03
-8.276986475492575934e-03
-1.789463954489645126e-02
-2.761331369578479134e-02
-3.145452716249796943e-02
-3.126357339024676829e-02
-3.127312421427452804e-02
-3.148318746183431660e-02
-3.189060247534047932e-02
-3.248871103129380433e-02
-3.115022861813943056e-02
-2.858197320190780655e-02
-2.658968479058199108e-02
-2.509547277955304079e-02
-2.402669738638985031e-02
-2.331476630105866477e-02
-2.289442054312740282e-02
-2.270341343046777816e-02
-2.155922097431639539e-02
-1.830138683507764874e-02
-1.560410947970547468e-02
-1.334710714533593467e-02
-1.142951245587364717e-02
-9.767311258410127373e-03
-8.291559119237290609e-03
-6.947113467743681881e-03
-5.691695763682114162e-03
-4.495152251070555494e-03
-3.338821711182715646e-03
-2.214949012614431112e-03
-1.126107271655518716e-03
-8.461109674084976717e-05
8.880799504100700403e-04
1.761953937056026653e-03
2.499008170066985279e-03
3.053740252009551348e-03
3.373516475864035691e-03
3.398752121819392791e-03
3.062822853288071911e-03
2.291607128323214226e-03
1.002533429850460678e-03
-8.970313916812910904e-04
-3.512272494697432634e-03
-6.684215692950856713e-03
-6.901014271724070781e-03
-7.498061668339328634e-03
-8.516022881810525469e-03
-9.997004401347986402e-03
-1.198575596988649128e-02
-1.453122662055772452e-02
-1.768854612439518803e-02
-2.152153877124107773e-02
-2.212768105581663924e-02
-2.256365310256613910e-02
-2.318290219824947762e-02
-2.397774226396220953e-02
-2.493989523159023669e-02
-2.592252716775655941e-02
-1.656875986767891717e-02
-7.218007008392035573e-03
2.122195153665185074e-03
1.144465153710139127e-02
1.960413966181917544e-02
1.539764272953758617e-02
1.119342163203951301e-02
7.002186166506163545e-03
2.833490283457917869e-03
1.134023228089642288e-03
3.685675317612879809e-04
-3.923288292915216857e-04
-1.145786990371489011e-03
1.237309356150184669e-03
4.691694641502541785e-03
8.149972940265426402e-03
1.118537723163881559e-02
