1.630917067139509569e-01
1.134019481009735653e-01
7.229105384207332174e-02
7.140993047704620456e-02
7.099047410604739095e-02
7.226360438656113938e-02
6.891386263601050055e-02
6.821522904363484796e-02
6.790409915986347911e-02
6.917993259352538116e-02
6.838827807360224609e-02
6.826443289372692569e-02
6.778650569894918709e-02
6.925171960653050962e-02
7.295050976266191645e-02
7.351944784630254359e-02
7.299890861907314121e-02
1.144780862903600066e-01
3.598261252310452907e-01
3.595158814317825913e-01
2.827625293855385857e-01
4.981671473681495432e-01
4.381599868087682759e-01
7.671908669335203435e-01
7.012957175491981721e-01
7.420171756274102082e-01
7.642151911619394777e-01
6.682101104179597462e-01
1.148128568687660112e+00
1.148128568687659889e+00
1.207150508630537633e+00
1.266350311132430573e+00
1.337968867650065619e+00
1.331484078138848171e+00
1.374798987515243098e+00
1.269485442781792317e+00
1.289438118431988300e+00
1.321446099076050595e+00
1.467802653238118538e+00
1.470717902437432834e+00
1.463489589733531160e+00
1.504692247062085819e+00
1.492405826210240871e+00
1.516460083128474690e+00
1.560067246158656440e+00
1.563048146032063324e+00
1.533530283670651251e+00
1.533411966097464774e+00
1.533573460350506901e+00
1.534297815000468024e+00
1.534405367078806481e+00
1.531509865377969737e+00
1.556619668149803015e+00
1.583683454684971847e+00
1.583768971736582154e+00
1.583494628344410238e+00
1.526218283737882375e+00
1.496469408488361186e+00
1.343251084855040300e+00
1.231460505278868744e+00
1.343370049923449772e+00
1.282919606845737803e+00
1.104982841398348681e+00
1.114355189990880124e+00
9.535093938919356749e-01
1.076237778479688378e+00
1.030765112829519881e+00
8.678690165097646680e-01
8.489209256631047307e-01
1.038332413754287087e+00
9.593510872166318704e-01
6.947944341912186683e-01
8.663053879890999509e-01
7.843468986633579387e-01
7.246109195390221247e-01
6.908993586288194599e-01
6.839087668823614630e-01
7.107248938777219749e-01
6.848713319941219790e-01
6.671685760991399317e-01
6.294975130058517720e-01
6.158266106269348894e-01
6.207775822553830425e-01
6.080799706455504161e-01
6.080947934709883818e-01
6.080750694488716857e-01
6.080863917398863228e-01
6.080730008205394999e-01
6.077189052900832111e-01
6.077415013451498149e-01
6.080876283503034996e-01
6.080704585176451848e-01
6.080927689419129978e-01
6.080814587045064723e-01
6.080746462762701698e-01
6.080689400690737489e-01
6.200671863922643245e-01
6.201466989422028675e-01
6.286754917268663201e-01
6.259822379939751213e-01
