-1.555399417755206903e-01
-1.032186642827892936e-01
-5.863575216147157154e-02
-5.320338548106211263e-02
-4.685865538212923009e-02
-4.047333228476470562e-02
-2.730130452097697530e-02
-1.410980740747698470e-02
1.947575041533214368e-03
2.032299370505043223e-02
4.537373091231648725e-02
7.508755445355226599e-02
1.111829009447651978e-01
1.519695805397573984e-01
1.975982515020240360e-01
2.536249165011445483e-01
3.178766352352113689e-01
3.467514938943094260e-01
1.774699378447173181e-01
2.582822036313873193e-01
4.184115317279787361e-01
2.875331716141321103e-01
4.314744506415770231e-01
1.841636821626672083e-01
3.281764406242396737e-01
3.608869887006830313e-01
4.066851221339760070e-01
5.648214240483081516e-01
1.410216706179587831e-01
1.912066342255480667e-01
1.766816026236264214e-01
1.566474306344243228e-01
1.192835134062470992e-01
1.555582050003172512e-01
1.380130539385915345e-01
2.655002099519592207e-01
2.645164777968491698e-01
2.486251131088188515e-01
1.158431959324863758e-01
1.242286250504254230e-01
1.407105650292543864e-01
1.069023414482337397e-01
1.248752269316886210e-01
1.049165011602968267e-01
6.389905116777438998e-02
6.205722213999864678e-02
9.129039794508120309e-02
8.970018757281916777e-02
8.638031617768859860e-02
8.099665834300839862e-02
7.465352261988900118e-02
6.963842718742752069e-02
3.482212952505459036e-02
-3.885252335282363134e-03
-1.771021178117648809e-02
-3.344334139371096803e-02
5.377747291057000112e-03
1.404432041267100750e-02
1.433851323129726740e-01
2.283592907908003067e-01
8.659120052367641485e-02
1.140963766839862004e-01
2.560342836504880815e-01
2.077386040594306760e-01
3.269766602976336145e-01
1.603159089449992525e-01
1.600108442455638880e-01
2.758712053648746387e-01
2.471977267900367092e-01
1.030181075720637551e-02
4.266812951813359067e-02
2.621766454798604151e-01
4.780587212909437334e-02
8.960520881647104918e-02
1.122645443445940971e-01
1.122250288775445970e-01
8.889850334669247012e-02
3.518701444552763125e-02
3.745482733947935738e-02
3.469311266750196854e-02
5.478027740549606950e-02
5.347646800693262037e-02
3.587615808784305749e-02
3.796784547057618919e-02
2.912076966094401254e-02
2.183125116491280160e-02
1.580608918344561520e-02
1.089821443099503462e-02
7.245656610539219500e-03
3.976897325462469546e-03
1.013089904800867913e-03
-1.070933332130041826e-03
-2.772184445615444304e-03
-4.096278942323450245e-03
-5.146664546837542709e-03
-5.973853292056463538e-03
-1.862493191755121291e-02
-1.921334592811896336e-02
-2.813648376048705213e-02
-2.574679626232256879e-02
