0.000000000000000000e+00 1.666666666666666774e-03
3.333333333333333222e-04 1.666666666666666774e-03
3.333333333333333222e-04 2.333333333333333526e-03
3.333333333333333222e-04 5.000000000000000104e-03
6.666666666666666444e-04 7.000000000000000146e-03
6.666666666666666444e-04 7.333333333333333197e-03
6.666666666666666444e-04 9.333333333333334106e-03
6.666666666666666444e-04 9.666666666666667157e-03
1.333333333333333289e-03 1.200000000000000025e-02
1.666666666666666774e-03 1.400000000000000029e-02
2.333333333333333526e-03 1.600000000000000033e-02
2.333333333333333526e-03 1.700000000000000122e-02
2.333333333333333526e-03 1.766666666666666732e-02
2.666666666666666578e-03 2.000000000000000042e-02
2.666666666666666578e-03 2.033333333333333173e-02
3.000000000000000062e-03 2.033333333333333173e-02
3.000000000000000062e-03 2.266666666666666829e-02
3.000000000000000062e-03 2.400000000000000050e-02
3.000000000000000062e-03 2.433333333333333182e-02
3.000000000000000062e-03 2.800000000000000058e-02
3.000000000000000062e-03 3.033333333333333368e-02
3.000000000000000062e-03 3.233333333333333198e-02
3.000000000000000062e-03 3.366666666666666419e-02
3.000000000000000062e-03 3.433333333333333376e-02
3.000000000000000062e-03 3.666666666666666685e-02
3.000000000000000062e-03 4.000000000000000083e-02
3.000000000000000062e-03 4.366666666666666613e-02
4.333333333333333134e-03 4.700000000000000011e-02
4.666666666666667053e-03 4.766666666666666968e-02
4.666666666666667053e-03 4.800000000000000100e-02
5.333333333333333155e-03 5.066666666666666541e-02
5.333333333333333155e-03 5.466666666666666896e-02
5.333333333333333155e-03 5.500000000000000028e-02
5.333333333333333155e-03 5.566666666666666985e-02
5.333333333333333155e-03 5.933333333333333515e-02
6.333333333333333176e-03 6.433333333333333959e-02
6.666666666666667095e-03 6.533333333333332660e-02
6.666666666666667095e-03 6.566666666666666485e-02
6.666666666666667095e-03 6.600000000000000311e-02
8.333333333333333218e-03 6.933333333333333015e-02
8.999999999999999320e-03 7.033333333333333104e-02
9.333333333333334106e-03 7.099999999999999367e-02
1.099999999999999936e-02 7.499999999999999722e-02
1.200000000000000025e-02 7.699999999999999900e-02
1.400000000000000029e-02 7.866666666666666252e-02
1.433333333333333334e-02 7.900000000000000078e-02
1.499999999999999944e-02 7.933333333333333903e-02
1.799999999999999864e-02 8.033333333333333992e-02
1.866666666666666821e-02 8.266666666666666607e-02
1.899999999999999953e-02 8.300000000000000433e-02
2.333333333333333440e-02 8.733333333333333226e-02
2.466666666666666660e-02 9.133333333333333581e-02
2.866666666666666669e-02 9.900000000000000466e-02
3.099999999999999978e-02 1.053333333333333344e-01
3.966666666666666952e-02 1.160000000000000059e-01
4.333333333333333481e-02 1.239999999999999991e-01
4.800000000000000100e-02 1.326666666666666550e-01
5.399999999999999939e-02 1.456666666666666665e-01
5.700000000000000205e-02 1.513333333333333197e-01
6.466666666666666397e-02 1.670000000000000095e-01
6.900000000000000577e-02 1.786666666666666681e-01
7.533333333333333548e-02 1.903333333333333266e-01
8.066666666666666430e-02 2.000000000000000111e-01
9.033333333333333492e-02 2.089999999999999913e-01
9.900000000000000466e-02 2.169999999999999984e-01
1.063333333333333353e-01 2.286666666666666570e-01
1.153333333333333294e-01 2.423333333333333450e-01
1.219999999999999973e-01 2.516666666666666496e-01
1.276666666666666783e-01 2.616666666666666585e-01
1.336666666666666559e-01 2.700000000000000178e-01
1.380000000000000115e-01 2.806666666666666754e-01
1.433333333333333404e-01 2.936666666666666869e-01
1.513333333333333197e-01 3.056666666666666421e-01
1.516666666666666718e-01 3.056666666666666421e-01
1.549999999999999989e-01 3.109999999999999987e-01
1.576666666666666772e-01 3.163333333333333552e-01
1.586666666666666781e-01 3.170000000000000040e-01
1.666666666666666574e-01 3.280000000000000138e-01
1.683333333333333348e-01 3.293333333333333113e-01
1.826666666666666716e-01 3.466666666666666785e-01
1.836666666666666725e-01 3.513333333333333308e-01
1.883333333333333248e-01 3.609999999999999876e-01
1.973333333333333328e-01 3.713333333333333486e-01
2.020000000000000129e-01 3.763333333333333530e-01
2.033333333333333381e-01 3.813333333333333575e-01
2.043333333333333390e-01 3.836666666666666559e-01
2.086666666666666670e-01 3.970000000000000195e-01
2.156666666666666732e-01 4.046666666666666745e-01
2.226666666666666794e-01 4.186666666666666869e-01
2.230000000000000038e-01 4.193333333333333357e-01
2.240000000000000047e-01 4.199999999999999845e-01
2.250000000000000056e-01 4.209999999999999853e-01
2.266666666666666552e-01 4.249999999999999889e-01
2.290000000000000091e-01 4.276666666666666394e-01
2.296666666666666579e-01 4.279999999999999916e-01
2.296666666666666579e-01 4.286666666666666403e-01
2.323333333333333361e-01 4.323333333333333472e-01
2.389999999999999902e-01 4.396666666666666501e-01
2.406666666666666676e-01 4.400000000000000022e-01
2.426666666666666694e-01 4.410000000000000031e-01
2.446666666666666712e-01 4.423333333333333561e-01
2.449999999999999956e-01 4.433333333333333570e-01
2.463333333333333208e-01 4.436666666666666536e-01
2.473333333333333217e-01 4.460000000000000075e-01
2.496666666666666756e-01 4.486666666666666581e-01
2.503333333333333521e-01 4.490000000000000102e-01
2.516666666666666496e-01 4.500000000000000111e-01
2.523333333333333539e-01 4.510000000000000120e-01
2.560000000000000053e-01 4.546666666666666634e-01
2.620000000000000107e-01 4.593333333333333157e-01
2.633333333333333082e-01 4.640000000000000235e-01
2.640000000000000124e-01 4.660000000000000253e-01
2.643333333333333091e-01 4.663333333333333219e-01
2.660000000000000142e-01 4.663333333333333219e-01
2.666666666666666630e-01 4.673333333333333228e-01
2.676666666666666639e-01 4.693333333333333246e-01
2.700000000000000178e-01 4.699999999999999734e-01
2.713333333333333153e-01 4.709999999999999742e-01
2.726666666666666683e-01 4.733333333333333282e-01
2.733333333333333171e-01 4.743333333333333290e-01
2.756666666666666710e-01 4.773333333333333317e-01
2.770000000000000240e-01 4.779999999999999805e-01
2.773333333333333206e-01 4.779999999999999805e-01
2.786666666666666736e-01 4.823333333333333361e-01
2.786666666666666736e-01 4.829999999999999849e-01
2.803333333333333233e-01 4.843333333333333379e-01
2.819999999999999729e-01 4.859999999999999876e-01
2.836666666666666781e-01 4.879999999999999893e-01
2.856666666666666798e-01 4.909999999999999920e-01
2.869999999999999774e-01 4.923333333333333450e-01
2.876666666666666816e-01 4.929999999999999938e-01
2.883333333333333304e-01 4.936666666666666425e-01
2.886666666666666825e-01 4.949999999999999956e-01
2.886666666666666825e-01 4.953333333333333477e-01
2.893333333333333313e-01 4.969999999999999973e-01
2.919999999999999818e-01 5.006666666666667043e-01
2.926666666666666861e-01 5.020000000000000018e-01
2.933333333333333348e-01 5.026666666666667060e-01
2.936666666666666869e-01 5.030000000000000027e-01
2.946666666666666878e-01 5.066666666666667096e-01
2.949999999999999845e-01 5.076666666666667105e-01
2.963333333333333375e-01 5.103333333333333055e-01
2.976666666666666905e-01 5.116666666666667140e-01
2.979999999999999871e-01 5.123333333333333073e-01
2.993333333333333401e-01 5.136666666666667158e-01
3.003333333333333410e-01 5.146666666666667167e-01
3.019999999999999907e-01 5.153333333333333099e-01
3.026666666666666394e-01 5.160000000000000142e-01
3.033333333333333437e-01 5.163333333333333108e-01
3.046666666666666412e-01 5.186666666666667203e-01
3.053333333333333455e-01 5.190000000000000169e-01
3.069999999999999951e-01 5.216666666666666119e-01
3.076666666666666439e-01 5.220000000000000195e-01
3.086666666666666448e-01 5.226666666666666128e-01
3.093333333333333490e-01 5.236666666666666137e-01
3.106666666666666465e-01 5.250000000000000222e-01
3.109999999999999987e-01 5.256666666666666154e-01
3.123333333333333517e-01 5.276666666666666172e-01
3.130000000000000004e-01 5.280000000000000249e-01
3.136666666666666492e-01 5.286666666666666181e-01
3.143333333333333535e-01 5.290000000000000258e-01
3.150000000000000022e-01 5.300000000000000266e-01
3.160000000000000031e-01 5.300000000000000266e-01
3.176666666666666528e-01 5.323333333333333250e-01
3.176666666666666528e-01 5.336666666666666226e-01
3.180000000000000049e-01 5.336666666666666226e-01
3.190000000000000058e-01 5.343333333333333268e-01
3.196666666666666545e-01 5.343333333333333268e-01
3.203333333333333588e-01 5.380000000000000338e-01
3.210000000000000075e-01 5.390000000000000346e-01
3.243333333333333068e-01 5.426666666666666305e-01
3.246666666666666590e-01 5.453333333333333366e-01
3.260000000000000120e-01 5.456666666666666332e-01
3.273333333333333095e-01 5.466666666666666341e-01
3.283333333333333104e-01 5.486666666666666359e-01
3.286666666666666625e-01 5.490000000000000435e-01
3.286666666666666625e-01 5.493333333333333401e-01
3.290000000000000147e-01 5.496666666666666368e-01
3.290000000000000147e-01 5.510000000000000453e-01
3.296666666666666634e-01 5.523333333333333428e-01
3.310000000000000164e-01 5.540000000000000480e-01
3.316666666666666652e-01 5.553333333333333455e-01
3.320000000000000173e-01 5.563333333333333464e-01
3.340000000000000191e-01 5.580000000000000515e-01
3.346666666666666679e-01 5.583333333333333481e-01
3.350000000000000200e-01 5.583333333333333481e-01
3.373333333333333184e-01 5.610000000000000542e-01
3.380000000000000226e-01 5.623333333333333517e-01
3.380000000000000226e-01 5.626666666666666483e-01
3.380000000000000226e-01 5.629999999999999449e-01
3.393333333333333202e-01 5.646666666666666501e-01
3.403333333333333210e-01 5.649999999999999467e-01
3.413333333333333219e-01 5.653333333333333544e-01
3.430000000000000271e-01 5.656666666666666510e-01
3.446666666666666767e-01 5.656666666666666510e-01
3.473333333333333273e-01 5.686666666666666536e-01
3.479999999999999760e-01 5.686666666666666536e-01
3.479999999999999760e-01 5.689999999999999503e-01
3.499999999999999778e-01 5.703333333333333588e-01
3.526666666666666838e-01 5.719999999999999529e-01
3.533333333333333326e-01 5.726666666666666572e-01
3.533333333333333326e-01 5.736666666666666581e-01
3.549999999999999822e-01 5.743333333333333623e-01
3.566666666666666874e-01 5.786666666666666625e-01
3.583333333333333370e-01 5.806666666666666643e-01
3.583333333333333370e-01 5.809999999999999609e-01
3.593333333333333379e-01 5.816666666666666652e-01
3.596666666666666901e-01 5.816666666666666652e-01
3.603333333333333388e-01 5.826666666666666661e-01
3.613333333333333397e-01 5.826666666666666661e-01
3.623333333333333406e-01 5.839999999999999636e-01
3.636666666666666936e-01 5.853333333333333721e-01
3.646666666666666390e-01 5.856666666666666687e-01
3.673333333333333450e-01 5.869999999999999662e-01
3.673333333333333450e-01 5.873333333333333739e-01
3.689999999999999947e-01 5.879999999999999671e-01
3.709999999999999964e-01 5.906666666666666732e-01
3.713333333333333486e-01 5.909999999999999698e-01
3.723333333333333495e-01 5.909999999999999698e-01
3.729999999999999982e-01 5.913333333333333774e-01
3.739999999999999991e-01 5.916666666666666741e-01
3.743333333333333512e-01 5.923333333333333783e-01
3.750000000000000000e-01 5.933333333333333792e-01
3.766666666666666496e-01 5.939999999999999725e-01
3.776666666666666505e-01 5.943333333333333801e-01
3.786666666666666514e-01 5.953333333333333810e-01
3.796666666666666523e-01 5.956666666666666776e-01
3.806666666666666532e-01 5.973333333333333828e-01
3.836666666666666559e-01 5.993333333333333846e-01
3.873333333333333073e-01 6.006666666666666821e-01
3.886666666666666603e-01 6.013333333333333863e-01
3.900000000000000133e-01 6.026666666666666838e-01
3.910000000000000142e-01 6.033333333333333881e-01
3.920000000000000151e-01 6.036666666666666847e-01
3.933333333333333126e-01 6.039999999999999813e-01
3.946666666666666656e-01 6.053333333333332789e-01
3.950000000000000178e-01 6.056666666666666865e-01
3.953333333333333144e-01 6.063333333333332797e-01
3.973333333333333162e-01 6.066666666666666874e-01
4.000000000000000222e-01 6.076666666666666883e-01
4.003333333333333188e-01 6.089999999999999858e-01
4.020000000000000240e-01 6.109999999999999876e-01
4.026666666666666727e-01 6.109999999999999876e-01
4.043333333333333224e-01 6.126666666666666927e-01
4.053333333333333233e-01 6.143333333333332869e-01
4.060000000000000275e-01 6.153333333333332877e-01
4.063333333333333242e-01 6.153333333333332877e-01
4.069999999999999729e-01 6.166666666666666963e-01
4.076666666666666772e-01 6.176666666666666972e-01
4.079999999999999738e-01 6.189999999999999947e-01
4.096666666666666790e-01 6.203333333333332922e-01
4.109999999999999765e-01 6.206666666666666998e-01
4.123333333333333295e-01 6.206666666666666998e-01
4.136666666666666825e-01 6.213333333333332931e-01
4.169999999999999818e-01 6.226666666666667016e-01
4.183333333333333348e-01 6.236666666666667025e-01
4.189999999999999836e-01 6.239999999999999991e-01
4.199999999999999845e-01 6.256666666666667043e-01
4.213333333333333375e-01 6.280000000000000027e-01
4.226666666666666905e-01 6.283333333333332993e-01
4.233333333333333393e-01 6.283333333333332993e-01
4.236666666666666914e-01 6.283333333333332993e-01
4.236666666666666914e-01 6.286666666666667069e-01
4.249999999999999889e-01 6.300000000000000044e-01
4.259999999999999898e-01 6.300000000000000044e-01
4.296666666666666412e-01 6.330000000000000071e-01
4.343333333333333490e-01 6.343333333333333046e-01
4.373333333333333517e-01 6.366666666666667140e-01
4.390000000000000013e-01 6.376666666666667149e-01
4.403333333333333544e-01 6.380000000000000115e-01
4.410000000000000031e-01 6.380000000000000115e-01
4.426666666666666528e-01 6.390000000000000124e-01
4.430000000000000049e-01 6.396666666666667167e-01
4.453333333333333588e-01 6.410000000000000142e-01
4.476666666666666572e-01 6.416666666666667185e-01
4.496666666666666590e-01 6.423333333333333117e-01
4.516666666666666607e-01 6.450000000000000178e-01
4.546666666666666634e-01 6.463333333333333153e-01
4.563333333333333131e-01 6.476666666666666128e-01
4.580000000000000182e-01 6.496666666666666146e-01
4.580000000000000182e-01 6.500000000000000222e-01
4.620000000000000218e-01 6.513333333333333197e-01
4.630000000000000226e-01 6.520000000000000240e-01
4.646666666666666723e-01 6.530000000000000249e-01
4.646666666666666723e-01 6.533333333333333215e-01
4.660000000000000253e-01 6.553333333333333233e-01
4.686666666666666758e-01 6.563333333333333242e-01
4.713333333333333264e-01 6.580000000000000293e-01
4.726666666666666794e-01 6.593333333333333268e-01
4.766666666666666829e-01 6.606666666666666243e-01
4.776666666666666838e-01 6.610000000000000320e-01
4.789999999999999813e-01 6.630000000000000338e-01
4.813333333333333353e-01 6.643333333333333313e-01
4.826666666666666883e-01 6.673333333333333339e-01
4.833333333333333370e-01 6.676666666666666305e-01
4.846666666666666901e-01 6.693333333333333357e-01
4.849999999999999867e-01 6.710000000000000409e-01
4.866666666666666918e-01 6.723333333333333384e-01
4.876666666666666927e-01 6.730000000000000426e-01
4.883333333333333415e-01 6.740000000000000435e-01
4.906666666666666399e-01 6.756666666666666377e-01
4.933333333333333459e-01 6.780000000000000471e-01
4.943333333333333468e-01 6.790000000000000480e-01
4.946666666666666434e-01 6.790000000000000480e-01
4.969999999999999973e-01 6.813333333333333464e-01
5.010000000000000009e-01 6.826666666666666439e-01
5.013333333333332975e-01 6.836666666666666448e-01
5.016666666666667052e-01 6.850000000000000533e-01
5.056666666666667087e-01 6.863333333333333508e-01
5.076666666666667105e-01 6.903333333333333544e-01
5.083333333333333037e-01 6.916666666666666519e-01
5.096666666666667123e-01 6.919999999999999485e-01
5.126666666666667149e-01 6.943333333333333579e-01
5.146666666666667167e-01 6.956666666666666554e-01
5.176666666666667194e-01 6.976666666666666572e-01
5.183333333333333126e-01 6.989999999999999547e-01
5.210000000000000187e-01 6.993333333333333623e-01
5.243333333333333179e-01 7.006666666666666599e-01
5.260000000000000231e-01 7.013333333333333641e-01
5.283333333333333215e-01 7.019999999999999574e-01
5.343333333333333268e-01 7.049999999999999600e-01
5.376666666666666261e-01 7.079999999999999627e-01
5.383333333333333304e-01 7.083333333333333703e-01
5.400000000000000355e-01 7.099999999999999645e-01
5.433333333333333348e-01 7.129999999999999671e-01
5.433333333333333348e-01 7.136666666666666714e-01
5.453333333333333366e-01 7.169999999999999707e-01
5.483333333333333393e-01 7.176666666666666750e-01
5.496666666666666368e-01 7.183333333333333792e-01
5.520000000000000462e-01 7.203333333333333810e-01
5.560000000000000497e-01 7.229999999999999760e-01
5.586666666666666448e-01 7.243333333333333846e-01
5.586666666666666448e-01 7.246666666666666812e-01
5.623333333333333517e-01 7.266666666666666829e-01
5.649999999999999467e-01 7.279999999999999805e-01
5.676666666666666528e-01 7.293333333333332780e-01
5.699999999999999512e-01 7.319999999999999840e-01
5.789999999999999591e-01 7.353333333333332833e-01
5.823333333333333695e-01 7.379999999999999893e-01
5.826666666666666661e-01 7.383333333333332860e-01
5.859999999999999654e-01 7.393333333333332869e-01
5.883333333333333748e-01 7.413333333333332886e-01
5.923333333333333783e-01 7.423333333333332895e-01
5.936666666666666758e-01 7.433333333333332904e-01
5.953333333333333810e-01 7.439999999999999947e-01
5.983333333333333837e-01 7.453333333333332922e-01
6.006666666666666821e-01 7.469999999999999973e-01
6.036666666666666847e-01 7.486666666666667025e-01
6.046666666666666856e-01 7.489999999999999991e-01
6.046666666666666856e-01 7.496666666666667034e-01
6.049999999999999822e-01 7.496666666666667034e-01
6.083333333333332815e-01 7.513333333333332975e-01
6.119999999999999885e-01 7.533333333333332993e-01
6.139999999999999902e-01 7.556666666666667087e-01
6.139999999999999902e-01 7.560000000000000053e-01
6.146666666666666945e-01 7.580000000000000071e-01
6.239999999999999991e-01 7.626666666666667149e-01
6.246666666666667034e-01 7.633333333333333082e-01
6.290000000000000036e-01 7.670000000000000151e-01
6.410000000000000142e-01 7.723333333333333162e-01
6.460000000000000187e-01 7.770000000000000240e-01
6.536666666666666181e-01 7.850000000000000311e-01
6.543333333333333224e-01 7.853333333333333277e-01
6.546666666666666190e-01 7.856666666666666243e-01
6.546666666666666190e-01 7.860000000000000320e-01
6.590000000000000302e-01 7.906666666666666288e-01
6.726666666666666350e-01 7.993333333333333401e-01
6.793333333333333446e-01 8.050000000000000488e-01
6.833333333333333481e-01 8.073333333333333472e-01
6.873333333333333517e-01 8.103333333333333499e-01
6.896666666666666501e-01 8.110000000000000542e-01
6.966666666666666563e-01 8.163333333333333552e-01
7.013333333333333641e-01 8.206666666666666554e-01
7.059999999999999609e-01 8.236666666666666581e-01
7.113333333333333730e-01 8.273333333333333650e-01
7.316666666666666874e-01 8.426666666666666750e-01
7.369999999999999885e-01 8.469999999999999751e-01
7.449999999999999956e-01 8.506666666666666821e-01
7.473333333333332940e-01 8.529999999999999805e-01
7.486666666666667025e-01 8.539999999999999813e-01
7.503333333333332966e-01 8.553333333333332789e-01
7.536666666666667069e-01 8.563333333333332797e-01
7.566666666666667096e-01 8.586666666666666892e-01
7.583333333333333037e-01 8.596666666666666901e-01
7.626666666666667149e-01 8.639999999999999902e-01
7.666666666666667185e-01 8.673333333333332895e-01
7.790000000000000258e-01 8.746666666666667034e-01
7.856666666666666243e-01 8.763333333333332975e-01
7.920000000000000373e-01 8.780000000000000027e-01
7.976666666666666350e-01 8.813333333333333020e-01
8.070000000000000506e-01 8.896666666666667167e-01
8.129999999999999449e-01 8.913333333333333108e-01
8.203333333333333588e-01 8.956666666666667220e-01
8.306666666666666643e-01 9.010000000000000231e-01
8.433333333333333792e-01 9.056666666666666199e-01
8.613333333333332842e-01 9.136666666666666270e-01
8.659999999999999920e-01 9.163333333333333330e-01
8.726666666666667016e-01 9.203333333333333366e-01
8.746666666666667034e-01 9.223333333333333384e-01
8.816666666666667096e-01 9.243333333333333401e-01
8.890000000000000124e-01 9.280000000000000471e-01
8.956666666666667220e-01 9.320000000000000506e-01
8.970000000000000195e-01 9.323333333333333472e-01
9.020000000000000240e-01 9.343333333333333490e-01
9.046666666666666190e-01 9.360000000000000542e-01
9.200000000000000400e-01 9.476666666666666572e-01
9.213333333333333375e-01 9.476666666666666572e-01
9.256666666666666377e-01 9.496666666666666590e-01
9.296666666666666412e-01 9.516666666666666607e-01
9.433333333333333570e-01 9.619999999999999662e-01
9.523333333333333650e-01 9.686666666666666758e-01
9.529999999999999583e-01 9.689999999999999725e-01
9.576666666666666661e-01 9.716666666666666785e-01
9.643333333333333757e-01 9.746666666666666812e-01
9.669999999999999707e-01 9.766666666666666829e-01
9.693333333333333801e-01 9.773333333333333872e-01
9.726666666666666794e-01 9.796666666666666856e-01
9.746666666666666812e-01 9.826666666666666883e-01
9.763333333333333863e-01 9.846666666666666901e-01
9.813333333333332797e-01 9.886666666666666936e-01
9.839999999999999858e-01 9.899999999999999911e-01
9.879999999999999893e-01 9.916666666666666963e-01
9.889999999999999902e-01 9.923333333333332895e-01
9.926666666666666972e-01 9.953333333333332922e-01
9.969999999999999973e-01 9.976666666666667016e-01
9.979999999999999982e-01 9.983333333333332948e-01
1.000000000000000000e+00 1.000000000000000000e+00
