4.287016415857849982e-01
4.305750536855797450e-01
4.304704358782168727e-01
4.293589747697041381e-01
1.201630201630198069e+00
1.201630201630198069e+00
1.201630201630198069e+00
1.201630201630198069e+00
1.201630201630198069e+00
1.201630201630198069e+00
4.295253662010989348e-01
4.307417522474607519e-01
4.313649967927910001e-01
4.314939199588745944e-01
4.314958291920742983e-01
4.312162072238670540e-01
4.302937075162462377e-01
1.201630201630198069e+00
1.201630201630198069e+00
1.201630201630198069e+00
1.201630201630198069e+00
1.348977879219636744e+00
1.372795695225071055e+00
1.386721766642728282e+00
1.375099701131008434e+00
1.352928694246474661e+00
1.201630201630198069e+00
1.201630201630198069e+00
1.201630201630198069e+00
1.201630201630198069e+00
1.201630201630198069e+00
1.201630201630198069e+00
1.201630201630198069e+00
1.201630201630198069e+00
1.201630201630198069e+00
1.201630201630198069e+00
1.201630201630198069e+00
1.201630201630198069e+00
1.201630201630198069e+00
1.201630201630198069e+00
1.343304646196672225e+00
1.201630201630198069e+00
1.201630201630198069e+00
1.201630201630198069e+00
1.201630201630198069e+00
1.201630201630198069e+00
1.201630201630198069e+00
1.201630201630198069e+00
1.201630201630198069e+00
1.201630201630198069e+00
1.201630201630198069e+00
1.201630201630198069e+00
1.201630201630198069e+00
1.201630201630198069e+00
1.201630201630198069e+00
1.201630201630198069e+00
1.201630201630198069e+00
1.201630201630198069e+00
1.201630201630198069e+00
1.201630201630198069e+00
1.201630201630198069e+00
1.201630201630198069e+00
4.296435614202515074e-01
4.305775578896074984e-01
4.310592016745447008e-01
4.312546194117341525e-01
4.312223823551516455e-01
4.309573620887913181e-01
4.303892718738673295e-01
4.293360774726671658e-01
1.201630201630198069e+00
1.201630201630198069e+00
1.201630201630198069e+00
1.201630201630198069e+00
1.201630201630198069e+00
1.201630201630198069e+00
1.201630201630198069e+00
1.201630201630198069e+00
1.201630201630198069e+00
1.201630201630198069e+00
1.201630201630198069e+00
4.286244313836737874e-01
4.297555607361665531e-01
4.303565009199246116e-01
4.306215305475417088e-01
4.306217681707040223e-01
4.303533026740760103e-01
4.297323849613919888e-01
4.285289467911296279e-01
1.201630201630198069e+00
1.201630201630198069e+00
1.201630201630198069e+00
1.201630201630198069e+00
1.201630201630198069e+00
1.201630201630198069e+00
1.201630201630198069e+00
1.201630201630198069e+00
4.287279956769146638e-01
4.314996305946140476e-01
4.307375833111496410e-01
