0.000000000000000000e+00 0.000000000000000000e+00
1.666666666666666774e-03 7.970000000000000417e-01
3.333333333333333547e-03 8.736666666666667025e-01
4.000000000000000083e-03 8.923333333333333117e-01
5.333333333333333155e-03 8.953333333333333144e-01
5.666666666666667074e-03 8.956666666666667220e-01
6.000000000000000125e-03 8.963333333333333153e-01
6.333333333333333176e-03 9.036666666666666181e-01
6.666666666666667095e-03 9.070000000000000284e-01
7.000000000000000146e-03 9.083333333333333259e-01
7.666666666666666248e-03 9.090000000000000302e-01
8.333333333333333218e-03 9.160000000000000364e-01
8.333333333333333218e-03 9.200000000000000400e-01
1.033333333333333326e-02 9.233333333333333393e-01
1.099999999999999936e-02 9.243333333333333401e-01
1.133333333333333415e-02 9.266666666666666385e-01
1.200000000000000025e-02 9.266666666666666385e-01
1.266666666666666635e-02 9.293333333333333446e-01
1.333333333333333419e-02 9.320000000000000506e-01
1.633333333333333165e-02 9.373333333333333517e-01
1.700000000000000122e-02 9.373333333333333517e-01
1.966666666666666563e-02 9.396666666666666501e-01
2.033333333333333173e-02 9.403333333333333544e-01
2.133333333333333262e-02 9.413333333333333552e-01
2.199999999999999872e-02 9.419999999999999485e-01
2.199999999999999872e-02 9.423333333333333561e-01
2.199999999999999872e-02 9.433333333333333570e-01
2.266666666666666829e-02 9.439999999999999503e-01
2.299999999999999961e-02 9.439999999999999503e-01
2.900000000000000147e-02 9.469999999999999529e-01
2.999999999999999889e-02 9.476666666666666572e-01
3.033333333333333368e-02 9.486666666666666581e-01
3.166666666666666935e-02 9.489999999999999547e-01
3.433333333333333376e-02 9.489999999999999547e-01
3.566666666666666596e-02 9.499999999999999556e-01
4.166666666666666435e-02 9.513333333333333641e-01
4.299999999999999656e-02 9.533333333333333659e-01
4.399999999999999745e-02 9.536666666666666625e-01
4.466666666666666702e-02 9.539999999999999591e-01
4.700000000000000011e-02 9.549999999999999600e-01
4.766666666666666968e-02 9.553333333333333677e-01
4.766666666666666968e-02 9.559999999999999609e-01
4.866666666666666363e-02 9.563333333333333686e-01
4.933333333333333320e-02 9.566666666666666652e-01
5.000000000000000278e-02 9.566666666666666652e-01
5.000000000000000278e-02 9.583333333333333703e-01
5.099999999999999672e-02 9.593333333333333712e-01
5.333333333333333676e-02 9.609999999999999654e-01
5.666666666666666380e-02 9.616666666666666696e-01
5.833333333333333426e-02 9.626666666666666705e-01
5.866666666666666557e-02 9.636666666666666714e-01
6.199999999999999956e-02 9.649999999999999689e-01
6.600000000000000311e-02 9.656666666666666732e-01
6.966666666666666841e-02 9.659999999999999698e-01
7.699999999999999900e-02 9.666666666666666741e-01
8.000000000000000167e-02 9.676666666666666750e-01
9.033333333333333492e-02 9.683333333333333792e-01
9.299999999999999933e-02 9.683333333333333792e-01
1.079999999999999988e-01 9.706666666666666776e-01
1.146666666666666667e-01 9.709999999999999742e-01
1.156666666666666676e-01 9.716666666666666785e-01
1.170000000000000068e-01 9.726666666666666794e-01
1.213333333333333347e-01 9.746666666666666812e-01
1.283333333333333270e-01 9.749999999999999778e-01
1.300000000000000044e-01 9.759999999999999787e-01
1.479999999999999927e-01 9.763333333333333863e-01
1.776666666666666672e-01 9.793333333333332780e-01
3.486666666666666803e-01 9.849999999999999867e-01
1.000000000000000000e+00 1.000000000000000000e+00
