0.000000000000000000e+00 0.000000000000000000e+00
1.000000000000000021e-03 7.399999999999999634e-02
8.333333333333333218e-03 4.513333333333333086e-01
1.333333333333333419e-02 6.023333333333333872e-01
1.733333333333333254e-02 6.870000000000000551e-01
2.033333333333333173e-02 7.063333333333333686e-01
2.266666666666666829e-02 7.266666666666666829e-01
2.400000000000000050e-02 7.339999999999999858e-01
2.666666666666666838e-02 7.479999999999999982e-01
2.833333333333333190e-02 7.580000000000000071e-01
3.099999999999999978e-02 7.623333333333333073e-01
3.233333333333333198e-02 7.686666666666667203e-01
3.300000000000000155e-02 7.796666666666666190e-01
3.599999999999999728e-02 7.953333333333333366e-01
3.899999999999999994e-02 8.016666666666666385e-01
4.166666666666666435e-02 8.100000000000000533e-01
4.333333333333333481e-02 8.106666666666666465e-01
4.566666666666666791e-02 8.156666666666666510e-01
4.700000000000000011e-02 8.186666666666666536e-01
4.900000000000000189e-02 8.189999999999999503e-01
5.099999999999999672e-02 8.209999999999999520e-01
5.299999999999999850e-02 8.239999999999999547e-01
5.466666666666666896e-02 8.279999999999999583e-01
5.600000000000000117e-02 8.309999999999999609e-01
5.766666666666666469e-02 8.349999999999999645e-01
5.833333333333333426e-02 8.379999999999999671e-01
5.933333333333333515e-02 8.393333333333333757e-01
6.133333333333332998e-02 8.426666666666666750e-01
6.266666666666666219e-02 8.449999999999999734e-01
6.333333333333333870e-02 8.459999999999999742e-01
6.400000000000000133e-02 8.473333333333333828e-01
6.600000000000000311e-02 8.526666666666666838e-01
6.766666666666666663e-02 8.563333333333332797e-01
6.900000000000000577e-02 8.596666666666666901e-01
7.066666666666666929e-02 8.606666666666666909e-01
7.266666666666667107e-02 8.629999999999999893e-01
7.399999999999999634e-02 8.653333333333332877e-01
8.166666666666666519e-02 8.753333333333332966e-01
8.333333333333332871e-02 8.776666666666667060e-01
8.533333333333333048e-02 8.796666666666667078e-01
8.633333333333333137e-02 8.820000000000000062e-01
8.833333333333333315e-02 8.843333333333333046e-01
9.166666666666666019e-02 8.873333333333333073e-01
9.333333333333333759e-02 8.886666666666667158e-01
9.533333333333333937e-02 8.926666666666667194e-01
9.633333333333334025e-02 8.936666666666667203e-01
9.733333333333332726e-02 8.950000000000000178e-01
9.800000000000000377e-02 8.970000000000000195e-01
1.006666666666666682e-01 8.973333333333333162e-01
1.036666666666666708e-01 8.980000000000000204e-01
1.066666666666666735e-01 9.006666666666666154e-01
1.073333333333333361e-01 9.020000000000000240e-01
1.100000000000000006e-01 9.033333333333333215e-01
1.126666666666666650e-01 9.046666666666666190e-01
1.150000000000000050e-01 9.070000000000000284e-01
1.156666666666666676e-01 9.090000000000000302e-01
1.173333333333333311e-01 9.106666666666666243e-01
1.206666666666666721e-01 9.120000000000000329e-01
1.213333333333333347e-01 9.153333333333333321e-01
1.226666666666666600e-01 9.160000000000000364e-01
1.246666666666666617e-01 9.173333333333333339e-01
1.276666666666666783e-01 9.190000000000000391e-01
1.343333333333333324e-01 9.203333333333333366e-01
1.393333333333333368e-01 9.230000000000000426e-01
1.443333333333333413e-01 9.233333333333333393e-01
1.469999999999999918e-01 9.243333333333333401e-01
1.493333333333333457e-01 9.253333333333333410e-01
1.536666666666666736e-01 9.266666666666666385e-01
1.633333333333333304e-01 9.283333333333333437e-01
1.646666666666666556e-01 9.300000000000000488e-01
1.670000000000000095e-01 9.316666666666666430e-01
1.723333333333333384e-01 9.336666666666666448e-01
1.776666666666666672e-01 9.343333333333333490e-01
1.816666666666666707e-01 9.350000000000000533e-01
1.859999999999999987e-01 9.379999999999999449e-01
1.893333333333333257e-01 9.386666666666666492e-01
1.940000000000000058e-01 9.419999999999999485e-01
1.973333333333333328e-01 9.436666666666666536e-01
2.026666666666666616e-01 9.443333333333333579e-01
2.143333333333333202e-01 9.476666666666666572e-01
2.210000000000000020e-01 9.506666666666666599e-01
2.343333333333333379e-01 9.539999999999999591e-01
2.433333333333333459e-01 9.563333333333333686e-01
2.673333333333333117e-01 9.606666666666666687e-01
2.826666666666666772e-01 9.619999999999999662e-01
2.949999999999999845e-01 9.636666666666666714e-01
3.326666666666666661e-01 9.676666666666666750e-01
3.870000000000000107e-01 9.699999999999999734e-01
7.133333333333333748e-01 9.876666666666666927e-01
1.000000000000000000e+00 1.000000000000000000e+00
