7.829282288997656547e-01
1.675116019070628903e+00
4.883533277862380118e+00
4.843750000000000000e+00
2.325446206010871375e+00
1.644418467542927642e+00
1.640627810518386021e+00
1.648344705961652501e+00
1.045512383952922786e+00
8.539669266803605607e-01
9.448300798765745245e-01
1.528423625058509927e+00
1.692726267571491361e+00
1.944884461775802986e+00
1.702935777520590666e+00
1.512523741272213229e+00
1.603583009057467423e+00
1.541825667792536603e+00
1.574157471773085293e+00
1.969112130587598264e+00
1.662275293933521914e+00
7.280348071358592188e-01
7.458893871449924218e-01
8.588521349222068002e-01
1.060722588753889584e+00
3.322383519235503901e-01
3.634904719520716809e-01
3.254586930549222545e-01
9.873643471517979942e-01
8.152491075135257503e-01
8.958964101606678998e-01
7.458893871449924218e-01
7.905430344042024826e-01
8.549107701103341173e-01
1.061232170503654926e+00
9.216342758436883997e-01
7.415278917085857957e-01
7.458893871449924218e-01
8.988886275706233775e-01
8.570955954967836021e-01
3.209414506128927536e-01
1.143952241173463724e+00
3.771468622989106456e-01
3.578329787580367682e-01
3.739013572200505786e-01
5.084837864238966887e-01
9.335669978356716525e-01
1.109933793754249054e+00
8.845191171612482028e-01
7.458893871449924218e-01
7.178504789199890990e-01
1.440406544105171660e+00
1.660559633401216262e+00
1.663663853630524603e+00
1.520546517379468554e+00
8.351923849297879787e-01
7.466051268548588027e-01
7.234536442742788287e-01
8.576419886382312674e-01
8.770898442122680994e-01
1.070795044353137548e+00
9.595885855331978131e-01
1.021537769527758543e+00
8.281380036100436381e-01
8.899501058549467158e-01
7.458893871449924218e-01
7.264809483944485446e-01
1.387064854860370566e+00
1.660245185450424099e+00
1.673940433181168919e+00
1.633290904915034591e+00
8.772798338421986530e-01
7.465257095158588374e-01
8.252500487174879718e-01
8.363103931920058409e-01
3.303195133768894176e-01
9.780924384733140631e-01
1.168199991915240821e+00
1.113507895131990999e+00
7.438760436805108567e-01
1.095482568329295026e+00
8.908525712551055298e-01
7.485303686892874619e-01
1.474081589588525976e+00
1.594989039430208866e+00
1.737976233207294330e+00
1.781874749719654538e+00
1.876160334360836623e+00
1.563295010517560923e+00
7.458893871449924218e-01
8.929554853171709494e-01
3.338054282727573874e-01
1.000000000000000000e+00
4.339256367080737142e-01
1.818181818181817955e-01
5.299458549508871685e-02
3.814795522729788613e-01
7.458893871449924218e-01
0.000000000000000000e+00
0.000000000000000000e+00
