5.157211863745614799e+00
7.922736003216323653e+00
7.765016861287065808e+00
6.665076914068380098e+00
6.383068880321906668e+00
6.576331559258062676e+00
6.920103622843072344e+00
7.084393730706207037e+00
6.806740928780406819e+00
6.010620372387484700e+00
4.965918849155940507e+00
3.921591067178022083e+00
3.339365155932755957e+00
3.339668973479638758e+00
3.339582137548237739e+00
3.698452910485829914e+00
6.792723290166885697e+00
3.266287035446651110e+00
2.072161156984135388e+00
1.736228222110294039e+00
2.149194479180264405e+00
1.027518838914581290e+00
1.373002810854962785e+00
6.905388041436345548e-01
1.247231348516079752e+00
7.291295651498431729e-01
7.844047392369285499e-01
7.439880862939596273e-01
8.202114317446624892e-01
4.994772931891514611e-01
3.348013042827020502e-01
3.491443248015355105e-01
3.197322897601609371e-01
3.335048106843723215e-01
3.539734876631782656e-01
3.455889971340110889e-01
3.377961070741199445e-01
3.351337501698072874e-01
3.397755158251357099e-01
3.489272022210474500e-01
3.426887467193892034e-01
2.761747004654757087e-01
2.268121209730596111e-01
2.323663183955050615e-01
2.349690979192001761e-01
2.343126549817110271e-01
2.304556053526688464e-01
2.238174699934135092e-01
3.097003604915008479e-01
3.538362271056696429e-01
3.423565984752310887e-01
3.311079154259562451e-01
3.352389745043694025e-01
3.320730580402815879e-01
3.396361412247224099e-01
3.516538654411858200e-01
3.203566853561881644e-01
2.240222026837416225e-01
2.314636613650827568e-01
2.372276550171415754e-01
2.385025486455835952e-01
2.384631657996904019e-01
2.368783481077720299e-01
2.313138916459777095e-01
2.240281638724420377e-01
3.025128515147636477e-01
3.493971513303165688e-01
3.515028070001299798e-01
3.491343835725834177e-01
3.514017626499301161e-01
3.493015115104957102e-01
2.990503216163536426e-01
2.251638658867804454e-01
2.334214388769760840e-01
2.385023047159007537e-01
2.401513289759554526e-01
2.411186493555168009e-01
2.399245449225226590e-01
2.383191857711164929e-01
2.323722877716744017e-01
2.241713886882005236e-01
3.010408119447949837e-01
3.401929332381548043e-01
3.500632615124993352e-01
3.334255937493891819e-01
2.763610103290866649e-01
2.287364601654045537e-01
2.380694758942758227e-01
2.397496234768781431e-01
2.388095751488767682e-01
2.245123799635063422e-01
3.679407453110065118e-01
7.087253574123707489e-01
7.971135789761893964e-01
8.796782608779193380e-01
1.508593181655087268e+00
1.514327133564802308e+00
7.994203041708717095e+00
0.000000000000000000e+00
0.000000000000000000e+00
