0.000000000000000000e+00 0.000000000000000000e+00
4.333333333333333134e-03 2.409999999999999920e-01
7.666666666666666248e-03 4.763333333333333308e-01
1.200000000000000025e-02 5.923333333333333783e-01
1.633333333333333165e-02 6.109999999999999876e-01
1.866666666666666821e-02 6.333333333333333037e-01
2.100000000000000130e-02 6.413333333333333108e-01
2.366666666666666571e-02 6.560000000000000275e-01
2.766666666666666580e-02 6.680000000000000382e-01
2.866666666666666669e-02 6.760000000000000453e-01
2.933333333333333279e-02 6.823333333333333472e-01
3.099999999999999978e-02 6.856666666666666465e-01
3.266666666666666330e-02 6.896666666666666501e-01
3.433333333333333376e-02 6.949999999999999512e-01
3.500000000000000333e-02 7.006666666666666599e-01
3.699999999999999817e-02 7.073333333333333695e-01
3.833333333333333037e-02 7.143333333333333757e-01
4.033333333333333215e-02 7.173333333333333783e-01
4.233333333333333393e-02 7.196666666666666767e-01
4.433333333333333570e-02 7.263333333333333863e-01
4.499999999999999833e-02 7.276666666666666838e-01
4.633333333333333054e-02 7.313333333333332797e-01
4.800000000000000100e-02 7.356666666666666909e-01
4.900000000000000189e-02 7.359999999999999876e-01
5.000000000000000278e-02 7.379999999999999893e-01
5.133333333333333498e-02 7.413333333333332886e-01
5.233333333333333587e-02 7.436666666666666980e-01
5.366666666666666807e-02 7.459999999999999964e-01
5.633333333333333248e-02 7.503333333333332966e-01
5.800000000000000294e-02 7.543333333333333002e-01
5.933333333333333515e-02 7.570000000000000062e-01
6.099999999999999867e-02 7.600000000000000089e-01
6.333333333333333870e-02 7.626666666666667149e-01
6.600000000000000311e-02 7.650000000000000133e-01
6.666666666666666574e-02 7.716666666666666119e-01
6.800000000000000488e-02 7.753333333333333188e-01
7.366666666666667196e-02 7.833333333333333259e-01
7.599999999999999811e-02 7.843333333333333268e-01
7.833333333333333814e-02 7.866666666666666252e-01
8.133333333333332693e-02 7.896666666666666279e-01
8.899999999999999578e-02 7.963333333333333375e-01
9.833333333333332815e-02 7.990000000000000435e-01
9.966666666666666730e-02 8.023333333333333428e-01
1.016666666666666691e-01 8.056666666666666421e-01
1.026666666666666700e-01 8.066666666666666430e-01
1.066666666666666735e-01 8.080000000000000515e-01
1.089999999999999997e-01 8.096666666666666456e-01
1.123333333333333267e-01 8.116666666666666474e-01
1.156666666666666676e-01 8.143333333333333535e-01
1.199999999999999956e-01 8.173333333333333561e-01
1.236666666666666609e-01 8.186666666666666536e-01
1.286666666666666792e-01 8.209999999999999520e-01
1.296666666666666801e-01 8.219999999999999529e-01
1.326666666666666550e-01 8.226666666666666572e-01
1.400000000000000133e-01 8.243333333333333623e-01
1.426666666666666639e-01 8.283333333333333659e-01
1.506666666666666710e-01 8.323333333333333695e-01
1.519999999999999962e-01 8.356666666666666687e-01
1.533333333333333215e-01 8.389999999999999680e-01
1.553333333333333233e-01 8.413333333333333774e-01
1.620000000000000051e-01 8.453333333333333810e-01
1.756666666666666654e-01 8.483333333333333837e-01
1.816666666666666707e-01 8.499999999999999778e-01
1.883333333333333248e-01 8.533333333333333881e-01
1.920000000000000040e-01 8.553333333333332789e-01
1.950000000000000067e-01 8.576666666666666883e-01
1.983333333333333337e-01 8.599999999999999867e-01
2.046666666666666634e-01 8.646666666666666945e-01
2.093333333333333435e-01 8.676666666666666972e-01
2.220000000000000029e-01 8.729999999999999982e-01
2.469999999999999973e-01 8.810000000000000053e-01
2.606666666666666576e-01 8.863333333333333064e-01
2.723333333333333162e-01 8.900000000000000133e-01
2.853333333333333277e-01 8.926666666666667194e-01
2.936666666666666869e-01 8.950000000000000178e-01
3.203333333333333588e-01 9.006666666666666154e-01
3.553333333333333344e-01 9.100000000000000311e-01
4.216666666666666896e-01 9.206666666666666332e-01
5.969999999999999751e-01 9.473333333333333606e-01
1.000000000000000000e+00 1.000000000000000000e+00
