5.718180904118406005e+01
5.718180904118406005e+01
9.537445660917131818e+01
9.537445660917131818e+01
9.537445660917131818e+01
9.537445660917131818e+01
1.014729662963358976e+02
1.014729662963358976e+02
1.014729662963358976e+02
1.014729662963358976e+02
1.014729662963358976e+02
1.014729662963358976e+02
1.014729662963358976e+02
1.014729662963358976e+02
9.537445660917131818e+01
9.537445660917131818e+01
9.537445660917131818e+01
5.718180904118406005e+01
1.415429363021192621e+01
1.415429363021192621e+01
1.957855418257932456e+01
9.258823652845395102e+00
1.121742096402422995e+01
4.534156439047746012e+00
5.400980464159815142e+00
4.847033749887012632e+00
4.570060392750612266e+00
6.219310837517361357e+00
1.800326821386604825e+00
1.800326821386605047e+00
1.500272351155504058e+00
1.227495560036321542e+00
1.028758183649488345e+00
1.055363998743871878e+00
8.825131477385317336e-01
1.323769721607797489e+00
1.234509820379386058e+00
1.097074156782462229e+00
5.465277850637907386e-01
4.942073627335777930e-01
5.971815797770201328e-01
4.759484700217461173e-01
4.476748513073643410e-01
3.721684017320208149e-01
2.262560953730833602e-01
2.262560953730833602e-01
3.191854599438219697e-01
3.191854599438219697e-01
3.191854599438219697e-01
3.191854599438219697e-01
3.191854599438219697e-01
3.191854599438219697e-01
3.191854599438219697e-01
2.262560953730833602e-01
2.262560953730833602e-01
2.262560953730833602e-01
2.262560953730833602e-01
2.262560953730833602e-01
2.262560953730833602e-01
2.262560953730833602e-01
2.262560953730833602e-01
2.262560953730833602e-01
2.262560953730833602e-01
2.262560953730833602e-01
2.262560953730833602e-01
2.262560953730833602e-01
2.262560953730833602e-01
2.262560953730833602e-01
2.262560953730833602e-01
2.262560953730833602e-01
3.721684017320208149e-01
3.721684017320208149e-01
3.721684017320208149e-01
3.721684017320208149e-01
4.476748513073643410e-01
4.759484700217461173e-01
4.759484700217461173e-01
5.971815797770201328e-01
6.001089404622015344e-01
4.942073627335777930e-01
5.257591602279465537e-01
5.465277850637907386e-01
9.285896236625645894e-01
1.097074156782462229e+00
6.819419777979564001e-01
1.234509820379386058e+00
9.171476259894024707e-01
1.292542333303203339e+00
1.323769721607797489e+00
6.613445466318139676e-01
8.825131477385317336e-01
1.363883955595912800e+00
7.385956190304019398e-01
1.055363998743871878e+00
1.246380107113803426e+00
1.406505329208284971e+00
1.650299586271054109e+00
1.028758183649488345e+00
1.315623446397903518e+00
1.020185198785742875e+00
