2.728964990012757927e-03
2.732447677957655554e-03
2.742922431994827132e-03
2.760469663930491084e-03
2.785224536882928946e-03
2.817378701976028677e-03
2.857182773285051221e-03
2.904949585816417931e-03
2.961058295861406474e-03
3.025959399012218606e-03
3.100180758855562279e-03
3.184334759303905377e-03
3.279126716190978313e-03
3.385364709729693500e-03
3.503971029391604423e-03
3.635995457517313904e-03
3.782630658458820821e-03
3.945229987412069393e-03
4.125328088663241834e-03
4.324664718349545411e-03
4.545212303942888082e-03
4.789207843806757292e-03
5.059189858124390517e-03
5.358041230585106583e-03
5.689038932475476602e-03
6.055911802119103536e-03
6.462907768838116809e-03
6.914872168918538738e-03
7.417339110129411023e-03
7.976638211730398276e-03
8.600019491466664653e-03
9.295799705482405556e-03
1.007353409056243286e-02
1.094421823409665387e-02
1.192052573441520873e-02
1.301708844796879878e-02
1.425082749362874789e-02
1.564134485160827842e-02
1.721138742106993746e-02
1.898739786781019484e-02
2.100016960223474380e-02
2.328562690298049617e-02
2.588575569793541073e-02
2.884971602464623044e-02
3.223517395600514895e-02
3.610989909375564300e-02
4.055368397538598735e-02
4.566065437690128986e-02
5.154205511073592372e-02
5.832961525031819805e-02
6.617962068559922473e-02
7.527785169247501462e-02
8.584558025375177426e-02
9.814686805846048467e-02
1.124974637826747226e-01
1.292756704024038417e-01
1.489356436984059506e-01
1.720236966081547803e-01
1.991983268118497630e-01
2.312548647614652841e-01
2.691558663223340142e-01
3.140686611728053523e-01
3.674118316313211285e-01
4.309128579143723936e-01
5.066797523685011573e-01
5.972902523250747109e-01
7.059030946213251667e-01
8.363971137458595662e-01
9.935454668695558045e-01
1.183234292652870945e+00
1.412737686852358010e+00
1.691064196250467111e+00
2.029394315379399405e+00
2.441634008770074082e+00
2.945116456712347563e+00
3.561493536546402883e+00
4.317870665236677397e+00
5.248254414571733584e+00
6.395402920890133736e+00
7.813196074189985296e+00
9.569677813986633197e+00
1.175096927682647063e+01
1.446631262400762985e+01
1.785458592119787014e+01
2.209273585495285630e+01
2.740671594485635509e+01
3.408570477734756565e+01
4.250062716298656795e+01
5.312833191447310099e+01
6.658322139928604599e+01
8.365871835317777538e+01
1.053817464621224786e+02
1.330844633204077923e+02
1.684989133680311681e+02
2.138821949902844608e+02
2.721823387358487594e+02
3.472586171679365634e+02
4.441747868280152716e+02
5.695902606248107531e+02
7.322830604304887174e+02
