0.000000000000000000e+00 0.000000000000000000e+00
8.999999999999999320e-03 2.520000000000000018e-01
3.066666666666666499e-02 6.053333333333332789e-01
3.599999999999999728e-02 6.696666666666666323e-01
3.899999999999999994e-02 6.813333333333333464e-01
4.333333333333333481e-02 7.096666666666666679e-01
4.866666666666666363e-02 7.426666666666666972e-01
5.166666666666666630e-02 7.613333333333333064e-01
5.233333333333333587e-02 7.720000000000000195e-01
5.566666666666666985e-02 7.786666666666666181e-01
5.833333333333333426e-02 7.933333333333333348e-01
6.133333333333332998e-02 7.983333333333333393e-01
6.300000000000000044e-02 8.006666666666666377e-01
6.633333333333332749e-02 8.106666666666666465e-01
7.000000000000000666e-02 8.156666666666666510e-01
7.166666666666667018e-02 8.203333333333333588e-01
7.366666666666667196e-02 8.249999999999999556e-01
7.499999999999999722e-02 8.286666666666666625e-01
7.633333333333333637e-02 8.333333333333333703e-01
7.799999999999999989e-02 8.366666666666666696e-01
8.000000000000000167e-02 8.419999999999999707e-01
8.100000000000000255e-02 8.453333333333333810e-01
8.266666666666666607e-02 8.556666666666666865e-01
8.500000000000000611e-02 8.586666666666666892e-01
8.566666666666666874e-02 8.633333333333332860e-01
8.699999999999999400e-02 8.659999999999999920e-01
8.833333333333333315e-02 8.673333333333332895e-01
9.066666666666667318e-02 8.729999999999999982e-01
9.066666666666667318e-02 8.739999999999999991e-01
9.333333333333333759e-02 8.753333333333332966e-01
9.633333333333334025e-02 8.760000000000000009e-01
9.666666666666666463e-02 8.780000000000000027e-01
9.866666666666666641e-02 8.786666666666667069e-01
9.966666666666666730e-02 8.796666666666667078e-01
1.010000000000000064e-01 8.800000000000000044e-01
1.026666666666666700e-01 8.843333333333333046e-01
1.033333333333333326e-01 8.863333333333333064e-01
1.049999999999999961e-01 8.880000000000000115e-01
1.083333333333333370e-01 8.903333333333333099e-01
1.100000000000000006e-01 8.930000000000000160e-01
1.116666666666666641e-01 8.950000000000000178e-01
1.130000000000000032e-01 8.970000000000000195e-01
1.143333333333333285e-01 8.993333333333333179e-01
1.163333333333333303e-01 9.023333333333333206e-01
1.183333333333333320e-01 9.043333333333333224e-01
1.199999999999999956e-01 9.063333333333333242e-01
1.243333333333333374e-01 9.103333333333333277e-01
1.270000000000000018e-01 9.123333333333333295e-01
1.300000000000000044e-01 9.136666666666666270e-01
1.313333333333333297e-01 9.146666666666666279e-01
1.340000000000000080e-01 9.156666666666666288e-01
1.356666666666666576e-01 9.173333333333333339e-01
1.366666666666666585e-01 9.190000000000000391e-01
1.380000000000000115e-01 9.196666666666666323e-01
1.409999999999999865e-01 9.210000000000000409e-01
1.429999999999999882e-01 9.230000000000000426e-01
1.446666666666666656e-01 9.236666666666666359e-01
1.463333333333333430e-01 9.253333333333333410e-01
1.483333333333333448e-01 9.260000000000000453e-01
1.529999999999999971e-01 9.273333333333333428e-01
1.576666666666666772e-01 9.316666666666666430e-01
1.626666666666666539e-01 9.333333333333333481e-01
1.666666666666666574e-01 9.346666666666666456e-01
1.673333333333333339e-01 9.366666666666666474e-01
1.706666666666666610e-01 9.366666666666666474e-01
1.743333333333333401e-01 9.386666666666666492e-01
1.766666666666666663e-01 9.403333333333333544e-01
1.796666666666666690e-01 9.433333333333333570e-01
1.819999999999999951e-01 9.449999999999999512e-01
1.859999999999999987e-01 9.456666666666666554e-01
1.880000000000000004e-01 9.469999999999999529e-01
1.940000000000000058e-01 9.486666666666666581e-01
1.993333333333333346e-01 9.499999999999999556e-01
2.023333333333333373e-01 9.509999999999999565e-01
2.076666666666666661e-01 9.513333333333333641e-01
2.123333333333333461e-01 9.529999999999999583e-01
2.179999999999999993e-01 9.556666666666666643e-01
2.270000000000000073e-01 9.569999999999999618e-01
2.373333333333333406e-01 9.596666666666666679e-01
2.429999999999999938e-01 9.613333333333333730e-01
2.466666666666666730e-01 9.646666666666666723e-01
2.513333333333333530e-01 9.676666666666666750e-01
2.566666666666666541e-01 9.693333333333333801e-01
2.720000000000000195e-01 9.716666666666666785e-01
2.813333333333333242e-01 9.749999999999999778e-01
3.069999999999999951e-01 9.796666666666666856e-01
3.250000000000000111e-01 9.826666666666666883e-01
4.156666666666666843e-01 9.859999999999999876e-01
5.709999999999999520e-01 9.913333333333332886e-01
1.000000000000000000e+00 1.000000000000000000e+00
