9.240060899136141188e+02
6.841923691519310751e+02
5.092103013209066376e+02
3.809181773621439220e+02
2.864057788233145629e+02
2.164449300555739626e+02
1.644101480982266992e+02
1.255235998394528991e+02
9.632471061875554597e+01
7.429602904506580785e+01
5.759821886748864017e+01
4.488157276621308256e+01
3.515140131902052900e+01
2.767150502950326540e+01
2.189467386667008952e+01
1.741244439051152781e+01
1.391863244712816616e+01
1.118275866717896427e+01
9.030606127061989952e+00
7.329939854914982789e+00
5.979976585200623695e+00
4.903589630636790098e+00
4.041516112731620147e+00
3.348035646477109495e+00
2.787734399011725372e+00
2.333072727071247243e+00
1.962549962940719483e+00
1.659314578942957308e+00
1.410107745581998806e+00
1.204457358907731646e+00
1.034060914016761590e+00
8.923112699591142505e-01
7.739309161624445821e-01
6.746889158239967044e-01
5.911810671278172613e-01
5.206585696391081708e-01
4.608940344104635045e-01
4.100763420549251026e-01
3.667278606802963359e-01
3.296390525415444084e-01
2.978166481952864153e-01
2.704424414430227075e-01
2.468404255202734654e-01
2.264505015971968460e-01
2.088073826750696804e-01
1.935236178806659935e-01
1.802758954159616456e-01
1.687939631969439525e-01
1.588516467658864229e-01
1.502595536925268593e-01
1.428591394810929671e-01
1.365178773907472776e-01
1.311253277118580030e-01
1.265899441169998640e-01
1.228364881939413844e-01
1.198039500850514305e-01
1.174438947994154020e-01
1.157191714059348092e-01
1.146029368901169271e-01
1.140779587131761225e-01
1.141361706620654531e-01
1.147784659366837684e-01
1.160147200308087323e-01
1.178640442287474943e-01
1.203552788431692944e-01
1.235277440461398507e-01
1.274322757040784182e-01
1.321325844747623657e-01
1.377069890913379668e-01
1.442505898811968779e-01
1.518779669281267730e-01
1.607265098600197673e-01
1.709605142643116360e-01
1.827762147703766993e-01
1.964079689081972835e-01
2.121358615559109650e-01
2.302950704937587467e-01
2.512874236690277319e-01
2.755956939623008251e-01
3.038013250141547439e-01
3.366064718536031508e-01
3.748614856162185149e-01
4.195992896663660043e-01
4.720785076319472529e-01
5.338377423878345462e-01
6.067641091193691771e-01
6.931800490865623887e-01
7.959536658299357637e-01
9.186394295579807245e-01
1.065658219667435791e+00
1.242528497701746337e+00
1.456164165386837350e+00
1.715259694456853445e+00
2.030789867913011637e+00
2.416660565313673903e+00
2.890559310311589858e+00
3.475070955000991724e+00
4.199146535896165489e+00
5.100044272331326844e+00
6.225904060670132800e+00
