1.326070069713477295e+00
2.241510487157724274e+00
1.297716597828156404e+00
1.972529228698797210e+00
1.710867188157120244e+00
1.455914430706255036e+00
1.297716597828156404e+00
2.191699142998663863e+00
1.800324296034616633e+00
9.158171418958702681e-01
1.634381360921860704e+00
2.504799020569901558e+00
2.966209366464357178e+00
1.643774357248997786e+00
3.205359996635545716e+00
2.339862477920767514e+00
4.797137409930749108e+00
2.938665993775759322e+00
3.605253002033516285e+00
4.474366493670051348e+00
4.474366493670051348e+00
4.320778310483079920e+00
4.320778310483079920e+00
7.254853742144073081e+00
7.254853742144073081e+00
7.254853742144073081e+00
7.254853742144073081e+00
1.609786541591593689e+01
1.609786541591593689e+01
1.609786541591593689e+01
1.609786541591593689e+01
1.609786541591593689e+01
1.609786541591593689e+01
1.609786541591593689e+01
1.609786541591593689e+01
1.609786541591593689e+01
1.609786541591593689e+01
1.609786541591593689e+01
1.609786541591593689e+01
1.609786541591593689e+01
1.466741686951607981e+01
1.466741686951607981e+01
1.466741686951607981e+01
1.466741686951607981e+01
1.466741686951607981e+01
1.466741686951607981e+01
1.466741686951607981e+01
1.466741686951607981e+01
1.466741686951607981e+01
1.466741686951607981e+01
1.466741686951607981e+01
1.466741686951607981e+01
1.466741686951607981e+01
1.609786541591593689e+01
1.609786541591593689e+01
1.609786541591593689e+01
7.254853742144073081e+00
4.320778310483079920e+00
4.474366493670051348e+00
3.605253002033516285e+00
4.797137409930749108e+00
3.205359996635545716e+00
2.504799020569901558e+00
1.800324296034616633e+00
1.455914430706255036e+00
5.702890627190400075e-01
7.608327024981075271e-01
9.116731729280157515e-01
7.044747245352848131e-01
6.604450542518294220e-01
9.686527462360166041e-01
3.945058457397594975e-01
4.402967028345530220e-01
2.180517004513976842e-01
1.921294703278049465e-01
2.066459191970169140e-01
1.393466488091772149e-01
1.702480584293604715e-01
9.258810665320885147e-02
1.052951545568753117e-01
2.755345117104179495e-02
2.755345117104179495e-02
1.671792358818078791e-02
1.355076880410352978e-02
1.355076880410352978e-02
1.355076880410352978e-02
1.355076880410352978e-02
1.355076880410352978e-02
1.355076880410352978e-02
1.355076880410352978e-02
1.355076880410352978e-02
1.355076880410352978e-02
1.355076880410352978e-02
1.355076880410352978e-02
1.355076880410352978e-02
1.355076880410352978e-02
1.671792358818078791e-02
1.671792358818078791e-02
2.755345117104179495e-02
2.755345117104179495e-02
