3.577774035735157554e+01
7.113504727749057110e+02
7.113504727749057110e+02
7.113504727749057110e+02
7.113504727749057110e+02
7.113504727749057110e+02
7.113504727749057110e+02
7.113504727749057110e+02
7.113504727749057110e+02
7.113504727749057110e+02
7.113504727749057110e+02
7.113504727749057110e+02
7.113504727749057110e+02
7.113504727749057110e+02
7.113504727749057110e+02
7.113504727749057110e+02
7.113504727749057110e+02
7.113504727749057110e+02
7.113504727749057110e+02
7.113504727749057110e+02
7.113504727749057110e+02
7.113504727749057110e+02
7.113504727749057110e+02
7.113504727749057110e+02
7.113504727749057110e+02
7.113504727749057110e+02
7.113504727749057110e+02
7.113504727749057110e+02
7.113504727749057110e+02
7.113504727749057110e+02
7.113504727749057110e+02
7.113504727749057110e+02
3.577774035735157554e+01
3.577774035735157554e+01
3.577774035735157554e+01
3.577774035735157554e+01
3.577774035735157554e+01
3.577774035735157554e+01
3.577774035735157554e+01
1.315899401003414404e+01
1.315899401003414404e+01
4.171615816700801282e+00
4.171615816700801282e+00
2.564316781442551374e+00
7.153094179813431985e+00
2.496834760878273496e+00
1.835510959348352733e+00
2.005180039624250732e+00
1.773813111975298673e+00
7.557986303199099032e-01
6.073381850784990155e-01
4.858705480627992124e+00
4.798721462348634059e-01
4.627338552979039510e-01
3.239136987085328157e-01
7.712230921631733072e-01
3.856115460815866536e-01
2.159424658056885438e-01
2.999200913967896009e-01
5.398561645142212484e-01
1.439616438704590107e-01
6.351248994284956761e-02
8.997602741903688861e-02
3.599041096761475544e-01
7.712230921631732516e-02
7.080080846088147861e-02
1.044882899059783182e-01
9.559952913272669328e-02
6.033686544570708576e-02
6.033686544570708576e-02
8.602103720281549515e-02
4.071540905554182910e-02
4.071540905554182910e-02
1.630537564430652175e-02
1.630537564430652175e-02
1.630537564430652175e-02
1.098792130361857938e-02
1.098792130361857938e-02
1.098792130361857938e-02
1.098792130361857938e-02
1.098792130361857938e-02
1.098792130361857938e-02
1.098792130361857938e-02
1.098792130361857938e-02
1.098792130361857938e-02
1.098792130361857938e-02
1.098792130361857938e-02
1.098792130361857938e-02
1.098792130361857938e-02
1.098792130361857938e-02
1.098792130361857938e-02
1.098792130361857938e-02
1.098792130361857938e-02
1.098792130361857938e-02
1.098792130361857938e-02
1.098792130361857938e-02
1.630537564430652175e-02
1.630537564430652175e-02
1.630537564430652175e-02
4.071540905554182910e-02
