2.098052829022433396e+00
2.097044899807039009e+00
2.097112562057098284e+00
2.098085541634406415e+00
2.099606412582597503e+00
2.101118491393658250e+00
2.101914022540862792e+00
2.101328369882812019e+00
2.099048819868050142e+00
2.095321144229291832e+00
2.090849170428588533e+00
2.086475764618019646e+00
2.082927794703885116e+00
2.080784572528427301e+00
2.080662937492133047e+00
2.083676291956453763e+00
2.092806579334468786e+00
2.119881215170205557e+00
2.300253288443861788e+00
2.702373593547045871e+00
3.060163053754890505e+00
3.784475582713672903e+00
4.727076465732306332e+00
5.243727664263681199e+00
6.244779432262002494e+00
1.005468285943027418e+01
1.519675607083438962e+01
1.678923720350876891e+01
1.778257926352179297e+01
1.692708220236564287e+01
1.495867422959725346e+01
6.835737854706918526e+00
4.869620241814764938e+00
2.730224098282821199e+00
1.163855441722832396e+01
3.138078582430120722e+00
5.928857835550387811e+00
5.066973520688669907e+00
4.463858352375963179e+00
1.914148972317774255e+00
1.756614527206128207e+00
1.073510056034268745e+00
1.533339592548512487e+00
1.269112216941642002e+00
1.037431318270836567e+00
3.966993420763901268e-01
4.304561491241147286e-01
5.057759312987861744e-01
4.516860499941966478e-01
2.990015899937413790e-01
2.098876749569982825e-01
1.120498991877686285e-01
1.202911661707167096e-01
1.403599481056632958e-01
1.479604494338194187e-01
1.532351831950917176e-01
1.544539566748245607e-01
1.514470860632026739e-01
1.468474699303929099e-01
1.421593630767454541e-01
1.343615278043649996e-01
1.235164850322651164e-01
1.132341058293980518e-01
1.099618631844834493e-01
1.085459881742052851e-01
1.155247737662273289e-01
1.240450071977068913e-01
1.309357134165819447e-01
1.347227621511586371e-01
1.349336353713160297e-01
1.323215446866255474e-01
1.282273990718672263e-01
1.238437164724961181e-01
1.199184775761630573e-01
1.168094710522907254e-01
1.146376102568629068e-01
1.134105421049826506e-01
1.130937865164883399e-01
1.136423741176786906e-01
1.150077291374257821e-01
1.171286278385418322e-01
1.199106460757111137e-01
1.231980283234816315e-01
1.267462933523568758e-01
1.302123684690839889e-01
1.331854894468289252e-01
1.352732528158133996e-01
1.362237996941795815e-01
1.360255016671954864e-01
1.349244184658739132e-01
1.333538560202770784e-01
1.318313490008786448e-01
1.308913087889875815e-01
1.310943787857578591e-01
1.331384145203969582e-01
1.381422210221212032e-01
1.483913904994730859e-01
1.698442224945882761e-01
1.876070661383100469e-01
1.960111202233451311e-01
