2.050752792617773768e+00
5.764278119790499089e-01
6.730675832181410856e-01
9.374869909109823096e-01
1.069957978757099415e+00
6.802497068195542118e-01
5.249927149101500934e-01
7.537902156649113339e-01
8.634748600495888438e-01
4.394470269895229264e-01
6.992730833844212901e-01
7.345980152660681606e-01
8.948739458695741389e-01
4.101505585235546980e-01
4.632288660971912719e-01
3.022162010173561342e-01
4.384368039389723304e-01
4.496465382332303640e-01
3.048113440393631079e-01
3.080314398707512669e-01
3.080314398707512669e-01
1.817964637780080384e-01
1.817964637780080384e-01
1.276319404157577331e-01
1.276319404157577331e-01
1.276319404157577331e-01
1.276319404157577331e-01
6.340491725967996317e-02
6.340491725967996317e-02
6.340491725967996317e-02
6.340491725967996317e-02
6.340491725967996317e-02
6.340491725967996317e-02
6.340491725967996317e-02
6.340491725967996317e-02
6.340491725967996317e-02
6.340491725967996317e-02
6.340491725967996317e-02
6.340491725967996317e-02
7.719237066637318900e-02
6.340491725967996317e-02
6.340491725967996317e-02
7.719237066637318900e-02
7.719237066637318900e-02
7.719237066637318900e-02
7.719237066637318900e-02
7.719237066637318900e-02
7.719237066637318900e-02
7.719237066637318900e-02
7.719237066637318900e-02
7.719237066637318900e-02
7.719237066637318900e-02
6.340491725967996317e-02
6.340491725967996317e-02
6.340491725967996317e-02
6.340491725967996317e-02
1.276319404157577331e-01
1.817964637780080384e-01
3.080314398707512669e-01
4.496465382332303640e-01
3.022162010173561342e-01
4.101505585235546980e-01
6.992730833844212901e-01
7.537902156649113339e-01
1.218733088184277058e+00
1.249982654547976413e+00
1.267738089981896410e+00
1.822891371215799028e+00
2.145402921507824967e+00
1.312481787275375344e+00
1.367168528411849326e+00
4.921806702282657042e+00
2.417729608138849073e+00
4.218691459099420449e+00
5.906168042739188273e+00
6.994146366401670534e+00
8.749878581835835334e+00
6.703031985013523375e+00
1.006990336788865470e+01
1.128535476179962949e+01
3.113328890746239352e+01
4.571601225389468226e+01
4.571601225389468226e+01
8.757580939742381076e+01
8.757580939742381076e+01
8.757580939742381076e+01
8.757580939742381076e+01
8.757580939742381076e+01
8.960212201591502890e+01
8.960212201591502890e+01
8.757580939742381076e+01
8.757580939742381076e+01
8.757580939742381076e+01
8.757580939742381076e+01
8.757580939742381076e+01
8.757580939742381076e+01
4.571601225389468226e+01
4.571601225389468226e+01
3.113328890746239352e+01
3.113328890746239352e+01
