0.000000000000000000e+00
0.000000000000000000e+00
1.382631185573751642e-01
1.382631185573751642e-01
1.005666913824580400e+00
1.005666913824580400e+00
1.005666913824580400e+00
1.005666913824580400e+00
1.005666913824580400e+00
1.005666913824580400e+00
1.382631185573751642e-01
1.382631185573751642e-01
1.382631185573751642e-01
1.382631185573751642e-01
1.005666913824580400e+00
1.005666913824580400e+00
1.005666913824580400e+00
1.005666913824580400e+00
1.005666913824580400e+00
1.005666913824580400e+00
9.810469929718315107e-01
9.810469929718315107e-01
9.810469929718315107e-01
9.810469929718315107e-01
1.005666913824580400e+00
1.005666913824580400e+00
1.005666913824580400e+00
1.005666913824580400e+00
1.005666913824580400e+00
1.005666913824580400e+00
1.005666913824580400e+00
1.005666913824580400e+00
1.005666913824580400e+00
1.005666913824580400e+00
1.005666913824580400e+00
1.005666913824580400e+00
1.005666913824580400e+00
9.810469929718315107e-01
9.810469929718315107e-01
9.810469929718315107e-01
9.810469929718315107e-01
9.810469929718315107e-01
9.810469929718315107e-01
1.005666913824580400e+00
1.005666913824580400e+00
1.005666913824580400e+00
1.005666913824580400e+00
1.005666913824580400e+00
1.005666913824580400e+00
1.005666913824580400e+00
1.005666913824580400e+00
1.005666913824580400e+00
1.005666913824580400e+00
1.005666913824580400e+00
1.005666913824580400e+00
1.005666913824580400e+00
1.005666913824580400e+00
9.810469929718315107e-01
9.810469929718315107e-01
9.810469929718315107e-01
9.810469929718315107e-01
1.005666913824580400e+00
1.005666913824580400e+00
1.005666913824580400e+00
1.005666913824580400e+00
1.005666913824580400e+00
1.005666913824580400e+00
1.005666913824580400e+00
1.005666913824580400e+00
1.005666913824580400e+00
1.005666913824580400e+00
1.005666913824580400e+00
9.810469929718315107e-01
9.810469929718315107e-01
9.810469929718315107e-01
7.790783524385429537e-01
7.790783524385429537e-01
9.810469929718315107e-01
9.810469929718315107e-01
1.005666913824580400e+00
1.005666913824580400e+00
1.005666913824580400e+00
1.005666913824580400e+00
1.005666913824580400e+00
1.005666913824580400e+00
1.005666913824580400e+00
1.005666913824580400e+00
1.005666913824580400e+00
1.005666913824580400e+00
1.005666913824580400e+00
9.810469929718315107e-01
9.810469929718315107e-01
9.810469929718315107e-01
9.810469929718315107e-01
9.810469929718315107e-01
1.005666913824580400e+00
1.005666913824580400e+00
1.005666913824580400e+00
1.005666913824580400e+00
7.790783524385429537e-01
