7.551764938430257854e-03
1.018328381818427338e-02
-1.246078168767734140e-01
-1.200565735613910723e-01
-9.815350951006622804e-01
-9.738766417227839867e-01
-9.640543557095468952e-01
-9.515614921884225641e-01
-9.358152396231836923e-01
-9.161639875260045862e-01
-2.450110957145643087e-02
5.088868789904027468e-03
4.070628808633922069e-02
8.295818158891274385e-02
-7.351181525598944333e-01
-6.785225494771333077e-01
-6.147913699702958201e-01
-5.444373336399109808e-01
-4.683708507488177908e-01
-3.878688287614104890e-01
-2.798729318583141890e-01
-1.953466739895498572e-01
-1.114125555214862118e-01
-2.969244387564395904e-02
2.380524434885744611e-02
9.723725050351283983e-02
1.652333994713350851e-01
2.273646206416874982e-01
2.834833254810384950e-01
3.336682890886275565e-01
3.781651974295836549e-01
4.173308279422744960e-01
4.515854672317323182e-01
4.813753693145850221e-01
5.071451276292542332e-01
5.293187389091711381e-01
5.482876824042570707e-01
5.890242192130379362e-01
6.025988561987734027e-01
6.138995345160267458e-01
6.231531617909540355e-01
6.305475955384880482e-01
6.362340601700979814e-01
6.157096704641911167e-01
6.182993835018504303e-01
6.194384543474815707e-01
6.191537677911520543e-01
6.174452398457035418e-01
6.142868627036150997e-01
6.096275595188960228e-01
6.033919758741150829e-01
5.954813787408168579e-01
5.857748838502772060e-01
5.741312885251090847e-01
5.603918461308252663e-01
5.443843731261188701e-01
5.259291172043589757e-01
5.294667359292006825e-01
5.055892241961814637e-01
4.787728030978375404e-01
4.489142574752946757e-01
3.913490697051436040e-01
3.553502112242563626e-01
3.164268802257304003e-01
2.748191403649888898e-01
2.308867736001072313e-01
1.851090432505033689e-01
1.380733080500589072e-01
9.045173862856104030e-02
4.296731068691306277e-02
-3.647697089814938565e-03
-4.869583415350131617e-02
-6.693573285363718650e-02
-1.070948854920025228e-01
-1.441715290882152889e-01
2.404603506782110323e-02
-6.271082209489020620e-03
-2.351350846485819046e-01
-2.587208336382301743e-01
-3.038052250579384994e-01
-3.213891234132325581e-01
-3.363638351907128898e-01
-3.490131734813542996e-01
-3.596190977084537943e-01
-3.684513506926480053e-01
-3.757605932107959124e-01
-3.817744329012484616e-01
-3.866956985730458651e-01
-3.907023519239579690e-01
-3.939485151539681151e-01
-3.719462747167271433e-01
-3.740474677863163677e-01
-3.757264084755339573e-01
-3.770618132096484887e-01
-3.781190112423988836e-01
-4.035718270475631142e-01
-4.042246593498672880e-01
-4.047335608104964955e-01
-4.051279058582011317e-01
-1.788429107068904012e-01
