6.034199872884353777e-01
6.178228782078644121e-01
2.005316812534084225e-01
-3.125651571685961194e-01
-5.577893788073535752e-01
-8.094479781099337412e-01
-7.883758729448440139e-01
-7.492158545118006163e-01
-7.592435394064005472e-01
-3.248706941862675723e-01
-1.639786405913201683e-01
-1.350523905868048491e-01
1.556309176595429555e-01
1.507308453863667186e-01
1.566285954815400672e-01
2.413599138170136049e-01
2.985503976785255364e-01
9.538648695480456130e-02
1.435379255255569975e-01
-5.091531825282857859e-02
-3.171099138627186953e-01
-3.331389762851570957e-01
-1.049568578507555916e+00
-1.326686979710121950e+00
-1.288096805752772189e+00
-1.226885134937463873e+00
-9.003671833419699677e-01
-1.158818318189964724e-01
9.243133061012831497e-02
2.108798126072077839e-01
6.690073370680899023e-01
6.801492202823512523e-01
6.838148667133824299e-01
6.803948542710757108e-01
6.704942919018165304e-01
6.548700376542601065e-01
6.343660819103541515e-01
6.098545852559732472e-01
5.821874310662141783e-01
3.513408375036009001e-01
1.081971020509076009e-01
-5.145691429738730172e-02
-1.044081586058265287e-01
-1.366457363629516308e-01
-1.341521458998222727e-01
-4.459129687586660395e-03
3.245976846217381029e-01
2.940073715894878648e-01
2.644819148037785839e-01
2.360962506694074259e-01
4.693202898521838806e-01
4.033092057290207366e-01
3.134063598941434492e-01
2.833876700862117959e-01
3.156023461059128676e-01
3.480751064082806545e-01
7.080001694879178853e-02
5.178302849323179746e-02
3.382420903453053906e-02
1.688801000131545660e-02
-3.445649780862851674e-01
-5.425018654004034602e-01
-5.907860906806606804e-01
-6.030733014771355593e-01
-6.081668979862935309e-01
-5.035417587829962294e-01
-2.415330624303803075e-01
-8.562256700310433288e-02
-9.469113309862320360e-02
-1.029791539307483017e-01
1.303389480983491167e-01
-2.894339592847627873e-02
4.173551855733204086e-02
1.684687127215230840e-01
1.853987122390439168e-01
1.007458952301431010e-01
-4.466052141896481587e-02
3.729606678804509023e-03
1.152304721610224458e-01
9.274886583095875991e-02
-1.363896495308585255e-01
-1.320537958850558358e-01
-1.255777695386619541e-01
1.139737369192810323e-01
7.327878765553463847e-02
3.770976320214209365e-01
8.821253132833868360e-01
9.262611562379114982e-01
9.662576228757379093e-01
1.019582268620757404e+00
1.089194030008661551e+00
1.173980397662308439e+00
1.258334838558331503e+00
1.298266136788910341e+00
1.240837437380667208e+00
1.097357119249168900e+00
9.418031060724267878e-01
8.224062177690584230e-01
7.433545879010372559e-01
6.934638984545125062e-01
