4.250570777803409223e-02
1.659909448744633365e-01
4.274239929077109368e-01
2.822950077278754688e-01
3.696362118082474058e-01
5.463469135666608745e-01
6.065066446134748102e-01
5.535324102242449307e-01
4.128125386493449178e-01
3.272936836080880263e-01
2.848749251014844330e-01
2.879402526200629531e-01
3.255328651034124499e-01
3.500982502289888831e-01
3.359625198908944288e-01
2.938534491644440028e-01
2.859813000256786197e-01
3.624603113684241040e-01
6.757169993121611151e-01
1.898113233508919695e+00
9.458906318055368967e-01
9.759240838461858969e-01
2.814640214565090837e+00
3.786170411308151351e+00
3.945060997921337353e+00
3.743298209752552896e+00
3.837086401884852727e+00
3.969784052062013568e+00
3.513972593838100789e+00
2.383490213868508345e+00
9.486380875594480067e-01
7.200027120543660564e-01
1.476510217127822155e+00
1.984445007163154306e+00
1.655439807745326286e+00
1.387657933501379892e+00
1.491817332603243118e+00
1.881632520020364518e+00
1.845341944129592182e+00
1.040651818802338147e+00
6.825135111804213617e-01
1.405691815016165469e+00
2.874762830612044073e+00
3.691537591174915089e+00
3.977622049267764748e+00
3.777782592816717244e+00
3.642275918885436781e+00
3.812867723136584619e+00
3.976516754815329513e+00
3.625604695607731465e+00
2.759336836352641154e+00
1.298286668109927433e+00
6.747426861782011009e-01
1.121101034117913953e+00
1.939972354659059484e+00
1.633998830426857563e+00
9.808617804896359038e-01
7.559280830337283819e-01
7.081857532278451606e-01
7.233124805938945245e-01
8.234888894920537883e-01
1.163633512172923767e+00
1.772054673073681030e+00
1.939972354659059484e+00
1.445204303833355297e+00
9.053627182982825206e-01
6.854234488746806520e-01
6.905804202019328875e-01
7.468190996774410895e-01
7.521962930438146344e-01
6.969138692142581304e-01
6.826204655607148730e-01
9.403861388810498267e-01
1.622168683543897982e+00
1.930993360103234746e+00
1.012896978073054788e+00
6.390556335315914493e-01
4.191963748021942382e-01
3.262014514706374491e-01
2.895624709595827073e-01
2.794698858216195236e-01
2.823632550711845379e-01
2.818446210471291513e-01
2.798149559888903348e-01
3.018351529374163622e-01
3.499061854941279415e-01
5.627988140406099404e-01
9.585962440674203888e-01
1.939972354659059484e+00
8.329266061267787125e-01
9.703388502987422282e-01
2.707620441577461623e+00
3.766758113314918166e+00
3.873827542209926200e+00
3.197085831155690450e+00
2.847227057501985126e+00
3.213372567618619779e+00
3.916439734563425645e+00
3.588827342991694813e+00
1.940105499974784431e+00
