4.992787373027955944e+00
4.987633249212596986e+00
4.984662463769626406e+00
4.984621208824364658e+00
4.987528885589817662e+00
4.992757343196021047e+00
4.997401110534750224e+00
5.000976400736814043e+00
5.003516453878289916e+00
5.004223650315917205e+00
5.002526762470764332e+00
4.998202744828287969e+00
4.988956417220410167e+00
4.974456602547446593e+00
4.954278762041290918e+00
4.935468363676479342e+00
4.922538245343269558e+00
4.927752151773871603e+00
4.953738067185101457e+00
4.993230684434644573e+00
5.011223556410554281e+00
4.950427997528871416e+00
4.739075203695054306e+00
4.330375023778426424e+00
3.749293100212281793e+00
3.100979643359824234e+00
2.513351996592988691e+00
2.066147307349190942e+00
1.769526517920853692e+00
1.601847884650648091e+00
1.543740458930828785e+00
1.600716967300992000e+00
1.827956165953646961e+00
2.387957629619820832e+00
3.566942017456985692e+00
4.938797805379681272e+00
3.751278555028023209e+00
7.588125830810994454e-01
1.654291447018345074e-01
1.307801797286298529e+00
2.669443822862220372e+00
1.838950202571683956e+00
1.361339026892824489e+00
9.910351273290020080e-01
6.620933256034395864e-01
4.866947034514889636e-01
5.130202501661215164e-01
7.259976872911215739e-01
7.042000724282565516e-01
3.476713409066159444e-01
1.913079105337337216e-01
1.374675187160629974e-01
1.180525720641383836e-01
1.115867753206596230e-01
1.101587958453186938e-01
1.103538405408448358e-01
1.106788867304454582e-01
1.106806323199799463e-01
1.104257773219401162e-01
1.101822071221432581e-01
1.101739047188178833e-01
1.105043104795344483e-01
1.111122936575367759e-01
1.118195694028240039e-01
1.124224172811654349e-01
1.127564819571688914e-01
1.127362099293021114e-01
1.124028641680131224e-01
1.118812216489328132e-01
1.113232749308602915e-01
1.108397331173970324e-01
1.104913220079502129e-01
1.102881394127782494e-01
1.101940549161380956e-01
1.101673409768878370e-01
1.101763264851217672e-01
1.102305311991147452e-01
1.104166383792481027e-01
1.108440549207612008e-01
1.116475076557549712e-01
1.129602406593626235e-01
1.148693925149491118e-01
1.173942512056757592e-01
1.204037269017491502e-01
1.236824720817512047e-01
1.268770780328463132e-01
1.295713775442833837e-01
1.313488804644455943e-01
1.319184730469564470e-01
1.311542178306116524e-01
1.291758425119990950e-01
1.262838672754952041e-01
1.228895073938127830e-01
1.194328286343793594e-01
1.163010866236954405e-01
1.137425113966002849e-01
1.118880636774042675e-01
1.107613926528072251e-01
1.102272994252741084e-01
1.101390214788966343e-01
