1.033622796322476134e+01
1.028673138861634051e+01
1.010281141088651680e+01
9.968959747407918570e+00
9.965931037681547977e+00
1.007897554123227479e+01
1.023291332459416125e+01
1.033655511068671551e+01
1.033566185722082587e+01
1.024655251387693511e+01
1.014384677132096435e+01
1.011873087578779007e+01
1.021342607162094751e+01
1.034365681815937243e+01
1.017622342820126669e+01
9.086536460594039966e+00
6.607649132242032763e+00
3.584722591967988592e+00
1.845657792180591228e+00
1.378372389329096004e+00
1.172798047816380196e+00
9.829263044328131471e-01
8.630142186190234987e-01
8.561628984421553179e-01
8.252232381986079890e-01
7.934177334671331794e-01
8.316326333386728775e-01
9.399960523001679169e-01
1.117535334510764589e+00
6.865299764272618788e-01
2.743630441044650481e-01
1.726717671129193443e-01
1.553021142662200371e-01
1.613696434928609258e-01
1.711464494772373390e-01
1.761806648806595321e-01
1.747462438068772550e-01
1.692667250279358548e-01
1.629769673559705034e-01
1.582132061190550387e-01
1.557669841968647717e-01
1.553313512272720687e-01
1.561008472842689010e-01
1.571721536543044251e-01
1.578057767325323768e-01
1.578008098176240381e-01
1.572835559403115147e-01
1.565346178266610044e-01
1.558692738053614468e-01
1.554574630034246674e-01
1.553035096417960115e-01
1.553092387583945577e-01
1.553808734025941551e-01
1.553977106406463082e-01
1.553370685108395044e-01
1.553069767440918014e-01
1.553014572544306471e-01
1.554746933778204665e-01
1.557531566427149128e-01
1.560772978441162251e-01
1.564531320004823034e-01
1.566894941515254158e-01
1.567705696656743197e-01
1.567025184553752504e-01
1.565093782359698038e-01
1.562287076628181004e-01
1.559643362949059142e-01
1.557522226085084061e-01
1.555721346660813298e-01
1.555036485069564989e-01
1.554775793379362947e-01
1.554902072404303615e-01
1.555402168583197853e-01
1.556874818346569156e-01
1.558977760351758224e-01
1.561507563147488120e-01
1.564826781996754013e-01
1.567591612774850984e-01
1.569651263494022952e-01
1.570471912562943495e-01
1.569497664720585772e-01
1.567253800095866623e-01
1.564096122942871536e-01
1.560422559813392229e-01
1.557733552412023659e-01
1.555481995490733960e-01
1.554740565126951912e-01
1.554690166680571528e-01
1.555647463617086668e-01
1.560073742058109836e-01
1.571840774635343552e-01
1.599347510621940416e-01
1.657173675244613953e-01
1.769525803759605664e-01
1.977571345352542587e-01
2.351964418382846700e-01
3.019102239077696148e-01
4.187880816157500408e-01
6.081339664575415860e-01
8.517420807878708366e-01
