0.000000000000000000e+00
4.690241345261470367e-09
4.323353100349373590e-01
9.612810808907427118e-01
1.223328803265286702e+00
1.492962072878602164e+00
1.491199591103360200e+00
1.472874882221145487e+00
1.505460253625623857e+00
1.095568118137097757e+00
9.612810808907427118e-01
9.612810808907427118e-01
7.020307571745382225e-01
7.410350614249778811e-01
7.720438836154782658e-01
7.271035916514713149e-01
7.126030267289733544e-01
9.612810808907427118e-01
9.612810808907427118e-01
1.206200806538917369e+00
1.524699142526634077e+00
1.594222204853987579e+00
2.364517020896510946e+00
2.694893102456257683e+00
2.707845493748047172e+00
2.695275397694202102e+00
2.413301923642526159e+00
1.668137201117842361e+00
1.492945130681378796e+00
1.400666174190625668e+00
9.612810808907427118e-01
9.612810808907427118e-01
9.612810808907427118e-01
9.612810808907427118e-01
9.612810808907427118e-01
9.612810808907427118e-01
9.612810808907427118e-01
9.612810808907427118e-01
9.612810808907427118e-01
1.162100684281043961e+00
1.373574159251705451e+00
1.500539804190798021e+00
1.520314928931649323e+00
1.519327134206942320e+00
1.483912570262320596e+00
1.321881086790728022e+00
9.612810808907427118e-01
9.612810808907427118e-01
9.612810808907427118e-01
9.612810808907427118e-01
7.008565534110225981e-01
7.408745338709900041e-01
8.059960273239743511e-01
8.124360297458820268e-01
7.578263590719424014e-01
7.041163062291567742e-01
9.612810808907427118e-01
9.612810808907427118e-01
9.612810808907427118e-01
9.612810808907427118e-01
1.306785426185925303e+00
1.489727340344630280e+00
1.523938111651864435e+00
1.523043437923668142e+00
1.515819376101659843e+00
1.399716446361752187e+00
1.127048834094624752e+00
9.612810808907427118e-01
9.612810808907427118e-01
9.612810808907427118e-01
7.204528853085354623e-01
8.730068727381414817e-01
7.963927344486977367e-01
6.645379408776268537e-01
6.433315403682268174e-01
7.245984507462917001e-01
8.675720146544931843e-01
8.177867130784076677e-01
7.060416298171244831e-01
7.295810404429017293e-01
9.612810808907427118e-01
9.612810808907427118e-01
9.612810808907427118e-01
7.308451677331510021e-01
7.839843022225473357e-01
4.968986530150568126e-01
1.424114516572345598e-02
3.180305030352245909e-09
0.000000000000000000e+00
0.000000000000000000e+00
0.000000000000000000e+00
0.000000000000000000e+00
0.000000000000000000e+00
0.000000000000000000e+00
0.000000000000000000e+00
0.000000000000000000e+00
0.000000000000000000e+00
0.000000000000000000e+00
0.000000000000000000e+00
0.000000000000000000e+00
