9.861267156142004831e-02
9.861267156142004831e-02
9.861267156142004831e-02
9.861267156142004831e-02
9.861267156142004831e-02
9.861267156142004831e-02
9.861267156142004831e-02
9.861267156142004831e-02
9.861267156142004831e-02
9.861267156142004831e-02
9.861267156142004831e-02
9.861267156142004831e-02
9.861267156142004831e-02
9.861267156142004831e-02
9.861267156142004831e-02
9.861267156142004831e-02
9.861267156142004831e-02
9.861267156142004831e-02
9.861267156142004831e-02
9.861267156142004831e-02
9.861267156142004831e-02
9.861267156142004831e-02
9.861267156142004831e-02
9.861267156142004831e-02
9.861267156142004831e-02
9.861267156142004831e-02
9.861267156142004831e-02
9.861267156142004831e-02
9.861267156142004831e-02
9.861267156142004831e-02
9.861267156142004831e-02
9.861267156142004831e-02
9.861267156142004831e-02
9.861267156142004831e-02
9.861267156142004831e-02
9.861267156142004831e-02
9.861267156142004831e-02
9.861267156142004831e-02
9.861267156142004831e-02
9.861267156142004831e-02
9.861267156142004831e-02
9.861267156142004831e-02
9.861267156142004831e-02
9.861267156142004831e-02
9.861267156142004831e-02
9.861267156142004831e-02
9.861267156142004831e-02
9.861267156142004831e-02
9.861267156142004831e-02
9.861267156142004831e-02
9.861267156142004831e-02
9.861267156142004831e-02
9.861267156142004831e-02
9.861267156142004831e-02
9.861267156142004831e-02
9.861267156142004831e-02
9.861267156142004831e-02
9.861267156142004831e-02
9.861267156142004831e-02
9.861267156142004831e-02
9.861267156142004831e-02
9.861267156142004831e-02
9.861267156142004831e-02
9.861267156142004831e-02
9.861267156142004831e-02
9.861267156142004831e-02
9.861267156142004831e-02
9.861267156142004831e-02
9.861267156142004831e-02
9.861267156142004831e-02
9.861267156142004831e-02
9.861267156142004831e-02
9.861267156142004831e-02
9.861267156142004831e-02
9.861267156142004831e-02
2.523129217768698140e+00
3.306578778720284273e+00
3.216960718645769379e+00
2.474655948960776897e+00
9.861267156142004831e-02
9.861267156142004831e-02
9.861267156142004831e-02
9.861267156142004831e-02
9.861267156142004831e-02
9.861267156142004831e-02
9.861267156142004831e-02
9.861267156142004831e-02
9.861267156142004831e-02
9.861267156142004831e-02
8.530404120803732226e+00
5.340079353824406117e+07
0.000000000000000000e+00
0.000000000000000000e+00
0.000000000000000000e+00
0.000000000000000000e+00
0.000000000000000000e+00
0.000000000000000000e+00
0.000000000000000000e+00
0.000000000000000000e+00
0.000000000000000000e+00
