7.672326820696948602e-01
7.552674739245611724e-01
7.361215155398420640e-01
7.539609779106668519e-01
7.457691569636365481e-01
7.267149728869930492e-01
7.168297242036801853e-01
7.176258677246438733e-01
7.294621732999531094e-01
7.400829238356000372e-01
7.474938543176979922e-01
7.481242250211148637e-01
7.416766268641024062e-01
7.355421382032165667e-01
7.427181750428716311e-01
7.854846715164260917e-01
9.016794695862226927e-01
1.130250236886623627e+00
1.341354069552544770e+00
1.362805966174283956e+00
1.452943154110677648e+00
1.494849760652065651e+00
1.449799778027553998e+00
1.431174242649651873e+00
1.438514917852098396e+00
1.454147727574001348e+00
1.445852894918618237e+00
1.419154337799744869e+00
1.391693428770747198e+00
1.537379336520072748e+00
1.758480751296618738e+00
1.816730886479498430e+00
1.741495501638732346e+00
1.699691727255475460e+00
1.698305362595122103e+00
1.692852491858560793e+00
1.703457172927834939e+00
1.727207966414158635e+00
1.742528255445427554e+00
1.791484943349865411e+00
1.794230567374694552e+00
1.746633498117293737e+00
1.673616423486702143e+00
1.649828368946791635e+00
1.644160440694842684e+00
1.650743078317282064e+00
1.654650633042779706e+00
1.648517087893962785e+00
1.644544872331201946e+00
1.656988176354999842e+00
1.690763435082766941e+00
1.796302376043773741e+00
1.889657970923473762e+00
1.818505276571122931e+00
1.738993723071287523e+00
1.763495564561886164e+00
1.837980081434645419e+00
1.874654189884931377e+00
1.883442602393700316e+00
1.880493784860370665e+00
1.862500261448732264e+00
1.812674814500241594e+00
1.751345234448095978e+00
1.738521426562069871e+00
1.780914843598980557e+00
1.849082639073235557e+00
1.887641239657425141e+00
1.886725588570913104e+00
1.876227107079957879e+00
1.875293593780189783e+00
1.885668028061968649e+00
1.888450322231686851e+00
1.843977401610860767e+00
1.764426764323185459e+00
1.739464265076772209e+00
7.448151756722893868e-01
7.296531395662799735e-01
7.878314483130908208e-01
8.910727671594771415e-01
1.983817285921339879e+00
1.986848124845447039e+00
1.985881175707599811e+00
1.985948772388128170e+00
1.986461099907240735e+00
1.979610099496781572e+00
1.965490285155772288e+00
1.912311827763774286e+00
1.840458918740457195e+00
1.738526527157219892e+00
5.040370593131638932e-01
3.329437693613090943e-01
1.870726726358710623e+00
1.828971829075526578e+00
1.821389849768531688e+00
1.835111459190145178e+00
1.834604872824349142e+00
1.794171974962665894e+00
1.728538528665270801e+00
1.673171594695668229e+00
1.675870806273959790e+00
