-1.638126947812594825e-01
-1.374445910264554538e-01
-1.032545242514962824e-01
-1.052450541885202595e-01
-8.022973250570342163e-02
-4.320087811832462599e-02
-1.400600604516399894e-02
6.033159984700997569e-03
1.675454091927019995e-02
3.061450011523014769e-02
4.980858598172455132e-02
7.810446528282299905e-02
1.159850479699787718e-01
1.562237686081280330e-01
1.859543040541467018e-01
1.829788339520588281e-01
1.094739548212761981e-01
-7.358266904107635398e-02
-2.365350631362450606e-01
-2.075204778881951651e-01
-2.453539254467622666e-01
-2.337665320832351679e-01
-1.348513356385989681e-01
-6.296811990351613986e-02
-1.876622985682341316e-02
1.424253518273688179e-02
6.708184538193795454e-02
1.331010314991010191e-01
1.936830325207599124e-01
7.416665027776070396e-02
-1.281923333377861240e-01
-1.753005853064044661e-01
-9.639955403460720440e-02
-5.801579209365703704e-02
-6.652998980256286110e-02
-7.670137331355797450e-02
-1.078100101267380762e-01
-1.560723002674426763e-01
-1.990597434884706640e-01
-2.780434215652205499e-01
-3.124593060720814997e-01
-2.975506082238830174e-01
-2.577096531608793484e-01
-2.671469711028009453e-01
-2.944000163323443608e-01
-3.333211212141407032e-01
-3.687718675302988913e-01
-3.932286354137322082e-01
-4.187818766366806500e-01
-4.596108447948497044e-01
-5.205865918195604625e-01
-6.521186364437630001e-01
-7.702555837053559618e-01
-7.226815767390291079e-01
-6.655650178934322536e-01
-7.113041519244487354e-01
-8.058989835951109182e-01
-8.615900805009568675e-01
-8.883373124684270650e-01
-9.023246939683124968e-01
-9.002798133490921284e-01
-8.654493395560147739e-01
-8.181932134768922227e-01
-8.185512901155372889e-01
-8.732623654836142446e-01
-9.529079514944795992e-01
-1.002125467993180585e+00
-1.011067074683274836e+00
-1.009637159287838371e+00
-1.016991666820195483e+00
-1.034876194655084181e+00
-1.044386845422021537e+00
-1.005849148604831100e+00
-9.314201107240355215e-01
-9.107340124695014749e-01
8.052917030414541433e-02
9.325835366924839498e-02
3.368487144412135592e-02
-6.980066518133021258e-02
-1.161487379647479390e+00
-1.161956693485562742e+00
-1.156653890701913046e+00
-1.150245461036047523e+00
-1.141642195254808811e+00
-1.122347009618699598e+00
-1.091494000119294538e+00
-1.015945369314664060e+00
-9.141977593222406773e-01
-7.722689042814819826e-01
5.155452093075935105e-01
7.562502606473524569e-01
-6.967463286964021840e-01
-5.706369905171950752e-01
-5.231237129796213470e-01
-5.942740218094779703e-01
-7.372477535751802424e-01
-8.523688688902391064e-01
-9.061323108962123785e-01
-9.298170067946309736e-01
-9.824069078194472837e-01
