0.000000000000000000e+00 0.000000000000000000e+00
9.699999999999999734e-01 8.800000000000000044e-01
9.699999999999999734e-01 8.900000000000000133e-01
9.699999999999999734e-01 9.000000000000000222e-01
9.699999999999999734e-01 9.100000000000000311e-01
9.699999999999999734e-01 9.200000000000000400e-01
9.699999999999999734e-01 9.300000000000000488e-01
9.699999999999999734e-01 9.399999999999999467e-01
9.799999999999999822e-01 9.399999999999999467e-01
9.899999999999999911e-01 9.399999999999999467e-01
9.899999999999999911e-01 9.499999999999999556e-01
9.899999999999999911e-01 9.599999999999999645e-01
9.899999999999999911e-01 9.699999999999999734e-01
9.899999999999999911e-01 9.799999999999999822e-01
1.000000000000000000e+00 9.799999999999999822e-01
1.000000000000000000e+00 9.899999999999999911e-01
1.000000000000000000e+00 1.000000000000000000e+00
