1.008527766149524441e+00
1.009513161359063993e+00
1.010121279432120156e+00
1.010527207825186791e+00
1.010825496970944926e+00
1.010969291605919862e+00
1.010988633170794682e+00
1.010871959955784272e+00
1.010645677221378325e+00
1.010284399468122096e+00
1.009826893176533735e+00
1.009475905922041949e+00
1.009507452571758890e+00
1.009916753501149511e+00
1.010268964759036825e+00
1.010046092447305810e+00
1.009123743718278288e+00
1.007841500401999602e+00
1.006646763296999092e+00
1.005673707416986806e+00
1.004701408143160224e+00
1.003501509902847033e+00
1.002098894638900894e+00
1.000723665140380136e+00
9.995824403147181014e-01
9.986854183188480505e-01
9.979203116672569207e-01
9.971743908986956395e-01
9.964701301127375510e-01
9.959766727346741622e-01
9.959123946691639251e-01
9.963343469848837675e-01
9.969959837741907416e-01
9.973811792099257501e-01
9.969109148891094341e-01
9.950574683247167540e-01
9.914493072691473730e-01
9.860743632256692148e-01
9.796489754342382339e-01
9.734007499074421865e-01
9.680938523171714882e-01
9.637610573741397513e-01
9.599864481297892826e-01
9.565083715477744608e-01
9.529955064811630461e-01
9.495142957034864439e-01
9.464937529895087742e-01
9.443539574029835570e-01
9.436504785283632568e-01
9.449484002825994100e-01
9.480761866015682271e-01
9.514969858449067175e-01
9.535456196818496988e-01
9.541452944455557361e-01
9.547428288639938643e-01
9.563517486267878454e-01
9.588813897778372120e-01
9.617597623242035709e-01
9.642178986839919919e-01
9.661293681324638616e-01
9.674241872589115498e-01
9.682166260816522652e-01
9.688607367480759347e-01
9.698542046222503599e-01
9.715089793911592109e-01
9.740127329874730400e-01
9.774019142044335640e-01
9.811665879903309628e-01
9.847037312226226691e-01
9.875876855030799595e-01
9.897374418588813505e-01
9.913761804497862595e-01
9.928585922968290456e-01
9.945057133810419892e-01
9.964854324493750415e-01
9.987298830082882439e-01
1.001092810765706664e+00
1.003504893586826707e+00
1.005954195494428882e+00
1.008380931133582292e+00
1.010652249231829281e+00
1.012619173237533587e+00
1.014172824238833481e+00
1.015304577574498657e+00
1.016101724929763028e+00
1.016671278696708036e+00
1.017079196564346422e+00
1.017347040744513542e+00
1.017488950388081514e+00
1.017535524216666154e+00
1.017544307274528936e+00
1.017534648038479039e+00
1.017549999374674830e+00
1.017572666178416796e+00
1.017636838891152085e+00
1.017722556038562320e+00
1.017869124011820947e+00
1.018090626714680980e+00
1.018389967019572628e+00
1.018784381781670412e+00
