-9.935731790180920342e+00
-1.016895186982486443e+01
-1.023049836525848200e+01
-1.014405074729630840e+01
-9.952748675696962977e+00
-9.710048819734526049e+00
-9.456531077321516321e+00
-9.202656160778628802e+00
-8.946741560930250969e+00
-8.693857620796350716e+00
-8.444639861052388952e+00
-8.192626717455091523e+00
-7.937308233557065051e+00
-7.683471247306111529e+00
-7.433397343491813913e+00
-7.186419644826357533e+00
-6.942158880484816663e+00
-6.702157896653956115e+00
-6.468516559170259583e+00
-6.242111347449166736e+00
-6.024795467012923567e+00
-5.820468917234307149e+00
-5.630899363151856463e+00
-5.452781995933470682e+00
-5.279636713646683077e+00
-5.106421444267295939e+00
-4.933388259625806960e+00
-4.765014115487748114e+00
-4.604835490250630770e+00
-4.452793370002250839e+00
-4.306700441066963592e+00
-4.164761992803271973e+00
-4.027702002114468272e+00
-3.898808391739870594e+00
-3.779644546133403171e+00
-3.667025269811090560e+00
-3.556858826186507727e+00
-3.448315238274095140e+00
-3.345526413522820874e+00
-3.253480357492130270e+00
-3.169232061863119121e+00
-3.086715361716267036e+00
-3.004219352334648097e+00
-2.919585551128681011e+00
-2.828704952397365524e+00
-2.730253789377741658e+00
-2.627013037814954544e+00
-2.515174783163295125e+00
-2.385533543653179489e+00
-2.235924901121485675e+00
-2.067644885846342984e+00
-1.879271485486390780e+00
-1.680122146235439207e+00
-1.498637890806606698e+00
-1.361955434906916729e+00
-1.280703872988025349e+00
-1.247880490585119961e+00
-1.253377858839799686e+00
-1.275527264132429561e+00
-1.300129688467757116e+00
-1.316052859586401169e+00
-1.316806736678435286e+00
-1.301734333931153564e+00
-1.278203131873461906e+00
-1.255403647247381294e+00
-1.247566700703745646e+00
-1.274676271742067435e+00
-1.347602676645336839e+00
-1.474348321444308052e+00
-1.646180036593218876e+00
-1.838463724400948518e+00
-2.024393183003817320e+00
-2.190784814221374610e+00
-2.337963920674976492e+00
-2.467384578419888896e+00
-2.578042929712676568e+00
-2.676144964306643725e+00
-2.768723315358688097e+00
-2.855295197909236027e+00
-2.934351209382200398e+00
-3.007790800894539984e+00
-3.078594246736650053e+00
-3.147984394280037623e+00
-3.216524929112468456e+00
-3.286663513865656583e+00
-3.361526199476062349e+00
-3.440908972427434875e+00
-3.521736086944566413e+00
-3.601488578586726774e+00
-3.679460067384392019e+00
-3.756285018327340630e+00
-3.833067395219388551e+00
-3.910791355613786546e+00
-3.989627721367832169e+00
-4.068851325954010889e+00
-4.147343969510940198e+00
-4.224203779015259563e+00
-4.298922833746511074e+00
-4.371422561592162026e+00
-4.441758581174077847e+00
