3.272488628256739585e+00
3.219663897330695246e+00
3.166627425435040166e+00
3.113363597780489656e+00
3.059856090299721831e+00
3.006087892013202367e+00
2.952041335969257663e+00
2.897698139487385305e+00
2.843039454389029608e+00
2.788045927833587623e+00
2.732697774287037529e+00
2.676974859034663812e+00
2.620856793506504800e+00
2.564323042514059292e+00
2.507353043299732409e+00
2.449926336078065425e+00
2.392022705502591329e+00
2.333622332228320495e+00
2.274705953462739849e+00
2.215255031114641504e+00
2.155251925868253871e+00
2.094680075239168993e+00
2.033524173418634895e+00
1.971770350494383317e+00
1.909406348459879776e+00
1.846421691299780843e+00
1.782807846376294858e+00
1.718558374346455198e+00
1.653669064918907861e+00
1.588138055913122848e+00
1.521965933313162544e+00
1.455155810308410791e+00
1.387713383677722456e+00
1.319646966291207590e+00
1.250967494962406334e+00
1.181688513368127857e+00
1.111826130247594691e+00
1.041398953579911968e+00
9.704280019031967797e-01
8.989365943645384327e-01
8.269502214643429383e-01
7.544963987706601038e-01
6.816045061212450129e-01
6.083056149987244865e-01
5.346323068560954184e-01
4.606184851877523911e-01
3.862991840897183060e-01
3.117103759388775153e-01
2.368887806531656537e-01
1.618716787830014603e-01
8.669673043903980414e-02
1.140180179323957432e-02
-6.397519939049445270e-02
-1.393964780239529411e-01
-2.148244948674675747e-01
-2.902220979819016833e-01
-3.655526420830366163e-01
-4.407800956489813515e-01
-5.158691358336158217e-01
-5.907852314149919515e-01
-6.654947141562712609e-01
-7.399648390786741636e-01
-8.141638342420454144e-01
-8.880609407007407086e-01
-9.616264433526455768e-01
-1.034831693429680843e+00
-1.107649123391497792e+00
-1.180052254982832061e+00
-1.252015701201568465e+00
-1.323515162901289788e+00
-1.394527420721101141e+00
-1.465030322998750911e+00
-1.535002770282282825e+00
-1.604424697012068801e+00
-1.673277050900433327e+00
-1.741541770491170649e+00
-1.809201761337038139e+00
-1.876240871190309356e+00
-1.942643864560416489e+00
-2.008396396953782581e+00
-2.073484989074533047e+00
-2.137897001231018557e+00
-2.201620608162041748e+00
-2.264644774468331345e+00
-2.326959230809233947e+00
-2.388554451001553058e+00
-2.449421630136934258e+00
-2.509552663816068563e+00
-2.568940128581966853e+00
-2.627577263620662240e+00
-2.685457953785640672e+00
-2.742576713991908388e+00
-2.798928675016825185e+00
-2.854509570737375324e+00
-2.909315726827298221e+00
-2.963344050932384732e+00
-3.016592024337974465e+00
-3.069057695139248754e+00
-3.120739672922140162e+00
-3.171637124960359877e+00
