-7.132906495250477263e+00
-7.046631320803146359e+00
-6.945480931810337211e+00
-6.823252636948744509e+00
-6.677516897952267882e+00
-6.511898740889042081e+00
-6.334412105477332133e+00
-6.151274676812822584e+00
-5.961339932843690015e+00
-5.759575199273179180e+00
-5.548224775482008653e+00
-5.341071850186125403e+00
-5.152976133566927075e+00
-4.985908324853408402e+00
-4.828149389677005132e+00
-4.660217761340709863e+00
-4.468967691317120128e+00
-4.267795930299028484e+00
-4.084087361669284988e+00
-3.927499461415393966e+00
-3.793184857278617539e+00
-3.675577685379024739e+00
-3.562572176779309707e+00
-3.438832074831241314e+00
-3.304870628059346060e+00
-3.181610359028620216e+00
-3.080854215643602512e+00
-2.999468789704995419e+00
-2.932769053932003711e+00
-2.871137853069885004e+00
-2.808385387348960816e+00
-2.745956107589650141e+00
-2.676198583228933892e+00
-2.581529388473661868e+00
-2.458304821769329518e+00
-2.299441498758246549e+00
-2.094923488684226953e+00
-1.862253364338201322e+00
-1.657856184334474570e+00
-1.528315391800372236e+00
-1.476688591276984042e+00
-1.479638596449316168e+00
-1.501897950240405066e+00
-1.523480963184672632e+00
-1.525414837301938942e+00
-1.508015498445392399e+00
-1.484701651047067639e+00
-1.473916129015661713e+00
-1.501291803472716513e+00
-1.588518710396313427e+00
-1.741671329322726169e+00
-1.940181144386476042e+00
-2.143488266869145953e+00
-2.314863156865673233e+00
-2.450922612631507569e+00
-2.559113182977000633e+00
-2.646361612103824257e+00
-2.713096611914788792e+00
-2.767282505277723015e+00
-2.820150005339718824e+00
-2.873027476120403989e+00
-2.925088320835231404e+00
-2.979937366115211539e+00
-3.043990940380150612e+00
-3.121232561677621753e+00
-3.214226619537528862e+00
-3.323816196442462623e+00
-3.439503698912766083e+00
-3.547561999235967267e+00
-3.646638616188605297e+00
-3.746422889841305004e+00
-3.856944389280200003e+00
-3.983225222048061731e+00
-4.129345586053057460e+00
-4.297855311279962010e+00
-4.478982018844268609e+00
-4.652290887169582057e+00
-4.807511068545272437e+00
-4.953942621570222471e+00
-5.107938320674296762e+00
-5.282529326004572034e+00
-5.481690176204094378e+00
-5.696123000451501106e+00
-5.911086281192087455e+00
-6.120944682819436267e+00
-6.331952049810753991e+00
-6.547830190265860217e+00
-6.757535421421428268e+00
-6.943532683494876068e+00
-7.101976773307448809e+00
-7.252062017292418616e+00
-7.420735166765039637e+00
-7.616652961561598545e+00
-7.822443927770672545e+00
-8.008752286334146930e+00
-8.149833696060891697e+00
-8.230153909851164684e+00
-8.244358205750373259e+00
-8.193371783477028103e+00
-8.082701602535642849e+00
