9.656592853579271107e-02
9.692648785178414883e-02
-nan
9.677618573023805126e-02
9.014700031504219169e-02
9.740473442320940478e-02
9.736558712302967322e-02
9.690774641787891497e-02
8.440493190668041379e-02
9.649446013999485317e-02
9.571879902918833949e-02
9.511981059539031946e-02
8.590643015724008791e-02
9.734200089786382293e-02
9.534673849576646987e-02
7.089772525920334800e-02
9.161766069469923224e-02
8.814116212949496543e-02
8.383384913414237971e-02
7.029726469190356042e-02
8.188469767437522862e-02
7.703109662969520599e-02
5.662426931004693742e-02
7.885312788672305118e-02
7.017344553313398237e-02
1.754845498205037657e-02
2.510990465637985558e-02
1.909881944003699594e-02
1.357968982578228179e-03
2.388275257930239093e-02
-1.283381382883863608e-03
-3.208824670074439389e-02
-4.020380922115185385e-02
-4.633137488695560080e-02
-1.169547809893667356e-01
-9.349558554858350412e-02
-1.034835797238029542e-01
-1.661622194566374500e-01
-1.254053314904972627e-01
-1.536545209978943394e-01
-1.779205983372300626e-01
-2.061385861468729708e-01
-2.061385861468727487e-01
-2.816740980057903521e-01
-2.442665185032820707e-01
-2.992122834087007632e-01
-2.992122834087005412e-01
-2.587784746386612156e-01
-3.496239763295998504e-01
-3.151827486277474222e-01
-3.151827486277472001e-01
-3.310593033573229205e-01
-3.163022527477516999e-01
-3.475731410296624135e-01
-3.624316248779154703e-01
-3.283192727367929553e-01
-3.407064240925653520e-01
-3.159687546778400247e-01
-2.729700352033000987e-01
-3.071599972266317868e-01
-2.546613989040729109e-01
-2.160884928569213326e-01
-2.478273637719516920e-01
-1.928657388748391543e-01
-1.928657388748391543e-01
-1.748646018283819270e-01
-1.197040003932099417e-01
-8.771070152031623657e-02
-1.127252657127242319e-01
-5.192387737772974354e-02
-8.428166753481058926e-02
-5.987263187958791200e-02
-1.321929533697097092e-02
-1.687852477652374006e-02
-8.209087007729154450e-03
2.007613978841393809e-02
3.933180571699312900e-02
7.089618638580041932e-03
5.847651033307799118e-02
6.572484401197642434e-02
2.825271576888699343e-02
4.649906030363837317e-02
4.797139502298763958e-02
3.940117063944503784e-02
3.940117063944503784e-02
7.048962841366090970e-02
7.447951129270213855e-02
5.986101661701548338e-02
6.552037437047086854e-02
7.821548673804112894e-02
6.535341621484125341e-02
6.540945963194033652e-02
6.813261987799190678e-02
8.911318231907694454e-02
9.170071250333355906e-02
9.220536915482391294e-02
9.255287990792515629e-02
1.103571499478057660e-01
1.013002152015287649e-01
1.013177245182528274e-01
