-1.404750474259697235e-03
-1.817136495719240408e-03
-nan
-1.825165264785821861e-03
4.686631701447674381e-03
-2.723545802341575950e-03
-2.881246710342177941e-03
-2.676148035762437871e-03
9.504019015844300533e-03
-2.995018018080441990e-03
-2.736081819426972039e-03
-2.785266350186055284e-03
5.619895468107816150e-03
-6.817382594588861089e-03
-6.056050833326831473e-03
1.688240136597340957e-02
-5.675082220999660976e-03
-4.419553565890410596e-03
-2.779073180666058462e-03
7.576695405674405137e-03
-7.778698574811171440e-03
-7.357403216660118872e-03
7.872951765123925583e-03
-2.035713140581618674e-02
-1.858246191585477547e-02
2.615899150446976407e-02
9.668180318432417764e-03
5.647646194014255272e-03
1.221264794262011399e-02
-2.265613087583395746e-02
-1.100460755091114962e-02
5.136994783813797483e-03
-2.510599335931340548e-03
-1.316897517233006631e-02
3.975175972833389082e-02
-2.192290036221899996e-03
-1.130982792275925242e-02
3.182849919462160670e-02
-2.869668606397368649e-02
-2.022034147443330099e-02
-1.549640194339030330e-02
-6.347945710960312127e-03
-2.470163536003155969e-02
3.343535726471213998e-02
-2.018515933649112082e-02
1.995010545359643395e-02
6.741167959435356849e-03
-4.512226038581346188e-02
3.622624805711338603e-02
-5.652987294191502698e-03
-1.093453414675993329e-02
1.884140949166668300e-03
-1.367104032571031524e-02
1.906607499397161565e-02
3.762842058743587348e-02
9.400128230993232137e-03
2.976447450611241496e-02
1.498199995033511200e-02
-1.622471224469557161e-02
3.142931423180195250e-02
-6.118542723605902012e-03
-2.845665146029863202e-02
2.058500519208639190e-02
-1.623120735738958764e-02
2.526610112923544094e-03
3.665229870459141281e-03
-3.219971643129637684e-02
-4.495850389765432276e-02
-9.742989419063707857e-04
-4.325743778669521866e-02
7.001203948204137717e-03
-2.672825235203735161e-04
-3.065840700025357357e-02
-1.170757643725472974e-02
-6.122527241865016734e-03
-2.123193902809661360e-02
-2.840864109227880796e-02
1.481868025765420427e-02
-2.665531806415999405e-02
-2.502576679269785664e-02
2.033906420998565778e-02
9.059632128459504941e-03
1.369449644943054878e-02
2.758233256036835002e-02
3.218220883783429187e-02
5.047497232512743182e-03
4.434981447429375834e-03
2.192111001083718591e-02
1.868227632478935973e-02
8.018561142056235269e-03
2.257588538903743114e-02
2.392679303424971593e-02
2.236500975653488155e-02
2.338030532445856124e-03
5.293836439195231947e-04
6.576459117959565503e-04
8.218355068589922041e-04
-1.657080911659880584e-02
-7.184392518112758808e-03
-6.939464840526099465e-03
