0.000000000000000000e+00 0.000000000000000000e+00
3.333333333333333493e-05 0.000000000000000000e+00
6.666666666666666986e-05 0.000000000000000000e+00
1.000000000000000048e-04 0.000000000000000000e+00
1.333333333333333397e-04 0.000000000000000000e+00
1.666666666666666611e-04 0.000000000000000000e+00
2.000000000000000096e-04 0.000000000000000000e+00
2.333333333333333310e-04 0.000000000000000000e+00
2.666666666666666794e-04 0.000000000000000000e+00
2.999999999999999737e-04 0.000000000000000000e+00
3.333333333333333222e-04 0.000000000000000000e+00
3.666666666666666707e-04 0.000000000000000000e+00
4.000000000000000192e-04 0.000000000000000000e+00
4.333333333333333134e-04 0.000000000000000000e+00
4.666666666666666619e-04 0.000000000000000000e+00
5.000000000000000104e-04 0.000000000000000000e+00
5.333333333333333589e-04 0.000000000000000000e+00
5.666666666666667074e-04 0.000000000000000000e+00
5.999999999999999474e-04 0.000000000000000000e+00
6.333333333333332959e-04 0.000000000000000000e+00
6.666666666666666444e-04 0.000000000000000000e+00
6.999999999999999929e-04 0.000000000000000000e+00
7.333333333333333414e-04 0.000000000000000000e+00
7.666666666666666899e-04 0.000000000000000000e+00
8.000000000000000383e-04 0.000000000000000000e+00
8.333333333333333868e-04 0.000000000000000000e+00
8.666666666666666269e-04 0.000000000000000000e+00
8.999999999999999754e-04 0.000000000000000000e+00
9.333333333333333239e-04 0.000000000000000000e+00
9.666666666666666723e-04 0.000000000000000000e+00
1.000000000000000021e-03 0.000000000000000000e+00
1.033333333333333369e-03 0.000000000000000000e+00
1.066666666666666718e-03 0.000000000000000000e+00
1.100000000000000066e-03 0.000000000000000000e+00
1.133333333333333415e-03 0.000000000000000000e+00
1.166666666666666763e-03 0.000000000000000000e+00
1.199999999999999895e-03 0.000000000000000000e+00
1.233333333333333243e-03 0.000000000000000000e+00
1.266666666666666592e-03 0.000000000000000000e+00
1.299999999999999940e-03 0.000000000000000000e+00
1.333333333333333289e-03 0.000000000000000000e+00
1.366666666666666637e-03 0.000000000000000000e+00
1.399999999999999986e-03 0.000000000000000000e+00
1.433333333333333334e-03 0.000000000000000000e+00
1.466666666666666683e-03 0.000000000000000000e+00
1.500000000000000031e-03 0.000000000000000000e+00
1.533333333333333380e-03 0.000000000000000000e+00
1.566666666666666728e-03 0.000000000000000000e+00
1.600000000000000077e-03 0.000000000000000000e+00
1.633333333333333425e-03 0.000000000000000000e+00
1.666666666666666774e-03 0.000000000000000000e+00
1.699999999999999905e-03 0.000000000000000000e+00
1.733333333333333254e-03 0.000000000000000000e+00
1.766666666666666602e-03 0.000000000000000000e+00
1.799999999999999951e-03 0.000000000000000000e+00
1.833333333333333299e-03 0.000000000000000000e+00
1.866666666666666648e-03 0.000000000000000000e+00
1.899999999999999996e-03 0.000000000000000000e+00
1.933333333333333345e-03 0.000000000000000000e+00
1.966666666666666476e-03 0.000000000000000000e+00
2.000000000000000042e-03 0.000000000000000000e+00
2.033333333333333173e-03 0.000000000000000000e+00
2.066666666666666739e-03 0.000000000000000000e+00
2.099999999999999870e-03 0.000000000000000000e+00
2.133333333333333436e-03 0.000000000000000000e+00
2.166666666666666567e-03 0.000000000000000000e+00
2.200000000000000133e-03 0.000000000000000000e+00
2.233333333333333264e-03 0.000000000000000000e+00
2.266666666666666829e-03 0.000000000000000000e+00
2.299999999999999961e-03 0.000000000000000000e+00
2.333333333333333526e-03 0.000000000000000000e+00
2.366666666666666658e-03 0.000000000000000000e+00
2.399999999999999790e-03 0.000000000000000000e+00
2.433333333333333355e-03 0.000000000000000000e+00
2.466666666666666487e-03 0.000000000000000000e+00
2.500000000000000052e-03 0.000000000000000000e+00
2.533333333333333184e-03 0.000000000000000000e+00
2.566666666666666749e-03 0.000000000000000000e+00
2.599999999999999881e-03 0.000000000000000000e+00
2.633333333333333446e-03 0.000000000000000000e+00
2.666666666666666578e-03 0.000000000000000000e+00
2.700000000000000143e-03 0.000000000000000000e+00
2.733333333333333275e-03 0.000000000000000000e+00
2.766666666666666840e-03 0.000000000000000000e+00
2.799999999999999972e-03 0.000000000000000000e+00
2.833333333333333537e-03 0.000000000000000000e+00
2.866666666666666669e-03 0.000000000000000000e+00
2.899999999999999800e-03 0.000000000000000000e+00
2.933333333333333365e-03 0.000000000000000000e+00
2.966666666666666497e-03 0.000000000000000000e+00
3.000000000000000062e-03 0.000000000000000000e+00
3.033333333333333194e-03 0.000000000000000000e+00
3.066666666666666759e-03 0.000000000000000000e+00
3.099999999999999891e-03 0.000000000000000000e+00
3.133333333333333456e-03 0.000000000000000000e+00
3.166666666666666588e-03 0.000000000000000000e+00
3.200000000000000153e-03 0.000000000000000000e+00
3.233333333333333285e-03 0.000000000000000000e+00
3.266666666666666850e-03 0.000000000000000000e+00
3.299999999999999982e-03 0.000000000000000000e+00
3.333333333333333547e-03 0.000000000000000000e+00
3.366666666666666679e-03 0.000000000000000000e+00
3.399999999999999811e-03 0.000000000000000000e+00
3.433333333333333376e-03 0.000000000000000000e+00
3.466666666666666508e-03 0.000000000000000000e+00
3.500000000000000073e-03 0.000000000000000000e+00
3.533333333333333205e-03 0.000000000000000000e+00
3.566666666666666770e-03 0.000000000000000000e+00
3.599999999999999901e-03 0.000000000000000000e+00
3.633333333333333467e-03 0.000000000000000000e+00
3.666666666666666598e-03 0.000000000000000000e+00
3.700000000000000164e-03 0.000000000000000000e+00
3.733333333333333295e-03 0.000000000000000000e+00
3.766666666666666861e-03 0.000000000000000000e+00
3.799999999999999992e-03 0.000000000000000000e+00
3.833333333333333124e-03 0.000000000000000000e+00
3.866666666666666689e-03 0.000000000000000000e+00
3.899999999999999821e-03 0.000000000000000000e+00
3.933333333333332953e-03 0.000000000000000000e+00
3.966666666666666952e-03 0.000000000000000000e+00
4.000000000000000083e-03 0.000000000000000000e+00
4.033333333333333215e-03 0.000000000000000000e+00
4.066666666666666347e-03 0.000000000000000000e+00
4.100000000000000346e-03 0.000000000000000000e+00
4.133333333333333477e-03 0.000000000000000000e+00
4.166666666666666609e-03 0.000000000000000000e+00
4.199999999999999740e-03 0.000000000000000000e+00
4.233333333333333739e-03 0.000000000000000000e+00
4.266666666666666871e-03 0.000000000000000000e+00
4.300000000000000003e-03 0.000000000000000000e+00
4.333333333333333134e-03 0.000000000000000000e+00
4.366666666666666266e-03 0.000000000000000000e+00
4.400000000000000265e-03 0.000000000000000000e+00
4.433333333333333397e-03 0.000000000000000000e+00
4.466666666666666528e-03 0.000000000000000000e+00
4.499999999999999660e-03 0.000000000000000000e+00
4.533333333333333659e-03 0.000000000000000000e+00
4.566666666666666791e-03 0.000000000000000000e+00
4.599999999999999922e-03 0.000000000000000000e+00
4.633333333333333054e-03 0.000000000000000000e+00
4.666666666666667053e-03 0.000000000000000000e+00
4.700000000000000185e-03 0.000000000000000000e+00
4.733333333333333316e-03 0.000000000000000000e+00
4.766666666666666448e-03 0.000000000000000000e+00
4.799999999999999580e-03 0.000000000000000000e+00
4.833333333333333579e-03 0.000000000000000000e+00
4.866666666666666710e-03 0.000000000000000000e+00
4.899999999999999842e-03 0.000000000000000000e+00
4.933333333333332973e-03 0.000000000000000000e+00
4.966666666666666972e-03 0.000000000000000000e+00
5.000000000000000104e-03 0.000000000000000000e+00
5.033333333333333236e-03 0.000000000000000000e+00
5.066666666666666367e-03 0.000000000000000000e+00
5.100000000000000366e-03 0.000000000000000000e+00
5.133333333333333498e-03 0.000000000000000000e+00
5.166666666666666630e-03 0.000000000000000000e+00
5.199999999999999761e-03 0.000000000000000000e+00
5.233333333333333760e-03 0.000000000000000000e+00
5.266666666666666892e-03 0.000000000000000000e+00
5.300000000000000024e-03 0.000000000000000000e+00
5.333333333333333155e-03 0.000000000000000000e+00
5.366666666666666287e-03 0.000000000000000000e+00
5.400000000000000286e-03 0.000000000000000000e+00
5.433333333333333418e-03 0.000000000000000000e+00
5.466666666666666549e-03 0.000000000000000000e+00
5.499999999999999681e-03 0.000000000000000000e+00
5.533333333333333680e-03 0.000000000000000000e+00
5.566666666666666811e-03 0.000000000000000000e+00
5.599999999999999943e-03 0.000000000000000000e+00
5.633333333333333075e-03 0.000000000000000000e+00
5.666666666666667074e-03 0.000000000000000000e+00
5.700000000000000205e-03 0.000000000000000000e+00
5.733333333333333337e-03 0.000000000000000000e+00
5.766666666666666469e-03 0.000000000000000000e+00
5.799999999999999600e-03 0.000000000000000000e+00
5.833333333333333599e-03 0.000000000000000000e+00
5.866666666666666731e-03 0.000000000000000000e+00
5.899999999999999863e-03 0.000000000000000000e+00
5.933333333333332994e-03 0.000000000000000000e+00
5.966666666666666993e-03 0.000000000000000000e+00
6.000000000000000125e-03 0.000000000000000000e+00
6.033333333333333257e-03 0.000000000000000000e+00
6.066666666666666388e-03 0.000000000000000000e+00
6.100000000000000387e-03 0.000000000000000000e+00
6.133333333333333519e-03 0.000000000000000000e+00
6.166666666666666650e-03 0.000000000000000000e+00
6.199999999999999782e-03 0.000000000000000000e+00
6.233333333333332914e-03 0.000000000000000000e+00
6.266666666666666913e-03 0.000000000000000000e+00
6.300000000000000044e-03 0.000000000000000000e+00
6.333333333333333176e-03 0.000000000000000000e+00
6.366666666666666308e-03 0.000000000000000000e+00
6.400000000000000307e-03 0.000000000000000000e+00
6.433333333333333438e-03 0.000000000000000000e+00
6.466666666666666570e-03 0.000000000000000000e+00
6.499999999999999702e-03 0.000000000000000000e+00
6.533333333333333701e-03 0.000000000000000000e+00
6.566666666666666832e-03 0.000000000000000000e+00
6.599999999999999964e-03 0.000000000000000000e+00
6.633333333333333096e-03 0.000000000000000000e+00
6.666666666666667095e-03 0.000000000000000000e+00
6.700000000000000226e-03 0.000000000000000000e+00
6.733333333333333358e-03 0.000000000000000000e+00
6.766666666666666489e-03 0.000000000000000000e+00
6.799999999999999621e-03 0.000000000000000000e+00
6.833333333333333620e-03 0.000000000000000000e+00
6.866666666666666752e-03 0.000000000000000000e+00
6.899999999999999883e-03 0.000000000000000000e+00
6.933333333333333015e-03 0.000000000000000000e+00
6.966666666666667014e-03 0.000000000000000000e+00
7.000000000000000146e-03 0.000000000000000000e+00
7.033333333333333277e-03 0.000000000000000000e+00
7.066666666666666409e-03 0.000000000000000000e+00
7.100000000000000408e-03 0.000000000000000000e+00
7.133333333333333540e-03 0.000000000000000000e+00
7.166666666666666671e-03 0.000000000000000000e+00
7.199999999999999803e-03 0.000000000000000000e+00
7.233333333333332935e-03 0.000000000000000000e+00
7.266666666666666934e-03 0.000000000000000000e+00
7.300000000000000065e-03 0.000000000000000000e+00
7.333333333333333197e-03 0.000000000000000000e+00
7.366666666666666329e-03 0.000000000000000000e+00
7.400000000000000328e-03 0.000000000000000000e+00
7.433333333333333459e-03 0.000000000000000000e+00
7.466666666666666591e-03 0.000000000000000000e+00
7.499999999999999722e-03 0.000000000000000000e+00
7.533333333333333721e-03 0.000000000000000000e+00
7.566666666666666853e-03 0.000000000000000000e+00
7.599999999999999985e-03 0.000000000000000000e+00
7.633333333333333116e-03 0.000000000000000000e+00
7.666666666666666248e-03 0.000000000000000000e+00
7.700000000000000247e-03 0.000000000000000000e+00
7.733333333333333379e-03 0.000000000000000000e+00
7.766666666666666510e-03 0.000000000000000000e+00
7.799999999999999642e-03 0.000000000000000000e+00
7.833333333333332774e-03 0.000000000000000000e+00
7.866666666666665905e-03 0.000000000000000000e+00
7.900000000000000772e-03 0.000000000000000000e+00
7.933333333333333903e-03 0.000000000000000000e+00
7.966666666666667035e-03 0.000000000000000000e+00
8.000000000000000167e-03 0.000000000000000000e+00
8.033333333333333298e-03 0.000000000000000000e+00
8.066666666666666430e-03 0.000000000000000000e+00
8.099999999999999561e-03 0.000000000000000000e+00
8.133333333333332693e-03 0.000000000000000000e+00
8.166666666666665825e-03 0.000000000000000000e+00
8.200000000000000691e-03 0.000000000000000000e+00
8.233333333333333823e-03 0.000000000000000000e+00
8.266666666666666954e-03 0.000000000000000000e+00
8.300000000000000086e-03 0.000000000000000000e+00
8.333333333333333218e-03 0.000000000000000000e+00
8.366666666666666349e-03 0.000000000000000000e+00
8.399999999999999481e-03 0.000000000000000000e+00
8.433333333333332613e-03 0.000000000000000000e+00
8.466666666666667479e-03 0.000000000000000000e+00
8.500000000000000611e-03 0.000000000000000000e+00
8.533333333333333742e-03 0.000000000000000000e+00
8.566666666666666874e-03 0.000000000000000000e+00
8.600000000000000006e-03 0.000000000000000000e+00
8.633333333333333137e-03 0.000000000000000000e+00
8.666666666666666269e-03 0.000000000000000000e+00
8.699999999999999400e-03 0.000000000000000000e+00
8.733333333333332532e-03 0.000000000000000000e+00
8.766666666666667398e-03 0.000000000000000000e+00
8.800000000000000530e-03 0.000000000000000000e+00
8.833333333333333662e-03 0.000000000000000000e+00
8.866666666666666793e-03 0.000000000000000000e+00
8.899999999999999925e-03 0.000000000000000000e+00
8.933333333333333057e-03 0.000000000000000000e+00
8.966666666666666188e-03 0.000000000000000000e+00
8.999999999999999320e-03 0.000000000000000000e+00
9.033333333333334186e-03 0.000000000000000000e+00
9.066666666666667318e-03 0.000000000000000000e+00
9.100000000000000450e-03 0.000000000000000000e+00
9.133333333333333581e-03 0.000000000000000000e+00
9.166666666666666713e-03 0.000000000000000000e+00
9.199999999999999845e-03 0.000000000000000000e+00
9.233333333333332976e-03 0.000000000000000000e+00
9.266666666666666108e-03 0.000000000000000000e+00
9.299999999999999239e-03 0.000000000000000000e+00
9.333333333333334106e-03 0.000000000000000000e+00
9.366666666666667238e-03 0.000000000000000000e+00
9.400000000000000369e-03 0.000000000000000000e+00
9.433333333333333501e-03 0.000000000000000000e+00
9.466666666666666632e-03 0.000000000000000000e+00
9.499999999999999764e-03 0.000000000000000000e+00
9.533333333333332896e-03 0.000000000000000000e+00
9.566666666666666027e-03 0.000000000000000000e+00
9.599999999999999159e-03 0.000000000000000000e+00
9.633333333333334025e-03 0.000000000000000000e+00
9.666666666666667157e-03 0.000000000000000000e+00
9.700000000000000289e-03 0.000000000000000000e+00
9.733333333333333420e-03 0.000000000000000000e+00
9.766666666666666552e-03 0.000000000000000000e+00
9.799999999999999684e-03 0.000000000000000000e+00
9.833333333333332815e-03 0.000000000000000000e+00
9.866666666666665947e-03 0.000000000000000000e+00
9.900000000000000813e-03 0.000000000000000000e+00
9.933333333333333945e-03 0.000000000000000000e+00
9.966666666666667077e-03 0.000000000000000000e+00
1.000000000000000021e-02 0.000000000000000000e+00
1.003333333333333334e-02 0.000000000000000000e+00
1.006666666666666647e-02 0.000000000000000000e+00
1.009999999999999960e-02 0.000000000000000000e+00
1.013333333333333273e-02 0.000000000000000000e+00
1.016666666666666587e-02 0.000000000000000000e+00
1.020000000000000073e-02 0.000000000000000000e+00
1.023333333333333386e-02 0.000000000000000000e+00
1.026666666666666700e-02 0.000000000000000000e+00
1.030000000000000013e-02 0.000000000000000000e+00
1.033333333333333326e-02 0.000000000000000000e+00
1.036666666666666639e-02 0.000000000000000000e+00
1.039999999999999952e-02 0.000000000000000000e+00
1.043333333333333265e-02 0.000000000000000000e+00
1.046666666666666752e-02 0.000000000000000000e+00
1.050000000000000065e-02 0.000000000000000000e+00
1.053333333333333378e-02 0.000000000000000000e+00
1.056666666666666692e-02 0.000000000000000000e+00
1.060000000000000005e-02 0.000000000000000000e+00
1.063333333333333318e-02 0.000000000000000000e+00
1.066666666666666631e-02 0.000000000000000000e+00
1.069999999999999944e-02 0.000000000000000000e+00
1.073333333333333257e-02 0.000000000000000000e+00
1.076666666666666744e-02 0.000000000000000000e+00
1.080000000000000057e-02 0.000000000000000000e+00
1.083333333333333370e-02 0.000000000000000000e+00
1.086666666666666684e-02 0.000000000000000000e+00
1.089999999999999997e-02 0.000000000000000000e+00
1.093333333333333310e-02 0.000000000000000000e+00
1.096666666666666623e-02 0.000000000000000000e+00
1.099999999999999936e-02 0.000000000000000000e+00
1.103333333333333249e-02 0.000000000000000000e+00
1.106666666666666736e-02 0.000000000000000000e+00
1.110000000000000049e-02 0.000000000000000000e+00
1.113333333333333362e-02 0.000000000000000000e+00
1.116666666666666675e-02 0.000000000000000000e+00
1.119999999999999989e-02 0.000000000000000000e+00
1.123333333333333302e-02 0.000000000000000000e+00
1.126666666666666615e-02 0.000000000000000000e+00
1.129999999999999928e-02 0.000000000000000000e+00
1.133333333333333415e-02 0.000000000000000000e+00
1.136666666666666728e-02 0.000000000000000000e+00
1.140000000000000041e-02 0.000000000000000000e+00
1.143333333333333354e-02 0.000000000000000000e+00
1.146666666666666667e-02 0.000000000000000000e+00
1.149999999999999981e-02 0.000000000000000000e+00
1.153333333333333294e-02 0.000000000000000000e+00
1.156666666666666607e-02 0.000000000000000000e+00
1.159999999999999920e-02 0.000000000000000000e+00
1.163333333333333407e-02 0.000000000000000000e+00
1.166666666666666720e-02 0.000000000000000000e+00
1.170000000000000033e-02 0.000000000000000000e+00
1.173333333333333346e-02 0.000000000000000000e+00
1.176666666666666659e-02 0.000000000000000000e+00
1.179999999999999973e-02 0.000000000000000000e+00
1.183333333333333286e-02 0.000000000000000000e+00
1.186666666666666599e-02 0.000000000000000000e+00
1.190000000000000085e-02 0.000000000000000000e+00
1.193333333333333399e-02 0.000000000000000000e+00
1.196666666666666712e-02 0.000000000000000000e+00
1.200000000000000025e-02 0.000000000000000000e+00
1.203333333333333338e-02 0.000000000000000000e+00
1.206666666666666651e-02 0.000000000000000000e+00
1.209999999999999964e-02 0.000000000000000000e+00
1.213333333333333278e-02 0.000000000000000000e+00
1.216666666666666591e-02 0.000000000000000000e+00
1.220000000000000077e-02 0.000000000000000000e+00
1.223333333333333391e-02 0.000000000000000000e+00
1.226666666666666704e-02 0.000000000000000000e+00
1.230000000000000017e-02 0.000000000000000000e+00
1.233333333333333330e-02 0.000000000000000000e+00
1.236666666666666643e-02 0.000000000000000000e+00
1.239999999999999956e-02 0.000000000000000000e+00
1.243333333333333270e-02 0.000000000000000000e+00
1.246666666666666583e-02 0.000000000000000000e+00
1.250000000000000069e-02 0.000000000000000000e+00
1.253333333333333383e-02 0.000000000000000000e+00
1.256666666666666696e-02 0.000000000000000000e+00
1.260000000000000009e-02 0.000000000000000000e+00
1.263333333333333322e-02 0.000000000000000000e+00
1.266666666666666635e-02 0.000000000000000000e+00
1.269999999999999948e-02 0.000000000000000000e+00
1.273333333333333262e-02 0.000000000000000000e+00
1.276666666666666748e-02 0.000000000000000000e+00
1.280000000000000061e-02 0.000000000000000000e+00
1.283333333333333375e-02 0.000000000000000000e+00
1.286666666666666688e-02 0.000000000000000000e+00
1.290000000000000001e-02 0.000000000000000000e+00
1.293333333333333314e-02 0.000000000000000000e+00
1.296666666666666627e-02 0.000000000000000000e+00
1.299999999999999940e-02 0.000000000000000000e+00
1.303333333333333253e-02 0.000000000000000000e+00
1.306666666666666740e-02 0.000000000000000000e+00
1.310000000000000053e-02 0.000000000000000000e+00
1.313333333333333366e-02 0.000000000000000000e+00
1.316666666666666680e-02 0.000000000000000000e+00
1.319999999999999993e-02 0.000000000000000000e+00
1.323333333333333306e-02 0.000000000000000000e+00
1.326666666666666619e-02 0.000000000000000000e+00
1.329999999999999932e-02 0.000000000000000000e+00
1.333333333333333419e-02 0.000000000000000000e+00
1.336666666666666732e-02 0.000000000000000000e+00
1.340000000000000045e-02 0.000000000000000000e+00
1.343333333333333358e-02 0.000000000000000000e+00
1.346666666666666672e-02 0.000000000000000000e+00
1.349999999999999985e-02 0.000000000000000000e+00
1.353333333333333298e-02 0.000000000000000000e+00
1.356666666666666611e-02 0.000000000000000000e+00
1.359999999999999924e-02 0.000000000000000000e+00
1.363333333333333411e-02 0.000000000000000000e+00
1.366666666666666724e-02 0.000000000000000000e+00
1.370000000000000037e-02 0.000000000000000000e+00
1.373333333333333350e-02 0.000000000000000000e+00
1.376666666666666664e-02 0.000000000000000000e+00
1.379999999999999977e-02 0.000000000000000000e+00
1.383333333333333290e-02 0.000000000000000000e+00
1.386666666666666603e-02 0.000000000000000000e+00
1.389999999999999916e-02 0.000000000000000000e+00
1.393333333333333403e-02 0.000000000000000000e+00
1.396666666666666716e-02 0.000000000000000000e+00
1.400000000000000029e-02 0.000000000000000000e+00
1.403333333333333342e-02 0.000000000000000000e+00
1.406666666666666655e-02 0.000000000000000000e+00
1.409999999999999969e-02 0.000000000000000000e+00
1.413333333333333282e-02 0.000000000000000000e+00
1.416666666666666595e-02 0.000000000000000000e+00
1.420000000000000082e-02 0.000000000000000000e+00
1.423333333333333395e-02 0.000000000000000000e+00
1.426666666666666708e-02 0.000000000000000000e+00
1.430000000000000021e-02 0.000000000000000000e+00
1.433333333333333334e-02 0.000000000000000000e+00
1.436666666666666647e-02 0.000000000000000000e+00
1.439999999999999961e-02 0.000000000000000000e+00
1.443333333333333274e-02 0.000000000000000000e+00
1.446666666666666587e-02 0.000000000000000000e+00
1.450000000000000074e-02 0.000000000000000000e+00
1.453333333333333387e-02 0.000000000000000000e+00
1.456666666666666700e-02 0.000000000000000000e+00
1.460000000000000013e-02 0.000000000000000000e+00
1.463333333333333326e-02 0.000000000000000000e+00
1.466666666666666639e-02 0.000000000000000000e+00
1.469999999999999953e-02 0.000000000000000000e+00
1.473333333333333266e-02 0.000000000000000000e+00
1.476666666666666752e-02 0.000000000000000000e+00
1.480000000000000066e-02 0.000000000000000000e+00
1.483333333333333379e-02 0.000000000000000000e+00
1.486666666666666692e-02 0.000000000000000000e+00
1.490000000000000005e-02 0.000000000000000000e+00
1.493333333333333318e-02 0.000000000000000000e+00
1.496666666666666631e-02 0.000000000000000000e+00
1.499999999999999944e-02 0.000000000000000000e+00
1.503333333333333258e-02 0.000000000000000000e+00
1.506666666666666744e-02 0.000000000000000000e+00
1.510000000000000057e-02 0.000000000000000000e+00
1.513333333333333371e-02 0.000000000000000000e+00
1.516666666666666684e-02 0.000000000000000000e+00
1.519999999999999997e-02 0.000000000000000000e+00
1.523333333333333310e-02 0.000000000000000000e+00
1.526666666666666623e-02 0.000000000000000000e+00
1.529999999999999936e-02 0.000000000000000000e+00
1.533333333333333250e-02 0.000000000000000000e+00
1.536666666666666736e-02 0.000000000000000000e+00
1.540000000000000049e-02 0.000000000000000000e+00
1.543333333333333363e-02 0.000000000000000000e+00
1.546666666666666676e-02 0.000000000000000000e+00
1.549999999999999989e-02 0.000000000000000000e+00
1.553333333333333302e-02 0.000000000000000000e+00
1.556666666666666615e-02 0.000000000000000000e+00
1.559999999999999928e-02 0.000000000000000000e+00
1.563333333333333242e-02 0.000000000000000000e+00
1.566666666666666555e-02 0.000000000000000000e+00
1.569999999999999868e-02 0.000000000000000000e+00
1.573333333333333181e-02 0.000000000000000000e+00
1.576666666666666494e-02 0.000000000000000000e+00
1.580000000000000154e-02 0.000000000000000000e+00
1.583333333333333467e-02 0.000000000000000000e+00
1.586666666666666781e-02 0.000000000000000000e+00
1.590000000000000094e-02 0.000000000000000000e+00
1.593333333333333407e-02 0.000000000000000000e+00
1.596666666666666720e-02 0.000000000000000000e+00
1.600000000000000033e-02 0.000000000000000000e+00
1.603333333333333346e-02 0.000000000000000000e+00
1.606666666666666660e-02 0.000000000000000000e+00
1.609999999999999973e-02 0.000000000000000000e+00
1.613333333333333286e-02 0.000000000000000000e+00
1.616666666666666599e-02 0.000000000000000000e+00
1.619999999999999912e-02 0.000000000000000000e+00
1.623333333333333225e-02 0.000000000000000000e+00
1.626666666666666539e-02 0.000000000000000000e+00
1.629999999999999852e-02 0.000000000000000000e+00
1.633333333333333165e-02 0.000000000000000000e+00
1.636666666666666825e-02 0.000000000000000000e+00
1.640000000000000138e-02 0.000000000000000000e+00
1.643333333333333451e-02 0.000000000000000000e+00
1.646666666666666765e-02 0.000000000000000000e+00
1.650000000000000078e-02 0.000000000000000000e+00
1.653333333333333391e-02 0.000000000000000000e+00
1.656666666666666704e-02 0.000000000000000000e+00
1.660000000000000017e-02 0.000000000000000000e+00
1.663333333333333330e-02 0.000000000000000000e+00
1.666666666666666644e-02 0.000000000000000000e+00
1.669999999999999957e-02 0.000000000000000000e+00
1.673333333333333270e-02 0.000000000000000000e+00
1.676666666666666583e-02 0.000000000000000000e+00
1.679999999999999896e-02 0.000000000000000000e+00
1.683333333333333209e-02 0.000000000000000000e+00
1.686666666666666523e-02 0.000000000000000000e+00
1.689999999999999836e-02 0.000000000000000000e+00
1.693333333333333496e-02 0.000000000000000000e+00
1.696666666666666809e-02 0.000000000000000000e+00
1.700000000000000122e-02 0.000000000000000000e+00
1.703333333333333435e-02 0.000000000000000000e+00
1.706666666666666748e-02 0.000000000000000000e+00
1.710000000000000062e-02 0.000000000000000000e+00
1.713333333333333375e-02 0.000000000000000000e+00
1.716666666666666688e-02 0.000000000000000000e+00
1.720000000000000001e-02 0.000000000000000000e+00
1.723333333333333314e-02 0.000000000000000000e+00
1.726666666666666627e-02 0.000000000000000000e+00
1.729999999999999941e-02 0.000000000000000000e+00
1.733333333333333254e-02 0.000000000000000000e+00
1.736666666666666567e-02 0.000000000000000000e+00
1.739999999999999880e-02 0.000000000000000000e+00
1.743333333333333193e-02 0.000000000000000000e+00
1.746666666666666506e-02 0.000000000000000000e+00
1.750000000000000167e-02 0.000000000000000000e+00
1.753333333333333480e-02 0.000000000000000000e+00
1.756666666666666793e-02 0.000000000000000000e+00
1.760000000000000106e-02 0.000000000000000000e+00
1.763333333333333419e-02 0.000000000000000000e+00
1.766666666666666732e-02 0.000000000000000000e+00
1.770000000000000046e-02 0.000000000000000000e+00
1.773333333333333359e-02 0.000000000000000000e+00
1.776666666666666672e-02 0.000000000000000000e+00
1.779999999999999985e-02 0.000000000000000000e+00
1.783333333333333298e-02 0.000000000000000000e+00
1.786666666666666611e-02 0.000000000000000000e+00
1.789999999999999925e-02 0.000000000000000000e+00
1.793333333333333238e-02 0.000000000000000000e+00
1.796666666666666551e-02 0.000000000000000000e+00
1.799999999999999864e-02 0.000000000000000000e+00
1.803333333333333177e-02 0.000000000000000000e+00
1.806666666666666837e-02 0.000000000000000000e+00
1.810000000000000150e-02 0.000000000000000000e+00
1.813333333333333464e-02 0.000000000000000000e+00
1.816666666666666777e-02 0.000000000000000000e+00
1.820000000000000090e-02 0.000000000000000000e+00
1.823333333333333403e-02 0.000000000000000000e+00
1.826666666666666716e-02 0.000000000000000000e+00
1.830000000000000029e-02 0.000000000000000000e+00
1.833333333333333343e-02 0.000000000000000000e+00
1.836666666666666656e-02 0.000000000000000000e+00
1.839999999999999969e-02 0.000000000000000000e+00
1.843333333333333282e-02 0.000000000000000000e+00
1.846666666666666595e-02 0.000000000000000000e+00
1.849999999999999908e-02 0.000000000000000000e+00
1.853333333333333222e-02 0.000000000000000000e+00
1.856666666666666535e-02 0.000000000000000000e+00
1.859999999999999848e-02 0.000000000000000000e+00
1.863333333333333161e-02 0.000000000000000000e+00
1.866666666666666821e-02 0.000000000000000000e+00
1.870000000000000134e-02 0.000000000000000000e+00
1.873333333333333448e-02 0.000000000000000000e+00
1.876666666666666761e-02 0.000000000000000000e+00
1.880000000000000074e-02 0.000000000000000000e+00
1.883333333333333387e-02 0.000000000000000000e+00
1.886666666666666700e-02 0.000000000000000000e+00
1.890000000000000013e-02 0.000000000000000000e+00
1.893333333333333326e-02 0.000000000000000000e+00
1.896666666666666640e-02 0.000000000000000000e+00
1.899999999999999953e-02 0.000000000000000000e+00
1.903333333333333266e-02 0.000000000000000000e+00
1.906666666666666579e-02 0.000000000000000000e+00
1.909999999999999892e-02 0.000000000000000000e+00
1.913333333333333205e-02 0.000000000000000000e+00
1.916666666666666519e-02 0.000000000000000000e+00
1.919999999999999832e-02 0.000000000000000000e+00
1.923333333333333492e-02 0.000000000000000000e+00
1.926666666666666805e-02 0.000000000000000000e+00
1.930000000000000118e-02 0.000000000000000000e+00
1.933333333333333431e-02 0.000000000000000000e+00
1.936666666666666745e-02 0.000000000000000000e+00
1.940000000000000058e-02 0.000000000000000000e+00
1.943333333333333371e-02 0.000000000000000000e+00
1.946666666666666684e-02 0.000000000000000000e+00
1.949999999999999997e-02 0.000000000000000000e+00
1.953333333333333310e-02 0.000000000000000000e+00
1.956666666666666624e-02 0.000000000000000000e+00
1.959999999999999937e-02 0.000000000000000000e+00
1.963333333333333250e-02 0.000000000000000000e+00
1.966666666666666563e-02 0.000000000000000000e+00
1.969999999999999876e-02 0.000000000000000000e+00
1.973333333333333189e-02 0.000000000000000000e+00
1.976666666666666503e-02 0.000000000000000000e+00
1.980000000000000163e-02 0.000000000000000000e+00
1.983333333333333476e-02 0.000000000000000000e+00
1.986666666666666789e-02 0.000000000000000000e+00
1.990000000000000102e-02 0.000000000000000000e+00
1.993333333333333415e-02 0.000000000000000000e+00
1.996666666666666728e-02 0.000000000000000000e+00
2.000000000000000042e-02 0.000000000000000000e+00
2.003333333333333355e-02 0.000000000000000000e+00
2.006666666666666668e-02 0.000000000000000000e+00
2.009999999999999981e-02 0.000000000000000000e+00
2.013333333333333294e-02 0.000000000000000000e+00
2.016666666666666607e-02 0.000000000000000000e+00
2.019999999999999921e-02 0.000000000000000000e+00
2.023333333333333234e-02 0.000000000000000000e+00
2.026666666666666547e-02 0.000000000000000000e+00
2.029999999999999860e-02 0.000000000000000000e+00
2.033333333333333173e-02 0.000000000000000000e+00
2.036666666666666833e-02 0.000000000000000000e+00
2.040000000000000147e-02 0.000000000000000000e+00
2.043333333333333460e-02 0.000000000000000000e+00
2.046666666666666773e-02 0.000000000000000000e+00
2.050000000000000086e-02 0.000000000000000000e+00
2.053333333333333399e-02 0.000000000000000000e+00
2.056666666666666712e-02 0.000000000000000000e+00
2.060000000000000026e-02 0.000000000000000000e+00
2.063333333333333339e-02 0.000000000000000000e+00
2.066666666666666652e-02 0.000000000000000000e+00
2.069999999999999965e-02 0.000000000000000000e+00
2.073333333333333278e-02 0.000000000000000000e+00
2.076666666666666591e-02 0.000000000000000000e+00
2.079999999999999905e-02 0.000000000000000000e+00
2.083333333333333218e-02 0.000000000000000000e+00
2.086666666666666531e-02 0.000000000000000000e+00
2.089999999999999844e-02 0.000000000000000000e+00
2.093333333333333504e-02 0.000000000000000000e+00
2.096666666666666817e-02 0.000000000000000000e+00
2.100000000000000130e-02 0.000000000000000000e+00
2.103333333333333444e-02 0.000000000000000000e+00
2.106666666666666757e-02 0.000000000000000000e+00
2.110000000000000070e-02 0.000000000000000000e+00
2.113333333333333383e-02 0.000000000000000000e+00
2.116666666666666696e-02 0.000000000000000000e+00
2.120000000000000009e-02 0.000000000000000000e+00
2.123333333333333323e-02 0.000000000000000000e+00
2.126666666666666636e-02 0.000000000000000000e+00
2.129999999999999949e-02 0.000000000000000000e+00
2.133333333333333262e-02 0.000000000000000000e+00
2.136666666666666575e-02 0.000000000000000000e+00
2.139999999999999888e-02 0.000000000000000000e+00
2.143333333333333202e-02 0.000000000000000000e+00
2.146666666666666515e-02 0.000000000000000000e+00
2.149999999999999828e-02 0.000000000000000000e+00
2.153333333333333488e-02 0.000000000000000000e+00
2.156666666666666801e-02 0.000000000000000000e+00
2.160000000000000114e-02 0.000000000000000000e+00
2.163333333333333428e-02 0.000000000000000000e+00
2.166666666666666741e-02 0.000000000000000000e+00
2.170000000000000054e-02 0.000000000000000000e+00
2.173333333333333367e-02 0.000000000000000000e+00
2.176666666666666680e-02 0.000000000000000000e+00
2.179999999999999993e-02 0.000000000000000000e+00
2.183333333333333307e-02 0.000000000000000000e+00
2.186666666666666620e-02 0.000000000000000000e+00
2.189999999999999933e-02 0.000000000000000000e+00
2.193333333333333246e-02 0.000000000000000000e+00
2.196666666666666559e-02 0.000000000000000000e+00
2.199999999999999872e-02 0.000000000000000000e+00
2.203333333333333185e-02 0.000000000000000000e+00
2.206666666666666499e-02 0.000000000000000000e+00
2.210000000000000159e-02 0.000000000000000000e+00
2.213333333333333472e-02 0.000000000000000000e+00
2.216666666666666785e-02 0.000000000000000000e+00
2.220000000000000098e-02 0.000000000000000000e+00
2.223333333333333411e-02 0.000000000000000000e+00
2.226666666666666725e-02 0.000000000000000000e+00
2.230000000000000038e-02 0.000000000000000000e+00
2.233333333333333351e-02 0.000000000000000000e+00
2.236666666666666664e-02 0.000000000000000000e+00
2.239999999999999977e-02 0.000000000000000000e+00
2.243333333333333290e-02 0.000000000000000000e+00
2.246666666666666604e-02 0.000000000000000000e+00
2.249999999999999917e-02 0.000000000000000000e+00
2.253333333333333230e-02 0.000000000000000000e+00
2.256666666666666543e-02 0.000000000000000000e+00
2.259999999999999856e-02 0.000000000000000000e+00
2.263333333333333169e-02 0.000000000000000000e+00
2.266666666666666829e-02 0.000000000000000000e+00
2.270000000000000143e-02 0.000000000000000000e+00
2.273333333333333456e-02 0.000000000000000000e+00
2.276666666666666769e-02 0.000000000000000000e+00
2.280000000000000082e-02 0.000000000000000000e+00
2.283333333333333395e-02 0.000000000000000000e+00
2.286666666666666708e-02 0.000000000000000000e+00
2.290000000000000022e-02 0.000000000000000000e+00
2.293333333333333335e-02 0.000000000000000000e+00
2.296666666666666648e-02 0.000000000000000000e+00
2.299999999999999961e-02 0.000000000000000000e+00
2.303333333333333274e-02 0.000000000000000000e+00
2.306666666666666587e-02 0.000000000000000000e+00
2.309999999999999901e-02 0.000000000000000000e+00
2.313333333333333214e-02 0.000000000000000000e+00
2.316666666666666527e-02 0.000000000000000000e+00
2.319999999999999840e-02 0.000000000000000000e+00
2.323333333333333500e-02 0.000000000000000000e+00
2.326666666666666813e-02 0.000000000000000000e+00
2.330000000000000127e-02 0.000000000000000000e+00
2.333333333333333440e-02 0.000000000000000000e+00
2.336666666666666753e-02 0.000000000000000000e+00
2.340000000000000066e-02 0.000000000000000000e+00
2.343333333333333379e-02 0.000000000000000000e+00
2.346666666666666692e-02 0.000000000000000000e+00
2.350000000000000006e-02 0.000000000000000000e+00
2.353333333333333319e-02 0.000000000000000000e+00
2.356666666666666632e-02 0.000000000000000000e+00
2.359999999999999945e-02 0.000000000000000000e+00
2.363333333333333258e-02 0.000000000000000000e+00
2.366666666666666571e-02 0.000000000000000000e+00
2.369999999999999885e-02 0.000000000000000000e+00
2.373333333333333198e-02 0.000000000000000000e+00
2.376666666666666511e-02 0.000000000000000000e+00
2.380000000000000171e-02 0.000000000000000000e+00
2.383333333333333484e-02 0.000000000000000000e+00
2.386666666666666797e-02 0.000000000000000000e+00
2.390000000000000110e-02 0.000000000000000000e+00
2.393333333333333424e-02 0.000000000000000000e+00
2.396666666666666737e-02 0.000000000000000000e+00
2.400000000000000050e-02 0.000000000000000000e+00
2.403333333333333363e-02 0.000000000000000000e+00
2.406666666666666676e-02 0.000000000000000000e+00
2.409999999999999989e-02 0.000000000000000000e+00
2.413333333333333303e-02 0.000000000000000000e+00
2.416666666666666616e-02 0.000000000000000000e+00
2.419999999999999929e-02 0.000000000000000000e+00
2.423333333333333242e-02 0.000000000000000000e+00
2.426666666666666555e-02 0.000000000000000000e+00
2.429999999999999868e-02 0.000000000000000000e+00
2.433333333333333182e-02 0.000000000000000000e+00
2.436666666666666495e-02 0.000000000000000000e+00
2.440000000000000155e-02 0.000000000000000000e+00
2.443333333333333468e-02 0.000000000000000000e+00
2.446666666666666781e-02 0.000000000000000000e+00
2.450000000000000094e-02 0.000000000000000000e+00
2.453333333333333408e-02 0.000000000000000000e+00
2.456666666666666721e-02 0.000000000000000000e+00
2.460000000000000034e-02 0.000000000000000000e+00
2.463333333333333347e-02 0.000000000000000000e+00
2.466666666666666660e-02 0.000000000000000000e+00
2.469999999999999973e-02 0.000000000000000000e+00
2.473333333333333287e-02 0.000000000000000000e+00
2.476666666666666600e-02 0.000000000000000000e+00
2.479999999999999913e-02 0.000000000000000000e+00
2.483333333333333226e-02 0.000000000000000000e+00
2.486666666666666539e-02 0.000000000000000000e+00
2.489999999999999852e-02 0.000000000000000000e+00
2.493333333333333166e-02 0.000000000000000000e+00
2.496666666666666826e-02 0.000000000000000000e+00
2.500000000000000139e-02 0.000000000000000000e+00
2.503333333333333452e-02 0.000000000000000000e+00
2.506666666666666765e-02 0.000000000000000000e+00
2.510000000000000078e-02 0.000000000000000000e+00
2.513333333333333391e-02 0.000000000000000000e+00
2.516666666666666705e-02 0.000000000000000000e+00
2.520000000000000018e-02 0.000000000000000000e+00
2.523333333333333331e-02 0.000000000000000000e+00
2.526666666666666644e-02 0.000000000000000000e+00
2.529999999999999957e-02 0.000000000000000000e+00
2.533333333333333270e-02 0.000000000000000000e+00
2.536666666666666584e-02 0.000000000000000000e+00
2.539999999999999897e-02 0.000000000000000000e+00
2.543333333333333210e-02 0.000000000000000000e+00
2.546666666666666523e-02 0.000000000000000000e+00
2.549999999999999836e-02 0.000000000000000000e+00
2.553333333333333496e-02 0.000000000000000000e+00
2.556666666666666810e-02 0.000000000000000000e+00
2.560000000000000123e-02 0.000000000000000000e+00
2.563333333333333436e-02 0.000000000000000000e+00
2.566666666666666749e-02 0.000000000000000000e+00
2.570000000000000062e-02 0.000000000000000000e+00
2.573333333333333375e-02 0.000000000000000000e+00
2.576666666666666689e-02 0.000000000000000000e+00
2.580000000000000002e-02 0.000000000000000000e+00
2.583333333333333315e-02 0.000000000000000000e+00
2.586666666666666628e-02 0.000000000000000000e+00
2.589999999999999941e-02 0.000000000000000000e+00
2.593333333333333254e-02 0.000000000000000000e+00
2.596666666666666567e-02 0.000000000000000000e+00
2.599999999999999881e-02 0.000000000000000000e+00
2.603333333333333194e-02 0.000000000000000000e+00
2.606666666666666507e-02 0.000000000000000000e+00
2.610000000000000167e-02 0.000000000000000000e+00
2.613333333333333480e-02 0.000000000000000000e+00
2.616666666666666793e-02 0.000000000000000000e+00
2.620000000000000107e-02 0.000000000000000000e+00
2.623333333333333420e-02 0.000000000000000000e+00
2.626666666666666733e-02 0.000000000000000000e+00
2.630000000000000046e-02 0.000000000000000000e+00
2.633333333333333359e-02 0.000000000000000000e+00
2.636666666666666672e-02 0.000000000000000000e+00
2.639999999999999986e-02 0.000000000000000000e+00
2.643333333333333299e-02 0.000000000000000000e+00
2.646666666666666612e-02 0.000000000000000000e+00
2.649999999999999925e-02 0.000000000000000000e+00
2.653333333333333238e-02 0.000000000000000000e+00
2.656666666666666551e-02 0.000000000000000000e+00
2.659999999999999865e-02 0.000000000000000000e+00
2.663333333333333178e-02 0.000000000000000000e+00
2.666666666666666838e-02 0.000000000000000000e+00
2.670000000000000151e-02 0.000000000000000000e+00
2.673333333333333464e-02 0.000000000000000000e+00
2.676666666666666777e-02 0.000000000000000000e+00
2.680000000000000090e-02 0.000000000000000000e+00
2.683333333333333404e-02 0.000000000000000000e+00
2.686666666666666717e-02 0.000000000000000000e+00
2.690000000000000030e-02 0.000000000000000000e+00
2.693333333333333343e-02 0.000000000000000000e+00
2.696666666666666656e-02 0.000000000000000000e+00
2.699999999999999969e-02 0.000000000000000000e+00
2.703333333333333283e-02 0.000000000000000000e+00
2.706666666666666596e-02 0.000000000000000000e+00
2.709999999999999909e-02 0.000000000000000000e+00
2.713333333333333222e-02 0.000000000000000000e+00
2.716666666666666535e-02 0.000000000000000000e+00
2.719999999999999848e-02 0.000000000000000000e+00
2.723333333333333162e-02 0.000000000000000000e+00
2.726666666666666822e-02 0.000000000000000000e+00
2.730000000000000135e-02 0.000000000000000000e+00
2.733333333333333448e-02 0.000000000000000000e+00
2.736666666666666761e-02 0.000000000000000000e+00
2.740000000000000074e-02 0.000000000000000000e+00
2.743333333333333388e-02 0.000000000000000000e+00
2.746666666666666701e-02 0.000000000000000000e+00
2.750000000000000014e-02 0.000000000000000000e+00
2.753333333333333327e-02 0.000000000000000000e+00
2.756666666666666640e-02 0.000000000000000000e+00
2.759999999999999953e-02 0.000000000000000000e+00
2.763333333333333267e-02 0.000000000000000000e+00
2.766666666666666580e-02 0.000000000000000000e+00
2.769999999999999893e-02 0.000000000000000000e+00
2.773333333333333206e-02 0.000000000000000000e+00
2.776666666666666519e-02 0.000000000000000000e+00
2.779999999999999832e-02 0.000000000000000000e+00
2.783333333333333492e-02 0.000000000000000000e+00
2.786666666666666806e-02 0.000000000000000000e+00
2.790000000000000119e-02 0.000000000000000000e+00
2.793333333333333432e-02 0.000000000000000000e+00
2.796666666666666745e-02 0.000000000000000000e+00
2.800000000000000058e-02 0.000000000000000000e+00
2.803333333333333371e-02 0.000000000000000000e+00
2.806666666666666685e-02 0.000000000000000000e+00
2.809999999999999998e-02 0.000000000000000000e+00
2.813333333333333311e-02 0.000000000000000000e+00
2.816666666666666624e-02 0.000000000000000000e+00
2.819999999999999937e-02 0.000000000000000000e+00
2.823333333333333250e-02 0.000000000000000000e+00
2.826666666666666564e-02 0.000000000000000000e+00
2.829999999999999877e-02 0.000000000000000000e+00
2.833333333333333190e-02 0.000000000000000000e+00
2.836666666666666503e-02 0.000000000000000000e+00
2.840000000000000163e-02 0.000000000000000000e+00
2.843333333333333476e-02 0.000000000000000000e+00
2.846666666666666790e-02 0.000000000000000000e+00
2.850000000000000103e-02 0.000000000000000000e+00
2.853333333333333416e-02 0.000000000000000000e+00
2.856666666666666729e-02 0.000000000000000000e+00
2.860000000000000042e-02 0.000000000000000000e+00
2.863333333333333355e-02 0.000000000000000000e+00
2.866666666666666669e-02 0.000000000000000000e+00
2.869999999999999982e-02 0.000000000000000000e+00
2.873333333333333295e-02 0.000000000000000000e+00
2.876666666666666608e-02 0.000000000000000000e+00
2.879999999999999921e-02 0.000000000000000000e+00
2.883333333333333234e-02 0.000000000000000000e+00
2.886666666666666548e-02 0.000000000000000000e+00
2.889999999999999861e-02 0.000000000000000000e+00
2.893333333333333174e-02 0.000000000000000000e+00
2.896666666666666834e-02 0.000000000000000000e+00
2.900000000000000147e-02 0.000000000000000000e+00
2.903333333333333460e-02 0.000000000000000000e+00
2.906666666666666773e-02 0.000000000000000000e+00
2.910000000000000087e-02 0.000000000000000000e+00
2.913333333333333400e-02 0.000000000000000000e+00
2.916666666666666713e-02 0.000000000000000000e+00
2.920000000000000026e-02 0.000000000000000000e+00
2.923333333333333339e-02 0.000000000000000000e+00
2.926666666666666652e-02 0.000000000000000000e+00
2.929999999999999966e-02 0.000000000000000000e+00
2.933333333333333279e-02 0.000000000000000000e+00
2.936666666666666592e-02 0.000000000000000000e+00
2.939999999999999905e-02 0.000000000000000000e+00
2.943333333333333218e-02 0.000000000000000000e+00
2.946666666666666531e-02 0.000000000000000000e+00
2.949999999999999845e-02 0.000000000000000000e+00
2.953333333333333505e-02 0.000000000000000000e+00
2.956666666666666818e-02 0.000000000000000000e+00
2.960000000000000131e-02 0.000000000000000000e+00
2.963333333333333444e-02 0.000000000000000000e+00
2.966666666666666757e-02 0.000000000000000000e+00
2.970000000000000070e-02 0.000000000000000000e+00
2.973333333333333384e-02 0.000000000000000000e+00
2.976666666666666697e-02 0.000000000000000000e+00
2.980000000000000010e-02 0.000000000000000000e+00
2.983333333333333323e-02 0.000000000000000000e+00
2.986666666666666636e-02 0.000000000000000000e+00
2.989999999999999949e-02 0.000000000000000000e+00
2.993333333333333263e-02 0.000000000000000000e+00
2.996666666666666576e-02 0.000000000000000000e+00
2.999999999999999889e-02 0.000000000000000000e+00
3.003333333333333202e-02 0.000000000000000000e+00
3.006666666666666515e-02 0.000000000000000000e+00
3.009999999999999828e-02 0.000000000000000000e+00
3.013333333333333489e-02 0.000000000000000000e+00
3.016666666666666802e-02 0.000000000000000000e+00
3.020000000000000115e-02 0.000000000000000000e+00
3.023333333333333428e-02 0.000000000000000000e+00
3.026666666666666741e-02 0.000000000000000000e+00
3.030000000000000054e-02 0.000000000000000000e+00
3.033333333333333368e-02 0.000000000000000000e+00
3.036666666666666681e-02 0.000000000000000000e+00
3.039999999999999994e-02 0.000000000000000000e+00
3.043333333333333307e-02 0.000000000000000000e+00
3.046666666666666620e-02 0.000000000000000000e+00
3.049999999999999933e-02 0.000000000000000000e+00
3.053333333333333247e-02 0.000000000000000000e+00
3.056666666666666560e-02 0.000000000000000000e+00
3.059999999999999873e-02 0.000000000000000000e+00
3.063333333333333186e-02 0.000000000000000000e+00
3.066666666666666499e-02 0.000000000000000000e+00
3.070000000000000159e-02 0.000000000000000000e+00
3.073333333333333472e-02 0.000000000000000000e+00
3.076666666666666786e-02 0.000000000000000000e+00
3.080000000000000099e-02 0.000000000000000000e+00
3.083333333333333412e-02 0.000000000000000000e+00
3.086666666666666725e-02 0.000000000000000000e+00
3.090000000000000038e-02 0.000000000000000000e+00
3.093333333333333351e-02 0.000000000000000000e+00
3.096666666666666665e-02 0.000000000000000000e+00
3.099999999999999978e-02 0.000000000000000000e+00
3.103333333333333291e-02 0.000000000000000000e+00
3.106666666666666604e-02 0.000000000000000000e+00
3.109999999999999917e-02 0.000000000000000000e+00
3.113333333333333230e-02 0.000000000000000000e+00
3.116666666666666544e-02 0.000000000000000000e+00
3.119999999999999857e-02 0.000000000000000000e+00
3.123333333333333170e-02 0.000000000000000000e+00
3.126666666666666483e-02 0.000000000000000000e+00
3.130000000000000143e-02 0.000000000000000000e+00
3.133333333333333109e-02 0.000000000000000000e+00
3.136666666666666770e-02 0.000000000000000000e+00
3.139999999999999736e-02 0.000000000000000000e+00
3.143333333333333396e-02 0.000000000000000000e+00
3.146666666666666362e-02 0.000000000000000000e+00
3.150000000000000022e-02 0.000000000000000000e+00
3.153333333333332988e-02 0.000000000000000000e+00
3.156666666666666649e-02 0.000000000000000000e+00
3.160000000000000309e-02 0.000000000000000000e+00
3.163333333333333275e-02 0.000000000000000000e+00
3.166666666666666935e-02 0.000000000000000000e+00
3.169999999999999901e-02 0.000000000000000000e+00
3.173333333333333561e-02 0.000000000000000000e+00
3.176666666666666528e-02 0.000000000000000000e+00
3.180000000000000188e-02 0.000000000000000000e+00
3.183333333333333154e-02 0.000000000000000000e+00
3.186666666666666814e-02 0.000000000000000000e+00
3.189999999999999780e-02 0.000000000000000000e+00
3.193333333333333440e-02 0.000000000000000000e+00
3.196666666666666407e-02 0.000000000000000000e+00
3.200000000000000067e-02 0.000000000000000000e+00
3.203333333333333033e-02 0.000000000000000000e+00
3.206666666666666693e-02 0.000000000000000000e+00
3.209999999999999659e-02 0.000000000000000000e+00
3.213333333333333319e-02 0.000000000000000000e+00
3.216666666666666979e-02 0.000000000000000000e+00
3.219999999999999946e-02 0.000000000000000000e+00
3.223333333333333606e-02 0.000000000000000000e+00
3.226666666666666572e-02 0.000000000000000000e+00
3.230000000000000232e-02 0.000000000000000000e+00
3.233333333333333198e-02 0.000000000000000000e+00
3.236666666666666858e-02 0.000000000000000000e+00
3.239999999999999825e-02 0.000000000000000000e+00
3.243333333333333485e-02 0.000000000000000000e+00
3.246666666666666451e-02 0.000000000000000000e+00
3.250000000000000111e-02 0.000000000000000000e+00
3.253333333333333077e-02 0.000000000000000000e+00
3.256666666666666737e-02 0.000000000000000000e+00
3.259999999999999704e-02 0.000000000000000000e+00
3.263333333333333364e-02 0.000000000000000000e+00
3.266666666666666330e-02 0.000000000000000000e+00
3.269999999999999990e-02 0.000000000000000000e+00
3.273333333333333650e-02 0.000000000000000000e+00
3.276666666666666616e-02 0.000000000000000000e+00
3.280000000000000276e-02 0.000000000000000000e+00
3.283333333333333243e-02 0.000000000000000000e+00
3.286666666666666903e-02 0.000000000000000000e+00
3.289999999999999869e-02 0.000000000000000000e+00
3.293333333333333529e-02 0.000000000000000000e+00
3.296666666666666495e-02 0.000000000000000000e+00
3.300000000000000155e-02 0.000000000000000000e+00
3.303333333333333122e-02 0.000000000000000000e+00
3.306666666666666782e-02 0.000000000000000000e+00
3.309999999999999748e-02 0.000000000000000000e+00
3.313333333333333408e-02 0.000000000000000000e+00
3.316666666666666374e-02 0.000000000000000000e+00
3.320000000000000034e-02 0.000000000000000000e+00
3.323333333333333001e-02 0.000000000000000000e+00
3.326666666666666661e-02 0.000000000000000000e+00
3.330000000000000321e-02 0.000000000000000000e+00
3.333333333333333287e-02 0.000000000000000000e+00
3.336666666666666947e-02 0.000000000000000000e+00
3.339999999999999913e-02 0.000000000000000000e+00
3.343333333333333574e-02 0.000000000000000000e+00
3.346666666666666540e-02 0.000000000000000000e+00
3.350000000000000200e-02 0.000000000000000000e+00
3.353333333333333166e-02 0.000000000000000000e+00
3.356666666666666826e-02 0.000000000000000000e+00
3.359999999999999792e-02 0.000000000000000000e+00
3.363333333333333452e-02 0.000000000000000000e+00
3.366666666666666419e-02 0.000000000000000000e+00
3.370000000000000079e-02 0.000000000000000000e+00
3.373333333333333045e-02 0.000000000000000000e+00
3.376666666666666705e-02 0.000000000000000000e+00
3.379999999999999671e-02 0.000000000000000000e+00
3.383333333333333331e-02 0.000000000000000000e+00
3.386666666666666992e-02 0.000000000000000000e+00
3.389999999999999958e-02 0.000000000000000000e+00
3.393333333333333618e-02 0.000000000000000000e+00
3.396666666666666584e-02 0.000000000000000000e+00
3.400000000000000244e-02 0.000000000000000000e+00
3.403333333333333210e-02 0.000000000000000000e+00
3.406666666666666871e-02 0.000000000000000000e+00
3.409999999999999837e-02 0.000000000000000000e+00
3.413333333333333497e-02 0.000000000000000000e+00
3.416666666666666463e-02 0.000000000000000000e+00
3.420000000000000123e-02 0.000000000000000000e+00
3.423333333333333089e-02 0.000000000000000000e+00
3.426666666666666750e-02 0.000000000000000000e+00
3.429999999999999716e-02 0.000000000000000000e+00
3.433333333333333376e-02 0.000000000000000000e+00
3.436666666666666342e-02 0.000000000000000000e+00
3.440000000000000002e-02 0.000000000000000000e+00
3.443333333333333662e-02 0.000000000000000000e+00
3.446666666666666629e-02 0.000000000000000000e+00
3.450000000000000289e-02 0.000000000000000000e+00
3.453333333333333255e-02 0.000000000000000000e+00
3.456666666666666915e-02 0.000000000000000000e+00
3.459999999999999881e-02 0.000000000000000000e+00
3.463333333333333541e-02 0.000000000000000000e+00
3.466666666666666508e-02 0.000000000000000000e+00
3.470000000000000168e-02 0.000000000000000000e+00
3.473333333333333134e-02 0.000000000000000000e+00
3.476666666666666794e-02 0.000000000000000000e+00
3.479999999999999760e-02 0.000000000000000000e+00
3.483333333333333420e-02 0.000000000000000000e+00
3.486666666666666387e-02 0.000000000000000000e+00
3.490000000000000047e-02 0.000000000000000000e+00
3.493333333333333013e-02 0.000000000000000000e+00
3.496666666666666673e-02 0.000000000000000000e+00
3.500000000000000333e-02 0.000000000000000000e+00
3.503333333333333299e-02 0.000000000000000000e+00
3.506666666666666959e-02 0.000000000000000000e+00
3.509999999999999926e-02 0.000000000000000000e+00
3.513333333333333586e-02 0.000000000000000000e+00
3.516666666666666552e-02 0.000000000000000000e+00
3.520000000000000212e-02 0.000000000000000000e+00
3.523333333333333178e-02 0.000000000000000000e+00
3.526666666666666838e-02 0.000000000000000000e+00
3.529999999999999805e-02 0.000000000000000000e+00
3.533333333333333465e-02 0.000000000000000000e+00
3.536666666666666431e-02 0.000000000000000000e+00
3.540000000000000091e-02 0.000000000000000000e+00
3.543333333333333057e-02 0.000000000000000000e+00
3.546666666666666717e-02 0.000000000000000000e+00
3.549999999999999684e-02 0.000000000000000000e+00
3.553333333333333344e-02 0.000000000000000000e+00
3.556666666666667004e-02 0.000000000000000000e+00
3.559999999999999970e-02 0.000000000000000000e+00
3.563333333333333630e-02 0.000000000000000000e+00
3.566666666666666596e-02 0.000000000000000000e+00
3.570000000000000256e-02 0.000000000000000000e+00
3.573333333333333223e-02 0.000000000000000000e+00
3.576666666666666883e-02 0.000000000000000000e+00
3.579999999999999849e-02 0.000000000000000000e+00
3.583333333333333509e-02 0.000000000000000000e+00
3.586666666666666475e-02 0.000000000000000000e+00
3.590000000000000135e-02 0.000000000000000000e+00
3.593333333333333102e-02 0.000000000000000000e+00
3.596666666666666762e-02 0.000000000000000000e+00
3.599999999999999728e-02 0.000000000000000000e+00
3.603333333333333388e-02 0.000000000000000000e+00
3.606666666666666354e-02 0.000000000000000000e+00
3.610000000000000014e-02 0.000000000000000000e+00
3.613333333333333675e-02 0.000000000000000000e+00
3.616666666666666641e-02 0.000000000000000000e+00
3.620000000000000301e-02 0.000000000000000000e+00
3.623333333333333267e-02 0.000000000000000000e+00
3.626666666666666927e-02 0.000000000000000000e+00
3.629999999999999893e-02 0.000000000000000000e+00
3.633333333333333554e-02 0.000000000000000000e+00
3.636666666666666520e-02 0.000000000000000000e+00
3.640000000000000180e-02 0.000000000000000000e+00
3.643333333333333146e-02 0.000000000000000000e+00
3.646666666666666806e-02 0.000000000000000000e+00
3.649999999999999772e-02 0.000000000000000000e+00
3.653333333333333433e-02 0.000000000000000000e+00
3.656666666666666399e-02 0.000000000000000000e+00
3.660000000000000059e-02 0.000000000000000000e+00
3.663333333333333025e-02 0.000000000000000000e+00
3.666666666666666685e-02 0.000000000000000000e+00
3.670000000000000345e-02 0.000000000000000000e+00
3.673333333333333311e-02 0.000000000000000000e+00
3.676666666666666972e-02 0.000000000000000000e+00
3.679999999999999938e-02 0.000000000000000000e+00
3.683333333333333598e-02 0.000000000000000000e+00
3.686666666666666564e-02 0.000000000000000000e+00
3.690000000000000224e-02 0.000000000000000000e+00
3.693333333333333190e-02 0.000000000000000000e+00
3.696666666666666851e-02 0.000000000000000000e+00
3.699999999999999817e-02 0.000000000000000000e+00
3.703333333333333477e-02 0.000000000000000000e+00
3.706666666666666443e-02 0.000000000000000000e+00
3.710000000000000103e-02 0.000000000000000000e+00
3.713333333333333069e-02 0.000000000000000000e+00
3.716666666666666730e-02 0.000000000000000000e+00
3.719999999999999696e-02 0.000000000000000000e+00
3.723333333333333356e-02 0.000000000000000000e+00
3.726666666666666322e-02 0.000000000000000000e+00
3.729999999999999982e-02 0.000000000000000000e+00
3.733333333333333642e-02 0.000000000000000000e+00
3.736666666666666609e-02 0.000000000000000000e+00
3.740000000000000269e-02 0.000000000000000000e+00
3.740000000000000269e-02 3.333333333333333493e-05
3.740000000000000269e-02 6.666666666666666986e-05
3.740000000000000269e-02 1.000000000000000048e-04
4.316666666666666569e-02 3.283333333333333243e-02
4.723333333333333550e-02 5.393333333333333313e-02
4.973333333333333078e-02 6.816666666666666707e-02
5.530000000000000193e-02 9.606666666666666132e-02
6.223333333333333495e-02 1.295999999999999930e-01
6.956666666666666554e-02 1.718333333333333379e-01
7.480000000000000537e-02 2.006000000000000005e-01
7.546666666666666801e-02 2.051666666666666639e-01
8.369999999999999662e-02 2.466000000000000136e-01
8.373333333333334016e-02 2.467000000000000026e-01
9.020000000000000240e-02 2.735666666666666802e-01
9.276666666666666394e-02 2.846000000000000196e-01
9.943333333333333190e-02 3.176666666666666528e-01
1.055999999999999994e-01 3.418999999999999817e-01
1.123333333333333267e-01 3.770666666666666611e-01
1.125000000000000028e-01 3.774000000000000132e-01
1.209999999999999964e-01 4.205666666666666442e-01
1.235333333333333283e-01 4.304999999999999938e-01
1.246666666666666617e-01 4.362666666666666915e-01
1.305666666666666642e-01 4.600333333333333496e-01
1.393000000000000071e-01 5.026333333333333764e-01
1.403333333333333377e-01 5.061666666666666536e-01
1.432333333333333236e-01 5.140000000000000124e-01
1.471000000000000085e-01 5.256666666666666154e-01
1.531000000000000139e-01 5.473000000000000087e-01
1.632333333333333414e-01 5.845666666666666789e-01
1.701000000000000012e-01 6.094000000000000528e-01
1.703000000000000069e-01 6.100666666666666460e-01
1.764333333333333309e-01 6.296666666666667078e-01
1.786000000000000087e-01 6.359333333333333504e-01
1.878666666666666540e-01 6.619666666666667032e-01
1.958999999999999908e-01 6.854999999999999982e-01
1.959666666666666779e-01 6.857333333333333059e-01
1.966333333333333266e-01 6.868666666666666254e-01
2.001000000000000001e-01 6.954333333333333478e-01
2.073666666666666714e-01 7.175666666666666860e-01
2.177000000000000046e-01 7.375666666666667037e-01
2.246333333333333238e-01 7.534333333333332883e-01
2.286333333333333273e-01 7.627333333333333742e-01
2.363666666666666694e-01 7.798333333333333783e-01
2.373999999999999999e-01 7.824333333333333140e-01
2.391000000000000070e-01 7.845666666666666345e-01
2.412666666666666571e-01 7.884333333333333194e-01
2.437000000000000000e-01 7.929666666666667085e-01
2.491333333333333455e-01 8.025333333333333208e-01
2.534333333333333438e-01 8.104999999999999982e-01
2.543666666666666853e-01 8.112333333333333618e-01
2.565666666666666651e-01 8.150333333333333874e-01
2.642333333333333201e-01 8.282666666666667066e-01
2.665333333333333443e-01 8.333333333333333703e-01
2.703333333333333144e-01 8.385000000000000231e-01
2.817000000000000060e-01 8.533333333333333881e-01
2.827333333333333365e-01 8.546333333333333560e-01
2.836333333333333484e-01 8.558666666666666645e-01
2.891333333333333533e-01 8.627666666666666817e-01
2.997000000000000219e-01 8.715333333333333821e-01
3.013666666666666716e-01 8.736333333333333728e-01
3.082333333333333591e-01 8.808333333333333570e-01
3.149000000000000132e-01 8.890000000000000124e-01
3.187666666666666426e-01 8.922333333333333227e-01
3.241333333333333289e-01 8.979000000000000314e-01
3.242999999999999772e-01 8.980000000000000204e-01
3.299333333333333562e-01 9.027333333333333876e-01
3.306333333333333346e-01 9.031333333333333435e-01
3.311999999999999944e-01 9.041333333333333444e-01
3.328999999999999737e-01 9.052333333333333343e-01
3.448333333333333250e-01 9.119666666666667032e-01
3.459333333333333149e-01 9.123333333333333295e-01
3.549666666666666526e-01 9.184999999999999831e-01
3.590333333333333155e-01 9.231000000000000316e-01
3.614666666666666583e-01 9.253333333333333410e-01
3.646333333333333093e-01 9.278666666666666174e-01
3.670333333333333226e-01 9.309666666666667201e-01
3.772666666666666391e-01 9.374666666666666703e-01
3.791666666666666519e-01 9.389333333333332865e-01
3.829000000000000181e-01 9.405999999999999917e-01
3.832333333333333147e-01 9.409333333333332883e-01
3.845000000000000084e-01 9.415999999999999925e-01
3.859333333333333504e-01 9.430333333333332790e-01
3.926000000000000045e-01 9.449999999999999512e-01
3.946000000000000063e-01 9.458333333333333037e-01
3.999333333333333074e-01 9.476333333333333275e-01
4.013999999999999790e-01 9.479666666666666242e-01
4.016666666666666718e-01 9.481000000000000538e-01
4.037999999999999923e-01 9.485333333333333394e-01
4.069333333333333136e-01 9.495333333333333403e-01
4.102666666666666684e-01 9.505000000000000115e-01
4.107666666666666688e-01 9.508999999999999675e-01
4.237000000000000210e-01 9.553666666666666973e-01
4.268333333333333424e-01 9.573000000000000398e-01
4.273333333333333428e-01 9.573666666666666991e-01
4.281333333333333102e-01 9.576000000000000068e-01
4.354000000000000092e-01 9.586333333333333373e-01
4.361999999999999766e-01 9.587333333333333263e-01
4.381666666666666488e-01 9.588666666666666449e-01
4.405000000000000027e-01 9.590666666666666229e-01
4.464000000000000190e-01 9.593333333333333712e-01
4.499333333333333518e-01 9.595000000000000195e-01
4.553333333333333122e-01 9.625000000000000222e-01
4.591333333333333377e-01 9.627666666666666595e-01
4.630333333333333523e-01 9.649999999999999689e-01
4.718333333333333268e-01 9.686666666666666758e-01
4.789999999999999813e-01 9.699666666666666437e-01
4.849333333333333274e-01 9.708333333333333259e-01
4.885666666666666491e-01 9.721666666666666234e-01
4.909000000000000030e-01 9.724666666666667014e-01
4.959999999999999964e-01 9.729333333333333167e-01
5.110999999999999988e-01 9.747000000000000108e-01
5.116333333333333844e-01 9.747333333333333405e-01
5.180333333333333456e-01 9.755333333333333634e-01
5.236666666666666137e-01 9.762666666666666160e-01
5.247000000000000552e-01 9.764000000000000457e-01
5.275666666666666282e-01 9.766333333333333533e-01
5.409000000000000474e-01 9.802999999999999492e-01
5.457333333333332925e-01 9.807333333333333458e-01
5.560333333333333794e-01 9.849333333333333274e-01
5.561333333333333684e-01 9.850666666666666460e-01
5.607666666666666355e-01 9.859999999999999876e-01
5.702333333333333698e-01 9.879999999999999893e-01
5.712000000000000410e-01 9.881999999999999673e-01
5.774666666666666837e-01 9.889666666666666606e-01
5.812333333333333796e-01 9.895000000000000462e-01
5.920999999999999597e-01 9.897000000000000242e-01
6.095333333333333714e-01 9.898666666666666725e-01
6.116333333333333622e-01 9.898666666666666725e-01
6.183999999999999497e-01 9.900999999999999801e-01
6.234333333333332838e-01 9.903333333333332877e-01
6.236666666666667025e-01 9.903333333333332877e-01
6.402999999999999803e-01 9.910999999999999810e-01
6.554333333333333123e-01 9.930666666666666531e-01
6.560666666666666869e-01 9.931999999999999718e-01
6.600333333333333607e-01 9.935000000000000497e-01
6.752666666666666817e-01 9.935666666666667091e-01
6.758666666666666156e-01 9.935666666666667091e-01
6.895000000000000018e-01 9.936000000000000387e-01
6.999999999999999556e-01 9.943999999999999506e-01
7.043000000000000371e-01 9.947000000000000286e-01
7.092333333333333822e-01 9.948333333333333472e-01
7.132666666666667155e-01 9.949333333333333362e-01
7.146333333333333426e-01 9.949333333333333362e-01
7.366000000000000325e-01 9.956000000000000405e-01
7.378666666666666707e-01 9.956000000000000405e-01
7.398333333333333428e-01 9.956000000000000405e-01
7.440333333333333243e-01 9.958666666666666778e-01
7.582999999999999741e-01 9.966333333333333711e-01
7.618000000000000327e-01 9.968000000000000194e-01
7.797666666666667190e-01 9.969999999999999973e-01
7.907333333333332881e-01 9.973999999999999533e-01
7.931000000000000272e-01 9.974666666666666126e-01
8.024999999999999911e-01 9.974666666666666126e-01
8.207666666666666444e-01 9.975000000000000533e-01
8.478666666666666574e-01 9.978666666666666796e-01
8.890333333333333421e-01 9.980333333333333279e-01
8.941000000000000059e-01 9.980333333333333279e-01
8.973333333333333162e-01 9.980999999999999872e-01
9.073666666666666547e-01 9.983999999999999542e-01
9.195999999999999730e-01 9.984333333333332838e-01
9.271666666666666945e-01 9.989000000000000101e-01
9.361000000000000432e-01 9.993999999999999551e-01
9.460333333333332817e-01 9.994666666666666144e-01
9.654666666666666952e-01 9.996666666666667034e-01
9.828666666666666663e-01 9.998666666666666814e-01
9.830666666666666442e-01 9.998666666666666814e-01
9.848999999999999977e-01 9.999000000000000110e-01
9.909333333333333327e-01 9.999333333333333407e-01
1.000000000000000000e+00 1.000000000000000000e+00
