0.000000000000000000e+00 0.000000000000000000e+00
8.000000000000000383e-04 4.499999999999999660e-03
1.000000000000000021e-03 5.199999999999999761e-03
1.600000000000000077e-03 1.069999999999999944e-02
2.200000000000000133e-03 1.460000000000000013e-02
2.700000000000000143e-03 1.949999999999999997e-02
2.700000000000000143e-03 2.210000000000000159e-02
2.899999999999999800e-03 2.400000000000000050e-02
3.099999999999999891e-03 2.460000000000000034e-02
3.299999999999999982e-03 2.589999999999999941e-02
3.299999999999999982e-03 2.610000000000000167e-02
3.599999999999999901e-03 2.829999999999999877e-02
4.499999999999999660e-03 3.300000000000000155e-02
5.100000000000000366e-03 3.679999999999999938e-02
5.499999999999999681e-03 3.930000000000000160e-02
5.700000000000000205e-03 4.279999999999999777e-02
5.700000000000000205e-03 4.420000000000000318e-02
5.799999999999999600e-03 4.540000000000000285e-02
6.100000000000000387e-03 4.850000000000000144e-02
6.199999999999999782e-03 4.909999999999999781e-02
6.599999999999999964e-03 5.380000000000000060e-02
7.199999999999999803e-03 5.979999999999999899e-02
7.799999999999999642e-03 6.310000000000000331e-02
8.600000000000000006e-03 6.950000000000000622e-02
8.699999999999999400e-03 7.270000000000000073e-02
9.400000000000000369e-03 7.799999999999999989e-02
1.050000000000000065e-02 8.450000000000000566e-02
1.099999999999999936e-02 9.120000000000000329e-02
1.200000000000000025e-02 9.800000000000000377e-02
1.209999999999999964e-02 9.859999999999999321e-02
1.209999999999999964e-02 1.023000000000000020e-01
1.220000000000000077e-02 1.032000000000000001e-01
1.239999999999999956e-02 1.053000000000000047e-01
1.250000000000000069e-02 1.077000000000000041e-01
1.299999999999999940e-02 1.126000000000000056e-01
1.370000000000000037e-02 1.190999999999999975e-01
1.379999999999999977e-02 1.195999999999999980e-01
1.400000000000000029e-02 1.200999999999999984e-01
1.420000000000000082e-02 1.223999999999999949e-01
1.420000000000000082e-02 1.224999999999999978e-01
1.430000000000000021e-02 1.228999999999999954e-01
1.540000000000000049e-02 1.300999999999999934e-01
1.609999999999999973e-02 1.318000000000000005e-01
1.640000000000000138e-02 1.337000000000000133e-01
1.710000000000000062e-02 1.398000000000000076e-01
1.710000000000000062e-02 1.405000000000000138e-01
1.729999999999999941e-02 1.438000000000000111e-01
1.760000000000000106e-02 1.479999999999999927e-01
1.770000000000000046e-02 1.494000000000000050e-01
1.779999999999999985e-02 1.549999999999999989e-01
1.810000000000000150e-02 1.575999999999999901e-01
1.880000000000000074e-02 1.610999999999999932e-01
1.919999999999999832e-02 1.675000000000000100e-01
1.940000000000000058e-02 1.691999999999999893e-01
1.940000000000000058e-02 1.695000000000000118e-01
1.959999999999999937e-02 1.700000000000000122e-01
2.050000000000000086e-02 1.776000000000000079e-01
2.050000000000000086e-02 1.779999999999999916e-01
2.050000000000000086e-02 1.781000000000000083e-01
2.060000000000000026e-02 1.792999999999999872e-01
2.060000000000000026e-02 1.796000000000000096e-01
2.139999999999999888e-02 1.842999999999999916e-01
2.230000000000000038e-02 1.918999999999999873e-01
2.319999999999999840e-02 1.960999999999999965e-01
2.369999999999999885e-02 2.038000000000000089e-01
2.369999999999999885e-02 2.039999999999999869e-01
2.369999999999999885e-02 2.059999999999999887e-01
2.460000000000000034e-02 2.102999999999999869e-01
2.500000000000000139e-02 2.142000000000000015e-01
2.510000000000000078e-02 2.162000000000000033e-01
2.529999999999999957e-02 2.169999999999999984e-01
2.539999999999999897e-02 2.177000000000000046e-01
2.570000000000000062e-02 2.215000000000000024e-01
2.580000000000000002e-02 2.227999999999999980e-01
2.580000000000000002e-02 2.235999999999999932e-01
2.610000000000000167e-02 2.288999999999999924e-01
2.630000000000000046e-02 2.315000000000000113e-01
2.690000000000000030e-02 2.358999999999999986e-01
2.759999999999999953e-02 2.406999999999999973e-01
2.769999999999999893e-02 2.427999999999999881e-01
2.850000000000000103e-02 2.484999999999999987e-01
2.889999999999999861e-02 2.536999999999999811e-01
2.980000000000000010e-02 2.580000000000000071e-01
3.030000000000000054e-02 2.609000000000000208e-01
3.030000000000000054e-02 2.617999999999999772e-01
3.090000000000000038e-02 2.674000000000000266e-01
3.090000000000000038e-02 2.680000000000000160e-01
3.130000000000000143e-02 2.721999999999999975e-01
3.160000000000000309e-02 2.746999999999999997e-01
3.209999999999999659e-02 2.782999999999999918e-01
3.219999999999999946e-02 2.795000000000000262e-01
3.309999999999999748e-02 2.829999999999999738e-01
3.420000000000000123e-02 2.873999999999999888e-01
3.440000000000000002e-02 2.888999999999999901e-01
3.470000000000000168e-02 2.899999999999999800e-01
3.520000000000000212e-02 2.959999999999999853e-01
3.590000000000000135e-02 2.988999999999999990e-01
3.640000000000000180e-02 3.017000000000000237e-01
3.660000000000000059e-02 3.039999999999999925e-01
3.660000000000000059e-02 3.049000000000000044e-01
3.719999999999999696e-02 3.104999999999999982e-01
3.749999999999999861e-02 3.120999999999999885e-01
3.919999999999999873e-02 3.219000000000000195e-01
4.080000000000000293e-02 3.295000000000000151e-01
4.170000000000000095e-02 3.351999999999999980e-01
4.279999999999999777e-02 3.398999999999999799e-01
4.390000000000000152e-02 3.493999999999999884e-01
4.429999999999999910e-02 3.544999999999999818e-01
4.490000000000000241e-02 3.578000000000000069e-01
4.519999999999999712e-02 3.592000000000000193e-01
4.549999999999999878e-02 3.608999999999999986e-01
4.549999999999999878e-02 3.610999999999999766e-01
4.590000000000000330e-02 3.634000000000000008e-01
4.590000000000000330e-02 3.635999999999999788e-01
4.610000000000000209e-02 3.644999999999999907e-01
4.619999999999999801e-02 3.663000000000000145e-01
4.630000000000000088e-02 3.668000000000000149e-01
4.780000000000000221e-02 3.724000000000000088e-01
4.809999999999999692e-02 3.753000000000000225e-01
4.839999999999999858e-02 3.774000000000000132e-01
4.859999999999999737e-02 3.790000000000000036e-01
4.900000000000000189e-02 3.798000000000000265e-01
4.950000000000000233e-02 3.817999999999999727e-01
4.959999999999999826e-02 3.821999999999999842e-01
5.009999999999999870e-02 3.865999999999999992e-01
5.009999999999999870e-02 3.870000000000000107e-01
5.040000000000000036e-02 3.901000000000000023e-01
5.070000000000000201e-02 3.937999999999999834e-01
5.120000000000000245e-02 3.966000000000000081e-01
5.160000000000000003e-02 3.998999999999999777e-01
5.229999999999999927e-02 4.048999999999999821e-01
5.269999999999999685e-02 4.063999999999999835e-01
5.449999999999999983e-02 4.176000000000000267e-01
5.530000000000000193e-02 4.224999999999999867e-01
5.559999999999999665e-02 4.237000000000000210e-01
5.580000000000000238e-02 4.252000000000000224e-01
5.689999999999999919e-02 4.312000000000000277e-01
5.790000000000000008e-02 4.359999999999999987e-01
5.890000000000000097e-02 4.433000000000000274e-01
6.040000000000000230e-02 4.476999999999999869e-01
6.110000000000000153e-02 4.519000000000000239e-01
6.110000000000000153e-02 4.522999999999999798e-01
6.360000000000000375e-02 4.657000000000000028e-01
6.429999999999999605e-02 4.699999999999999734e-01
6.500000000000000222e-02 4.743999999999999884e-01
6.569999999999999452e-02 4.763999999999999901e-01
6.569999999999999452e-02 4.767000000000000126e-01
6.569999999999999452e-02 4.769999999999999796e-01
6.619999999999999496e-02 4.803999999999999937e-01
6.690000000000000113e-02 4.837000000000000188e-01
6.729999999999999871e-02 4.868999999999999995e-01
6.729999999999999871e-02 4.884000000000000008e-01
6.750000000000000444e-02 4.892000000000000237e-01
6.750000000000000444e-02 4.897000000000000242e-01
6.869999999999999718e-02 4.998000000000000220e-01
6.880000000000000004e-02 5.006000000000000449e-01
6.969999999999999807e-02 5.070000000000000062e-01
7.009999999999999565e-02 5.110000000000000098e-01
7.059999999999999609e-02 5.128000000000000336e-01
7.090000000000000469e-02 5.154999999999999583e-01
7.180000000000000271e-02 5.205999999999999517e-01
7.270000000000000073e-02 5.242999999999999883e-01
7.290000000000000646e-02 5.262999999999999901e-01
7.359999999999999876e-02 5.294999999999999707e-01
7.380000000000000449e-02 5.311000000000000165e-01
7.409999999999999920e-02 5.314999999999999725e-01
7.459999999999999964e-02 5.323999999999999844e-01
7.459999999999999964e-02 5.333999999999999853e-01
7.499999999999999722e-02 5.349000000000000421e-01
7.510000000000000009e-02 5.355999999999999650e-01
7.560000000000000053e-02 5.400000000000000355e-01
7.749999999999999944e-02 5.491000000000000325e-01
7.910000000000000364e-02 5.597999999999999643e-01
7.960000000000000409e-02 5.626999999999999780e-01
7.989999999999999880e-02 5.655999999999999917e-01
7.989999999999999880e-02 5.659999999999999476e-01
8.029999999999999638e-02 5.699999999999999512e-01
8.089999999999999969e-02 5.722000000000000419e-01
8.260000000000000675e-02 5.802000000000000490e-01
8.319999999999999618e-02 5.848999999999999755e-01
8.400000000000000522e-02 5.890999999999999570e-01
8.400000000000000522e-02 5.893000000000000460e-01
8.419999999999999707e-02 5.914000000000000368e-01
8.469999999999999751e-02 5.928999999999999826e-01
8.599999999999999312e-02 5.979999999999999760e-01
8.659999999999999643e-02 6.000999999999999668e-01
8.659999999999999643e-02 6.005000000000000338e-01
8.709999999999999687e-02 6.026000000000000245e-01
8.770000000000000018e-02 6.041999999999999593e-01
8.790000000000000591e-02 6.052999999999999492e-01
8.799999999999999489e-02 6.060999999999999721e-01
8.880000000000000393e-02 6.078999999999999959e-01
8.899999999999999578e-02 6.090999999999999748e-01
9.139999999999999514e-02 6.191999999999999726e-01
9.229999999999999316e-02 6.227000000000000313e-01
9.289999999999999647e-02 6.250000000000000000e-01
9.439999999999999780e-02 6.290000000000000036e-01
9.470000000000000639e-02 6.302999999999999714e-01
9.719999999999999474e-02 6.370000000000000107e-01
9.829999999999999849e-02 6.427000000000000490e-01
9.879999999999999893e-02 6.447000000000000508e-01
9.890000000000000180e-02 6.448000000000000398e-01
9.940000000000000224e-02 6.470000000000000195e-01
9.969999999999999696e-02 6.481000000000000094e-01
1.004000000000000031e-01 6.512999999999999901e-01
1.009000000000000036e-01 6.553999999999999826e-01
1.042000000000000010e-01 6.627999999999999448e-01
1.050999999999999990e-01 6.673999999999999932e-01
1.053999999999999937e-01 6.686999999999999611e-01
1.059999999999999970e-01 6.703000000000000069e-01
1.062000000000000027e-01 6.703999999999999959e-01
1.072000000000000036e-01 6.741000000000000325e-01
1.082999999999999935e-01 6.767999999999999572e-01
1.092999999999999944e-01 6.813000000000000167e-01
1.097000000000000058e-01 6.818999999999999506e-01
1.103999999999999981e-01 6.835999999999999854e-01
1.111999999999999933e-01 6.848999999999999533e-01
1.120000000000000023e-01 6.877999999999999670e-01
1.121999999999999942e-01 6.879999999999999449e-01
1.142999999999999988e-01 6.934000000000000163e-01
1.174999999999999933e-01 7.014000000000000234e-01
1.179000000000000048e-01 7.036000000000000032e-01
1.192000000000000004e-01 7.084000000000000297e-01
1.193000000000000033e-01 7.096000000000000085e-01
1.197000000000000008e-01 7.104000000000000314e-01
1.219999999999999973e-01 7.167999999999999927e-01
1.241000000000000020e-01 7.231999999999999540e-01
1.254000000000000115e-01 7.284000000000000474e-01
1.259000000000000119e-01 7.309999999999999831e-01
1.277999999999999969e-01 7.367000000000000215e-01
1.283999999999999864e-01 7.382999999999999563e-01
1.285000000000000031e-01 7.382999999999999563e-01
1.287000000000000088e-01 7.383999999999999453e-01
1.295000000000000040e-01 7.395000000000000462e-01
1.300000000000000044e-01 7.413999999999999480e-01
1.302000000000000102e-01 7.419999999999999929e-01
1.318999999999999895e-01 7.459000000000000075e-01
1.323000000000000009e-01 7.469000000000000083e-01
1.338999999999999913e-01 7.509000000000000119e-01
1.343000000000000027e-01 7.531999999999999806e-01
1.361999999999999877e-01 7.576000000000000512e-01
1.368999999999999939e-01 7.592999999999999750e-01
1.385000000000000120e-01 7.630000000000000115e-01
1.398000000000000076e-01 7.660000000000000142e-01
1.405000000000000138e-01 7.675999999999999490e-01
1.418999999999999984e-01 7.702999999999999847e-01
1.421000000000000041e-01 7.704999999999999627e-01
1.433999999999999997e-01 7.721999999999999975e-01
1.443000000000000116e-01 7.751000000000000112e-01
1.446999999999999953e-01 7.776999999999999469e-01
1.451000000000000068e-01 7.783999999999999808e-01
1.469000000000000028e-01 7.831000000000000183e-01
1.484999999999999931e-01 7.873999999999999888e-01
1.487999999999999878e-01 7.875999999999999668e-01
1.506000000000000116e-01 7.900000000000000355e-01
1.517000000000000015e-01 7.921000000000000263e-01
1.521000000000000130e-01 7.932000000000000162e-01
1.524999999999999967e-01 7.937999999999999501e-01
1.524999999999999967e-01 7.941000000000000281e-01
1.539999999999999980e-01 7.974999999999999867e-01
1.554000000000000103e-01 8.023000000000000131e-01
1.564000000000000112e-01 8.040000000000000480e-01
1.564000000000000112e-01 8.042000000000000259e-01
1.584000000000000130e-01 8.074000000000000066e-01
1.587000000000000077e-01 8.081000000000000405e-01
1.605000000000000038e-01 8.117999999999999661e-01
1.617999999999999994e-01 8.146999999999999797e-01
1.633000000000000007e-01 8.166999999999999815e-01
1.650999999999999968e-01 8.193000000000000282e-01
1.661999999999999866e-01 8.204000000000000181e-01
1.671999999999999875e-01 8.225999999999999979e-01
1.685999999999999999e-01 8.273000000000000353e-01
1.686999999999999889e-01 8.276000000000000023e-01
1.688000000000000056e-01 8.280999999999999472e-01
1.703999999999999959e-01 8.310999999999999499e-01
1.728999999999999981e-01 8.343000000000000416e-01
1.754000000000000004e-01 8.387000000000000011e-01
1.766000000000000070e-01 8.415000000000000258e-01
1.781999999999999973e-01 8.439999999999999725e-01
1.787999999999999867e-01 8.478999999999999870e-01
1.812000000000000000e-01 8.497999999999999998e-01
1.816000000000000114e-01 8.509999999999999787e-01
1.832000000000000017e-01 8.538000000000000034e-01
1.839999999999999969e-01 8.574000000000000510e-01
1.857999999999999929e-01 8.592999999999999527e-01
1.879000000000000115e-01 8.618999999999999995e-01
1.895000000000000018e-01 8.643999999999999462e-01
1.897999999999999965e-01 8.645000000000000462e-01
1.910999999999999921e-01 8.666000000000000369e-01
1.932000000000000106e-01 8.681999999999999718e-01
1.937000000000000111e-01 8.688000000000000167e-01
1.943000000000000005e-01 8.689000000000000057e-01
1.943999999999999895e-01 8.689000000000000057e-01
1.945999999999999952e-01 8.691999999999999726e-01
1.963000000000000023e-01 8.713999999999999524e-01
1.968999999999999917e-01 8.738000000000000211e-01
1.978999999999999926e-01 8.760000000000000009e-01
1.980000000000000093e-01 8.761999999999999789e-01
2.008000000000000063e-01 8.781999999999999806e-01
2.028000000000000080e-01 8.810000000000000053e-01
2.038000000000000089e-01 8.824999999999999512e-01
2.051999999999999935e-01 8.850000000000000089e-01
2.058000000000000107e-01 8.858000000000000318e-01
2.074999999999999900e-01 8.867000000000000437e-01
2.081000000000000072e-01 8.875999999999999446e-01
2.089999999999999913e-01 8.882999999999999785e-01
2.091000000000000081e-01 8.883999999999999675e-01
2.101999999999999980e-01 8.897000000000000464e-01
2.121999999999999997e-01 8.911000000000000032e-01
2.121999999999999997e-01 8.922999999999999821e-01
2.137000000000000011e-01 8.941000000000000059e-01
2.151000000000000134e-01 8.961999999999999966e-01
2.159999999999999976e-01 8.981000000000000094e-01
2.180999999999999883e-01 8.999000000000000332e-01
2.182000000000000051e-01 8.999000000000000332e-01
2.197000000000000064e-01 9.018000000000000460e-01
2.227000000000000091e-01 9.034999999999999698e-01
2.247999999999999998e-01 9.051000000000000156e-01
2.250999999999999945e-01 9.052000000000000046e-01
2.265999999999999959e-01 9.068000000000000504e-01
2.273999999999999910e-01 9.070000000000000284e-01
2.295000000000000095e-01 9.090000000000000302e-01
2.331000000000000016e-01 9.112999999999999989e-01
2.333000000000000074e-01 9.115999999999999659e-01
2.338999999999999968e-01 9.123999999999999888e-01
2.356999999999999929e-01 9.142000000000000126e-01
2.364999999999999880e-01 9.151000000000000245e-01
2.389000000000000012e-01 9.163999999999999924e-01
2.412999999999999867e-01 9.173999999999999932e-01
2.437999999999999889e-01 9.193000000000000060e-01
2.454000000000000070e-01 9.201000000000000290e-01
2.457999999999999907e-01 9.211000000000000298e-01
2.459000000000000075e-01 9.211000000000000298e-01
2.480999999999999872e-01 9.223999999999999977e-01
2.515000000000000013e-01 9.253000000000000114e-01
2.526999999999999802e-01 9.260000000000000453e-01
2.548000000000000265e-01 9.274000000000000021e-01
2.570000000000000062e-01 9.291000000000000369e-01
2.587999999999999745e-01 9.301000000000000378e-01
2.612999999999999767e-01 9.321000000000000396e-01
2.632999999999999785e-01 9.342000000000000304e-01
2.637999999999999790e-01 9.345999999999999863e-01
2.661999999999999922e-01 9.358999999999999542e-01
2.688999999999999724e-01 9.368999999999999551e-01
2.711000000000000076e-01 9.382000000000000339e-01
2.720000000000000195e-01 9.385000000000000009e-01
2.736999999999999988e-01 9.395000000000000018e-01
2.760000000000000231e-01 9.414000000000000146e-01
2.771000000000000130e-01 9.424000000000000155e-01
2.792000000000000037e-01 9.431000000000000494e-01
2.800000000000000266e-01 9.445000000000000062e-01
2.801000000000000156e-01 9.445000000000000062e-01
2.822000000000000064e-01 9.455000000000000071e-01
2.828999999999999848e-01 9.456999999999999851e-01
2.862000000000000099e-01 9.464000000000000190e-01
2.896000000000000241e-01 9.486999999999999877e-01
2.897000000000000131e-01 9.486999999999999877e-01
2.897000000000000131e-01 9.487999999999999767e-01
2.931000000000000272e-01 9.502000000000000446e-01
2.968000000000000083e-01 9.514000000000000234e-01
2.999999999999999889e-01 9.523000000000000353e-01
3.044999999999999929e-01 9.536999999999999922e-01
3.084999999999999964e-01 9.552000000000000490e-01
3.113000000000000211e-01 9.559999999999999609e-01
3.148000000000000242e-01 9.574000000000000288e-01
3.180000000000000049e-01 9.587999999999999856e-01
3.241999999999999882e-01 9.606000000000000094e-01
3.282999999999999807e-01 9.619999999999999662e-01
3.296000000000000041e-01 9.627000000000000002e-01
3.332999999999999852e-01 9.635000000000000231e-01
3.340000000000000191e-01 9.635000000000000231e-01
3.392999999999999905e-01 9.644000000000000350e-01
3.396000000000000130e-01 9.645000000000000240e-01
3.461000000000000187e-01 9.659999999999999698e-01
3.523000000000000020e-01 9.677000000000000046e-01
3.584999999999999853e-01 9.695000000000000284e-01
3.649999999999999911e-01 9.704000000000000403e-01
3.674999999999999933e-01 9.705000000000000293e-01
3.734999999999999987e-01 9.720999999999999641e-01
3.766999999999999793e-01 9.738999999999999879e-01
3.790000000000000036e-01 9.739999999999999769e-01
3.879000000000000226e-01 9.756000000000000227e-01
3.961000000000000076e-01 9.781999999999999584e-01
4.027999999999999914e-01 9.788999999999999924e-01
4.050000000000000266e-01 9.788999999999999924e-01
4.118999999999999884e-01 9.795000000000000373e-01
4.147000000000000131e-01 9.805000000000000382e-01
4.161000000000000254e-01 9.812999999999999501e-01
4.229999999999999871e-01 9.814000000000000501e-01
4.270999999999999797e-01 9.818000000000000060e-01
4.344000000000000083e-01 9.818000000000000060e-01
4.399000000000000132e-01 9.818999999999999950e-01
4.550000000000000155e-01 9.830999999999999739e-01
4.667000000000000037e-01 9.845000000000000417e-01
4.742000000000000104e-01 9.847000000000000197e-01
4.809999999999999831e-01 9.848000000000000087e-01
4.880999999999999783e-01 9.849999999999999867e-01
4.885999999999999788e-01 9.850999999999999757e-01
4.960999999999999854e-01 9.850999999999999757e-01
5.026000000000000467e-01 9.851999999999999647e-01
5.114999999999999547e-01 9.852999999999999536e-01
5.270000000000000240e-01 9.868999999999999995e-01
5.341000000000000192e-01 9.868999999999999995e-01
5.414999999999999813e-01 9.870999999999999774e-01
5.416999999999999593e-01 9.870999999999999774e-01
5.437999999999999501e-01 9.870999999999999774e-01
5.456999999999999629e-01 9.874000000000000554e-01
5.508999999999999453e-01 9.890999999999999792e-01
5.510000000000000453e-01 9.890999999999999792e-01
5.718999999999999639e-01 9.910999999999999810e-01
5.985000000000000320e-01 9.919000000000000039e-01
6.025000000000000355e-01 9.928000000000000158e-01
6.096000000000000307e-01 9.929000000000000048e-01
6.191999999999999726e-01 9.930999999999999828e-01
6.671000000000000263e-01 9.948000000000000176e-01
7.630000000000000115e-01 9.959999999999999964e-01
9.449999999999999512e-01 9.969999999999999973e-01
9.467999999999999750e-01 9.969999999999999973e-01
9.481000000000000538e-01 9.969999999999999973e-01
9.557999999999999829e-01 9.969999999999999973e-01
9.643000000000000460e-01 9.970999999999999863e-01
9.738999999999999879e-01 9.971999999999999753e-01
9.809999999999999831e-01 9.980999999999999872e-01
9.848999999999999977e-01 9.986000000000000432e-01
9.893999999999999462e-01 9.991999999999999771e-01
9.910999999999999810e-01 9.992999999999999661e-01
9.979999999999999982e-01 9.999000000000000110e-01
9.995000000000000551e-01 1.000000000000000000e+00
1.000000000000000000e+00 1.000000000000000000e+00
