1.103584338986155045e+00
1.103970738272480157e+00
1.098218046227452449e+00
1.107802709894412319e+00
1.098657541965005313e+00
1.089992182795397779e+00
1.099655630020902386e+00
1.090588018892655331e+00
1.100154920817289605e+00
1.099106387825030451e+00
1.093527584781040174e+00
1.118156142267907160e+00
1.111617100395333013e+00
1.076718347555626787e+00
1.091281870354258832e+00
1.082327990524083683e+00
1.101993676912643050e+00
1.085688722968439102e+00
1.105877847889182863e+00
1.114498963986779501e+00
1.041921982793295065e+00
1.064275627773463961e+00
1.081345437955857802e+00
1.090037235656974968e+00
1.022445584819798414e+00
1.083069360383694280e+00
1.038238477470216692e+00
9.915666739048033529e-01
9.799879187529866309e-01
1.011847061453525543e+00
1.019977820567628202e+00
9.308632635454847648e-01
1.020174726219888139e+00
9.411586893802906806e-01
9.581122545129748813e-01
9.556963811249271634e-01
9.214838438889387806e-01
8.602455577895220529e-01
9.336208158532404155e-01
8.345691200256848408e-01
8.123824112733176728e-01
7.584102578897633506e-01
6.689309995117004304e-01
8.083129625464200441e-01
7.095423054098134452e-01
7.837109894565544854e-01
7.113177577993733403e-01
7.008151625008807173e-01
6.967168452474882256e-01
7.266918533272436198e-01
7.341117692761315316e-01
6.877065738954193375e-01
7.508340080900901548e-01
6.822573414825958693e-01
7.178298965290813571e-01
7.258187209030801945e-01
7.360148065829772435e-01
7.129243027538407773e-01
7.013237803899348144e-01
7.905069955656893743e-01
8.058601448930098332e-01
8.207098243604988852e-01
8.549414400354496957e-01
8.085469507406159995e-01
8.646359625978978780e-01
8.346191390119990228e-01
9.846884546753978951e-01
9.105493249324837501e-01
9.281247509567140952e-01
8.879501578164228359e-01
9.515267217922798171e-01
9.167723246620363975e-01
9.925783413539004396e-01
1.011155888030888184e+00
9.731059015413558999e-01
9.854726773951376639e-01
9.962931197104687442e-01
1.023854460541364864e+00
1.003733564427444547e+00
1.059566064551463960e+00
1.006441040011442745e+00
1.010831674982179074e+00
1.022918234498186418e+00
1.055873686106466591e+00
1.063164918179913654e+00
1.069684643227539089e+00
1.075005328127716764e+00
1.071995363705487092e+00
1.088226647116432355e+00
1.114643949157148928e+00
1.095901897223068300e+00
1.107524719767182919e+00
1.088791698286103893e+00
1.093259273773635964e+00
1.095682748038356857e+00
1.094777551646419544e+00
1.094846958842798257e+00
1.086190749239861919e+00
1.086226419391257858e+00
1.089952820966293423e+00
