3.168231927623832433e-03
2.384305537626918436e-03
1.863883361242102410e-03
1.479770671762192791e-03
1.096630720463398490e-03
5.783954615983244452e-04
-2.319921782627520912e-04
-1.369202475320463464e-03
-2.558336323544851965e-03
-3.231410154401315182e-03
-2.953491398733465445e-03
-2.018539986011980147e-03
-1.356578859679657967e-03
-1.566324532515261936e-03
-2.455756581343004896e-03
-3.619182692717881622e-03
-4.628090871097167991e-03
-4.040906964488888420e-03
-1.016785669703645922e-03
2.130974617095215962e-03
2.940161807004404437e-03
1.426267428976890628e-03
-3.494031171982214801e-04
3.965250394144526069e-04
3.410360583761873343e-03
3.681257973848772735e-03
-9.496429864546129807e-04
-3.772711111098114856e-03
-8.281600853284443176e-03
-1.565541261317004995e-02
-1.466856488783330192e-02
-1.189672661378127216e-02
-1.679965502880143013e-02
-1.720097846426538180e-02
-2.064359119009717691e-02
-2.855496193485917988e-02
-2.983438081650069407e-02
-2.714670473945113294e-02
-2.571520334210364300e-02
-2.561161979359327656e-02
-2.058355424026925284e-02
-9.990267798512975084e-03
2.721747576029942550e-04
5.244365783378501789e-03
6.506947531520035355e-03
9.285639680426505116e-03
2.009982653496467098e-02
3.914304157444237209e-02
6.289220774561565808e-02
8.372468235480223786e-02
8.981715382498245415e-02
7.797827482944152955e-02
6.486502106815195123e-02
5.823535380301814168e-02
5.495425932031561267e-02
5.579182641706803558e-02
5.768591410499024352e-02
6.059770121761354211e-02
5.124191018442636469e-02
4.358663007031415848e-02
4.012333935094147819e-02
3.706523621787116696e-02
2.958804672750414699e-02
2.488022388749289160e-02
2.688454564902764687e-02
2.400598801475350985e-02
1.566730065662114146e-02
1.782923111988865550e-02
2.901626265266354920e-02
3.505750858628076116e-02
3.084710436474380479e-02
1.958100997202649740e-02
1.337568467531313754e-02
1.221119758955646617e-02
8.005320544295257967e-03
3.757466091367844818e-03
3.828654507193496315e-03
6.142903660365739427e-03
8.076248165933996859e-03
9.468691149765451343e-03
1.024755544642719229e-02
9.847004457945729428e-03
8.103650164271725131e-03
5.498607732032256834e-03
2.852811344608463529e-03
8.641822757973205427e-04
-2.741687717928709134e-04
-6.648215803297663484e-04
-4.886157840913174510e-04
5.304970529063091078e-05
8.017142528822240877e-04
1.629162153140351066e-03
2.499629590757557196e-03
3.382739828982739283e-03
4.247670968472005981e-03
5.095136051830317925e-03
5.919810613307374680e-03
6.750685843811332632e-03
7.576599826536911664e-03
8.399121763388528450e-03
