3.040629867607911763e+00
3.029359191972425425e+00
3.029359191972425425e+00
3.029359191972425425e+00
3.029359191972425425e+00
2.862712049984201368e+00
2.862712049984201368e+00
2.862712049984201368e+00
2.862712049984201368e+00
2.624756423176346054e+00
2.624756423176346054e+00
2.624756423176346054e+00
2.624756423176346054e+00
2.446009412995985510e+00
2.446009412995985510e+00
2.446009412995985510e+00
2.172513852162797576e+00
2.172513852162797576e+00
2.172513852162797576e+00
2.172513852162797576e+00
2.024809115224277534e+00
2.024809115224277534e+00
2.024809115224277534e+00
1.780330773404432021e+00
1.780330773404432021e+00
1.780330773404432021e+00
1.631034239284662846e+00
1.631034239284662846e+00
1.631034239284662846e+00
1.357410616869071607e+00
1.357410616869071607e+00
1.357410616869071607e+00
1.275191467630703013e+00
1.275191467630703013e+00
1.275191467630703013e+00
9.910805333047667531e-01
9.910805333047667531e-01
9.910805333047667531e-01
7.199678693481068592e-01
7.199678693481068592e-01
7.199678693481068592e-01
5.937937501037051646e-01
5.937937501037051646e-01
5.937937501037051646e-01
3.737415217160284797e-01
3.737415217160284797e-01
3.737415217160284797e-01
1.322067240897353280e-01
1.322067240897353280e-01
-7.371954721195761451e-02
-7.371954721195761451e-02
-7.371954721195761451e-02
-1.671854910057506416e-01
-1.671854910057506416e-01
-1.671854910057506416e-01
-3.612983856824141249e-01
-3.612983856824141249e-01
-5.152473205210239549e-01
-5.152473205210239549e-01
-5.152473205210239549e-01
-8.487706981314988575e-01
-8.487706981314988575e-01
-8.487706981314988575e-01
-9.627458103357406927e-01
-9.627458103357406927e-01
-9.627458103357406927e-01
-1.336125172763045654e+00
-1.336125172763045654e+00
-1.336125172763045654e+00
-1.609539948044617308e+00
-1.609539948044617308e+00
-1.609539948044617308e+00
-1.690138628596267178e+00
-1.690138628596267178e+00
-1.690138628596267178e+00
-1.840843761860212702e+00
-1.840843761860212702e+00
-1.840843761860212702e+00
-2.173160436492031167e+00
-2.173160436492031167e+00
-2.173160436492031167e+00
-2.210076005769402663e+00
-2.210076005769402663e+00
-2.210076005769402663e+00
-2.210076005769402663e+00
-2.467193441188929803e+00
-2.467193441188929803e+00
-2.467193441188929803e+00
-2.467193441188929803e+00
-2.618387228113368437e+00
-2.618387228113368437e+00
-2.618387228113368437e+00
-2.618387228113368437e+00
-2.930097914109649260e+00
-2.930097914109649260e+00
-2.930097914109649260e+00
-2.930097914109649260e+00
-3.340874301678999014e+00
-3.340874301678999014e+00
-3.340874301678999014e+00
