0.000000000000000000e+00 0.000000000000000000e+00
3.933333333333333126e-02 2.833333333333333259e-01
6.199999999999999956e-02 4.496666666666666590e-01
7.266666666666667107e-02 5.170000000000000151e-01
8.566666666666666874e-02 6.183333333333332904e-01
9.466666666666666285e-02 6.690000000000000391e-01
1.019999999999999934e-01 7.029999999999999583e-01
1.103333333333333388e-01 7.416666666666666963e-01
1.166666666666666685e-01 7.536666666666667069e-01
1.270000000000000018e-01 7.760000000000000231e-01
1.333333333333333315e-01 7.953333333333333366e-01
1.409999999999999865e-01 8.159999999999999476e-01
1.473333333333333439e-01 8.296666666666666634e-01
1.533333333333333215e-01 8.433333333333333792e-01
1.563333333333333242e-01 8.539999999999999813e-01
1.623333333333333295e-01 8.603333333333332833e-01
1.680000000000000104e-01 8.666666666666666963e-01
1.733333333333333393e-01 8.733333333333332948e-01
1.756666666666666654e-01 8.780000000000000027e-01
1.806666666666666698e-01 8.850000000000000089e-01
1.866666666666666752e-01 8.950000000000000178e-01
1.920000000000000040e-01 9.053333333333333233e-01
1.980000000000000093e-01 9.130000000000000338e-01
2.020000000000000129e-01 9.176666666666666305e-01
2.066666666666666652e-01 9.213333333333333375e-01
2.116666666666666696e-01 9.246666666666666368e-01
2.146666666666666723e-01 9.283333333333333437e-01
2.196666666666666767e-01 9.323333333333333472e-01
2.256666666666666543e-01 9.363333333333333508e-01
2.286666666666666570e-01 9.393333333333333535e-01
2.349999999999999867e-01 9.443333333333333579e-01
2.403333333333333433e-01 9.469999999999999529e-01
2.476666666666666738e-01 9.486666666666666581e-01
2.556666666666666532e-01 9.533333333333333659e-01
2.606666666666666576e-01 9.566666666666666652e-01
2.683333333333333126e-01 9.593333333333333712e-01
2.720000000000000195e-01 9.619999999999999662e-01
2.776666666666666727e-01 9.643333333333333757e-01
2.869999999999999774e-01 9.673333333333333783e-01
2.936666666666666869e-01 9.706666666666666776e-01
3.053333333333333455e-01 9.719999999999999751e-01
3.119999999999999996e-01 9.743333333333333846e-01
3.193333333333333579e-01 9.763333333333333863e-01
3.340000000000000191e-01 9.793333333333332780e-01
3.446666666666666767e-01 9.816666666666666874e-01
3.576666666666666883e-01 9.846666666666666901e-01
3.763333333333333530e-01 9.873333333333332851e-01
4.076666666666666772e-01 9.886666666666666936e-01
4.326666666666666439e-01 9.923333333333332895e-01
4.670000000000000262e-01 9.943333333333332913e-01
5.206666666666667220e-01 9.959999999999999964e-01
6.320000000000000062e-01 9.979999999999999982e-01
1.000000000000000000e+00 1.000000000000000000e+00
