5.056077531527565228e+00
5.054802151464308224e+00
5.050976011274530109e+00
5.044599110958236210e+00
5.035671450515422087e+00
5.024193029946093958e+00
5.010163849250248269e+00
4.993583908427880580e+00
4.974453207478998884e+00
4.952771746403600517e+00
4.928539525201680149e+00
4.901756543873245775e+00
4.872422802418288512e+00
4.840538300836819019e+00
4.806103039128831966e+00
4.769117017294322913e+00
4.729580235333298965e+00
4.687492693245758346e+00
4.642854391031698391e+00
4.595665328691121765e+00
4.545925506224024026e+00
4.493634923630412281e+00
4.438793580910281200e+00
4.381401478063632560e+00
4.321458615090469024e+00
4.258964991990785265e+00
4.193920608764582170e+00
4.126325465411863291e+00
4.056179561932625077e+00
3.983482898326871524e+00
3.908235474594599523e+00
3.830437290735808631e+00
3.750088346750502843e+00
3.667188642638675500e+00
3.581738178400333705e+00
3.493736954035472575e+00
3.403184969544094329e+00
3.310082224926198968e+00
3.214428720181783827e+00
3.116224455310852459e+00
3.015469430313402643e+00
2.912163645189437045e+00
2.806307099938952554e+00
2.697899794561949616e+00
2.586941729058429562e+00
2.473432903428392393e+00
2.357373317671837221e+00
2.238762971788763601e+00
2.117601865779172421e+00
1.993889999643063682e+00
1.867627373380437383e+00
1.738813986991294414e+00
1.607449840475632108e+00
1.473534933833452243e+00
1.337069267064756151e+00
1.198052840169541167e+00
1.056485653147808623e+00
9.123677059995580763e-01
7.656989987247904139e-01
6.164795313235047480e-01
4.647093037957015227e-01
3.103883161413798497e-01
1.535165683605423936e-01
-5.905939546814398255e-03
-1.678792075806887496e-01
-3.324032357410806604e-01
-4.994780240279905748e-01
-6.691035724414162722e-01
-8.412798809813621936e-01
-1.016006949647824786e+00
-1.193284778440805383e+00
-1.373113367360302206e+00
-1.555492716406317921e+00
-1.740422825578852084e+00
-1.927903694877903806e+00
-2.117935324303471312e+00
-2.310517713855557709e+00
-2.505650863534162553e+00
-2.703334773339285402e+00
-2.903569443270923589e+00
-3.106354873329082444e+00
-3.311691063513756639e+00
-3.519578013824947504e+00
-3.730015724262660815e+00
-3.943004194826886799e+00
-4.158543425517635228e+00
-4.376633416334897220e+00
-4.597274167278676771e+00
-4.820465678348978322e+00
-5.046207949545793880e+00
-5.274500980869126998e+00
-5.505344772318981228e+00
-5.738739323895349465e+00
-5.974684635598239701e+00
-6.213180707427643057e+00
-6.454227539383564860e+00
-6.697825131466006887e+00
-6.943973483674964697e+00
-7.192672596010442732e+00
-7.443922468472434772e+00
