-5.587500032185294785e+00
-5.339845220207553922e+00
-5.097503669452458475e+00
-4.860490994709294910e+00
-4.628823520045383333e+00
-4.402518256440259847e+00
-4.181592870845594945e+00
-3.966065645941896367e+00
-3.755955429907713583e+00
-3.551281575583653982e+00
-3.352063868503736277e+00
-3.158322443382679090e+00
-2.970077688790442316e+00
-2.787350139915527603e+00
-2.610160359515528938e+00
-2.438528807375906382e+00
-2.272475698843127390e+00
-2.112020853262178921e+00
-1.957183533425575384e+00
-1.807982277424525552e+00
-1.664434724574800128e+00
-1.526557437360809288e+00
-1.394365721591300122e+00
-1.267873447178546442e+00
-1.147092872129078067e+00
-1.032034472458242647e+00
-9.227067808038280639e-01
-8.191162365088033859e-01
-7.212670498645201711e-01
-6.291610830515121933e-01
-5.427977500857132931e-01
-4.621739377777420721e-01
-3.872839493487423290e-01
-3.181194719286044581e-01
-2.546695687037892064e-01
-1.969206959974858506e-01
-1.448567450704727477e-01
-9.845910794364476359e-02
-5.770676607888480802e-02
-2.257640032910313010e-02
6.957479806105837383e-03
3.092238989479190181e-02
4.934770977471103492e-02
6.226451092848872548e-02
6.970537480912319950e-02
7.170420491100637506e-02
6.829603533016470607e-02
5.951683844348076846e-02
4.540333416889064111e-02
2.599280305681261893e-02
1.322905217901126917e-03
-2.856849317588405768e-02
-6.364348436063860248e-02
-1.038642732481527275e-01
-1.491933205987585609e-01
-1.995934744733189881e-01
-2.550280895876158027e-01
-3.154611344197579825e-01
-3.808572861236250162e-01
-4.511820134772697166e-01
-5.264016482438522715e-01
-6.064834454445939826e-01
-6.913956331393396049e-01
-7.811074523824448335e-01
-8.755891880717947551e-01
-9.748121914393106380e-01
-1.078748894944643766e+00
-1.187372820332529333e+00
-1.300658580600852154e+00
-1.418581876603195902e+00
-1.541119488978665242e+00
-1.668249266065007674e+00
-1.799950108410267369e+00
-1.936201950454818022e+00
-2.076985739910981454e+00
-2.222283415322552802e+00
-2.372077882242291214e+00
-2.526352988422466694e+00
-2.685093498372515874e+00
-2.848285067598857356e+00
-3.015914216805620107e+00
-3.187968306301152133e+00
-3.364435510824256959e+00
-3.545304794975665974e+00
-3.730565889414720449e+00
-3.920209267958230104e+00
-4.114226125697834746e+00
-4.312608358234227168e+00
-4.515348542110421803e+00
-4.722439916512445990e+00
-4.933876366293789673e+00
-5.149652406369460422e+00
-5.369763167516811819e+00
-5.594204383612837006e+00
-5.822972380331265185e+00
-6.056064065317892542e+00
-6.293476919858062679e+00
-6.535208992046950272e+00
-6.781258891470491434e+00
-7.031625785402394690e+00
