-1.344260804019152999e+01
-1.314085311722448601e+01
-1.284164895438395781e+01
-1.254499555166995073e+01
-1.225089290908245765e+01
-1.195934102662148568e+01
-1.167033990428702950e+01
-1.138388954207909087e+01
-1.109998993999767158e+01
-1.081864109804277163e+01
-1.053984301621438391e+01
-1.026359569451251730e+01
-9.989899132937164694e+00
-9.718753331488334979e+00
-9.450158290166022823e+00
-9.184114008970224674e+00
-8.920620487900945861e+00
-8.659677726958186383e+00
-8.401285726141942689e+00
-8.145444485452218331e+00
-7.892154004889007091e+00
-7.641414284452317851e+00
-7.393225324142145283e+00
-7.147587123958491162e+00
-6.904499683901354601e+00
-6.663963003970735599e+00
-6.425977084166633269e+00
-6.190541924489050274e+00
-5.957657524937981286e+00
-5.727323885513434298e+00
-5.499541006215403982e+00
-5.274308887043890337e+00
-5.051627527998896028e+00
-4.831496929080415725e+00
-4.613917090288457423e+00
-4.398888011623014904e+00
-4.186409693084090833e+00
-3.976482134671684321e+00
-3.769105336385794036e+00
-3.564279298226422199e+00
-3.362004020193567921e+00
-3.162279502287233424e+00
-2.965105744507415153e+00
-2.770482746854113554e+00
-2.578410509327330402e+00
-2.388889031927066142e+00
-2.201918314653318998e+00
-2.017498357506088524e+00
-1.835629160485375611e+00
-1.656310723591181144e+00
-1.479543046823505570e+00
-1.305326130182346223e+00
-1.133659973667704435e+00
-9.645445772795806505e-01
-7.979799410179753139e-01
-6.339660648828866485e-01
-4.725029488743159867e-01
-3.135905929922628843e-01
-1.572289972367282296e-01
-3.418161607711134309e-03
1.478419138947892897e-01
2.965512292707712660e-01
4.427097845202352389e-01
5.863175796431816522e-01
7.273746146396113943e-01
8.658808895095226887e-01
1.001836404252916424e+00
1.135241158869791267e+00
1.266095153360149439e+00
1.394398387723990496e+00
1.520150861961313549e+00
1.643352576072117710e+00
1.764003530056405200e+00
1.882103723914175131e+00
1.997653157645427502e+00
2.110651831250160093e+00
2.221099744728377345e+00
2.328996898080077038e+00
2.434343291305257395e+00
2.537138924403920193e+00
2.637383797376067207e+00
2.735077910221694886e+00
2.830221262940804117e+00
2.922813855533398009e+00
3.012855687999471677e+00
3.100346760339030006e+00
3.185287072552068999e+00
3.267676624638590432e+00
3.347515416598595195e+00
3.424803448432081066e+00
3.499540720139049377e+00
3.571727231719501017e+00
3.641362983173434209e+00
3.708447974500850286e+00
3.772982205701747471e+00
3.834965676776127097e+00
3.894398387723990496e+00
3.951280338545334558e+00
4.005611529240162838e+00
4.057391959808471782e+00
