3.703021407870690673e+00
3.703021407870690673e+00
3.703021407870690673e+00
3.703021407870690673e+00
3.703021407870690673e+00
3.703021407870690673e+00
3.703021407870690673e+00
3.703021407870690673e+00
3.703021407870690673e+00
3.703021407870690673e+00
3.703021407870690673e+00
3.703021407870690673e+00
3.703021407870690673e+00
3.703021407870690673e+00
3.703021407870690673e+00
3.703021407870690673e+00
3.703021407870690673e+00
3.703021407870690673e+00
3.703021407870690673e+00
3.703021407870690673e+00
3.703021407870690673e+00
3.703021407870690673e+00
3.703021407870690673e+00
3.703021407870690673e+00
3.703021407870690673e+00
3.703021407870690673e+00
3.703021407870690673e+00
3.703021407870690673e+00
3.703021407870690673e+00
3.703021407870690673e+00
3.703021407870690673e+00
3.703021407870690673e+00
3.703021407870690673e+00
2.985275256238415942e+00
2.985275256238415942e+00
2.985275256238415942e+00
2.985275256238415942e+00
2.985275256238415942e+00
2.985275256238415942e+00
2.985275256238415942e+00
2.985275256238415942e+00
2.390887625747295075e+00
2.390887625747295075e+00
2.390887625747295075e+00
2.390887625747295075e+00
1.942006435574841205e+00
1.942006435574841205e+00
1.942006435574841205e+00
1.780230319207873890e+00
1.780230319207873890e+00
1.507655218124157592e+00
1.507655218124157592e+00
1.227334154239111186e+00
1.004320957652886648e+00
1.037362946936744912e+00
7.490378259364574021e-01
6.482132080806888297e-01
4.325734268662424498e-01
5.006732523019721270e-01
3.942241416583236457e-02
-1.060054689210723211e-01
-9.531017980432476833e-02
-1.075802723961389873e-01
-4.952351075368737199e-01
-2.094234865717456984e-01
-7.512783571225156720e-01
-8.542451009022737907e-01
-1.047318994280558968e+00
-1.227824020148115203e+00
-1.640209571100853303e+00
-1.399774522676583643e+00
-1.827980732662373597e+00
-1.993450052590952204e+00
-2.209153148201493444e+00
-2.436177459369386789e+00
-2.139412355038851743e+00
-2.867898902044105469e+00
-2.980618635743942590e+00
-3.029426486663346019e+00
-3.019971011179121589e+00
-3.402775083803772915e+00
-3.709873739942395332e+00
-3.616871243716355266e+00
-4.235155429545458539e+00
-3.971931258181554014e+00
-4.548599834499697181e+00
-4.923909590583787299e+00
-5.018720170286965931e+00
-5.018720170286965931e+00
-5.467981024081409736e+00
-5.467981024081409736e+00
-6.314676172245444974e+00
-6.314676172245444974e+00
-6.314676172245444974e+00
-6.314676172245444974e+00
-7.090904618069774124e+00
-7.090904618069774124e+00
-7.090904618069774124e+00
-7.090904618069774124e+00
-7.090904618069774124e+00
