-7.801435645550242270e+00
-7.801435645550242270e+00
-7.801435645550242270e+00
-7.801435645550242270e+00
-7.801435645550242270e+00
-7.801435645550242270e+00
-6.614096865206759546e+00
-6.614096865206759546e+00
-6.614096865206759546e+00
-6.614096865206759546e+00
-6.007148599123985910e+00
-6.007148599123985910e+00
-6.007148599123985910e+00
-5.258462166436184582e+00
-5.095435895788720693e+00
-5.095435895788720693e+00
-4.656649040081450863e+00
-4.545175173618333453e+00
-4.233494401036001165e+00
-3.873801792607947547e+00
-3.876724347050550357e+00
-3.759512646205820374e+00
-3.319884025787163573e+00
-3.482239589668775892e+00
-2.922958679227133594e+00
-2.933218368164749457e+00
-2.538393863457301336e+00
-2.584306814843850830e+00
-2.130451462587581446e+00
-2.328902401311419013e+00
-2.141863854639326270e+00
-2.041220328859638222e+00
-1.912965993335959958e+00
-1.546807734734978901e+00
-1.823919053169656301e+00
-1.516894017874744094e+00
-1.215154688578208741e+00
-1.088853540511673046e+00
-9.136205033182758228e-01
-9.350608345561450818e-01
-7.405814123182405950e-01
-5.524104042141519955e-01
-7.045229088791202798e-01
-6.019014994315270428e-01
-4.799227917534718557e-01
-3.159059590397355066e-01
-2.359471404648605386e-01
-1.382352245213596120e-01
-1.070638696184200711e-01
-1.070638696184200711e-01
1.008558855646555230e-01
1.008558855646555230e-01
1.008558855646555230e-01
8.113525831267764943e-02
8.113525831267764943e-02
8.113525831267764943e-02
8.113525831267764943e-02
8.113525831267764943e-02
8.113525831267764943e-02
8.113525831267764943e-02
8.113525831267764943e-02
1.008558855646555230e-01
1.008558855646555230e-01
1.008558855646555230e-01
-1.070638696184200711e-01
-1.070638696184200711e-01
-1.382352245213596120e-01
-1.382352245213596120e-01
-2.359471404648605386e-01
-2.359471404648605386e-01
-3.159059590397355066e-01
-4.799227917534718557e-01
-6.019014994315270428e-01
-7.045229088791202798e-01
-5.865912074973440582e-01
-5.524104042141519955e-01
-7.405814123182405950e-01
-8.112720381304416861e-01
-9.350608345561450818e-01
-9.136205033182758228e-01
-1.091268314412351614e+00
-1.088853540511673046e+00
-1.150247404969772624e+00
-1.215154688578208741e+00
-1.343276976036198889e+00
-1.454453551858263971e+00
-1.573745145967261116e+00
-1.823919053169656301e+00
-1.681217594828230411e+00
-1.546807734734978901e+00
-1.921076017017575133e+00
-1.912965993335959958e+00
-1.874166244196471709e+00
-2.154549014166641463e+00
-2.041220328859638222e+00
-1.858898772065683325e+00
-2.018492077782081395e+00
-2.161848316648252499e+00
-1.966185142916724082e+00
-2.167100574748641151e+00
