-3.265988070163774459e+00
-3.265988070163774459e+00
-3.265988070163774459e+00
-3.265988070163774459e+00
-3.113573471918856583e+00
-3.113573471918856583e+00
-3.113573471918856583e+00
-3.113573471918856583e+00
-2.862386048969993713e+00
-2.862386048969993713e+00
-2.862386048969993713e+00
-2.862386048969993713e+00
-2.742454380475511488e+00
-2.742454380475511488e+00
-2.742454380475511488e+00
-2.415174565409852647e+00
-2.415174565409852647e+00
-2.415174565409852647e+00
-2.415174565409852647e+00
-2.292713232957544811e+00
-2.292713232957544811e+00
-2.292713232957544811e+00
-2.140261708165986043e+00
-2.140261708165986043e+00
-2.140261708165986043e+00
-1.785192360766920894e+00
-1.785192360766920894e+00
-1.785192360766920894e+00
-1.665553716186879196e+00
-1.665553716186879196e+00
-1.665553716186879196e+00
-1.524599114582699588e+00
-1.524599114582699588e+00
-1.524599114582699588e+00
-1.225763410731726566e+00
-1.225763410731726566e+00
-1.225763410731726566e+00
-1.059805492883354017e+00
-1.059805492883354017e+00
-1.059805492883354017e+00
-9.045081939592582998e-01
-9.045081939592582998e-01
-9.045081939592582998e-01
-6.336868096120173988e-01
-6.336868096120173988e-01
-4.939365916921478750e-01
-4.939365916921478750e-01
-4.939365916921478750e-01
-2.285033727750964694e-01
-2.285033727750964694e-01
-2.285033727750964694e-01
-1.283417074531896240e-01
-1.283417074531896240e-01
-1.283417074531896240e-01
2.057882838558673377e-01
2.057882838558673377e-01
2.823402401209627044e-01
2.823402401209627044e-01
2.823402401209627044e-01
4.971889691420048329e-01
4.971889691420048329e-01
4.971889691420048329e-01
7.037571448347903491e-01
7.037571448347903491e-01
7.037571448347903491e-01
9.074423275067409200e-01
9.074423275067409200e-01
9.074423275067409200e-01
1.082132365775250182e+00
1.082132365775250182e+00
1.383233914966784717e+00
1.383233914966784717e+00
1.383233914966784717e+00
1.439803052272799366e+00
1.439803052272799366e+00
1.439803052272799366e+00
1.439803052272799366e+00
1.707685362690656294e+00
1.707685362690656294e+00
1.707685362690656294e+00
2.193981666079057646e+00
2.193981666079057646e+00
2.193981666079057646e+00
2.343845162070755883e+00
2.343845162070755883e+00
2.343845162070755883e+00
2.343845162070755883e+00
2.569850779735113555e+00
2.569850779735113555e+00
2.569850779735113555e+00
2.802596147013778793e+00
2.802596147013778793e+00
2.802596147013778793e+00
2.802596147013778793e+00
2.751207129878254332e+00
2.751207129878254332e+00
2.751207129878254332e+00
2.751207129878254332e+00
2.972742755329292219e+00
2.972742755329292219e+00
