0.000000000000000000e+00 0.000000000000000000e+00
5.999999999999999474e-04 7.753999999999999782e-01
6.999999999999999929e-04 8.161000000000000476e-01
1.100000000000000066e-03 8.366000000000000103e-01
1.799999999999999951e-03 8.483000000000000540e-01
2.099999999999999870e-03 8.530999999999999694e-01
2.500000000000000052e-03 8.566000000000000281e-01
2.899999999999999800e-03 8.659000000000000030e-01
3.200000000000000153e-03 8.723999999999999533e-01
3.799999999999999992e-03 8.800999999999999934e-01
4.000000000000000083e-03 8.833999999999999631e-01
4.599999999999999922e-03 8.887000000000000455e-01
4.599999999999999922e-03 8.904999999999999583e-01
4.899999999999999842e-03 8.929000000000000270e-01
5.499999999999999681e-03 8.941999999999999948e-01
5.899999999999999863e-03 8.964999999999999636e-01
6.199999999999999782e-03 8.987000000000000544e-01
6.599999999999999964e-03 9.022999999999999909e-01
6.700000000000000226e-03 9.040000000000000258e-01
6.799999999999999621e-03 9.064999999999999725e-01
6.899999999999999883e-03 9.080000000000000293e-01
7.599999999999999985e-03 9.089000000000000412e-01
7.900000000000000772e-03 9.106999999999999540e-01
8.200000000000000691e-03 9.116999999999999549e-01
8.300000000000000086e-03 9.130000000000000338e-01
8.699999999999999400e-03 9.146999999999999575e-01
9.299999999999999239e-03 9.159000000000000474e-01
9.900000000000000813e-03 9.179000000000000492e-01
1.000000000000000021e-02 9.183999999999999941e-01
1.050000000000000065e-02 9.192000000000000171e-01
1.060000000000000005e-02 9.202000000000000179e-01
1.099999999999999936e-02 9.223999999999999977e-01
1.129999999999999928e-02 9.240000000000000435e-01
1.159999999999999920e-02 9.254000000000000004e-01
1.209999999999999964e-02 9.263000000000000123e-01
1.239999999999999956e-02 9.273000000000000131e-01
1.299999999999999940e-02 9.277999999999999581e-01
1.359999999999999924e-02 9.284000000000000030e-01
1.400000000000000029e-02 9.292000000000000259e-01
1.450000000000000074e-02 9.306999999999999718e-01
1.510000000000000057e-02 9.313000000000000167e-01
1.600000000000000033e-02 9.324999999999999956e-01
1.640000000000000138e-02 9.336999999999999744e-01
1.689999999999999836e-02 9.343000000000000194e-01
1.700000000000000122e-02 9.347999999999999643e-01
1.779999999999999985e-02 9.352000000000000313e-01
1.799999999999999864e-02 9.364000000000000101e-01
1.949999999999999997e-02 9.378999999999999559e-01
2.029999999999999860e-02 9.385999999999999899e-01
2.100000000000000130e-02 9.399999999999999467e-01
2.139999999999999888e-02 9.404000000000000137e-01
2.199999999999999872e-02 9.411000000000000476e-01
2.419999999999999929e-02 9.437999999999999723e-01
2.479999999999999913e-02 9.445999999999999952e-01
2.570000000000000062e-02 9.456999999999999851e-01
2.649999999999999925e-02 9.464000000000000190e-01
2.740000000000000074e-02 9.472000000000000419e-01
2.819999999999999937e-02 9.476999999999999869e-01
2.989999999999999949e-02 9.481000000000000538e-01
3.180000000000000188e-02 9.483000000000000318e-01
3.330000000000000321e-02 9.489999999999999547e-01
3.420000000000000123e-02 9.504000000000000226e-01
3.599999999999999728e-02 9.509999999999999565e-01
3.790000000000000313e-02 9.517999999999999794e-01
3.860000000000000236e-02 9.532000000000000473e-01
4.000000000000000083e-02 9.535000000000000142e-01
4.089999999999999886e-02 9.540999999999999481e-01
4.250000000000000305e-02 9.546999999999999931e-01
4.449999999999999789e-02 9.555000000000000160e-01
4.580000000000000043e-02 9.566999999999999948e-01
4.719999999999999890e-02 9.573000000000000398e-01
4.929999999999999660e-02 9.580999999999999517e-01
5.210000000000000048e-02 9.590999999999999526e-01
5.330000000000000016e-02 9.595000000000000195e-01
5.580000000000000238e-02 9.606999999999999984e-01
5.899999999999999689e-02 9.618999999999999773e-01
6.040000000000000230e-02 9.627000000000000002e-01
6.270000000000000573e-02 9.634000000000000341e-01
6.660000000000000642e-02 9.646000000000000130e-01
6.930000000000000049e-02 9.655000000000000249e-01
7.389999999999999347e-02 9.664000000000000368e-01
7.979999999999999594e-02 9.679999999999999716e-01
8.219999999999999529e-02 9.691999999999999504e-01
8.740000000000000546e-02 9.707999999999999963e-01
9.049999999999999711e-02 9.719999999999999751e-01
9.700000000000000289e-02 9.735000000000000320e-01
1.043000000000000038e-01 9.746000000000000218e-01
1.171999999999999986e-01 9.754000000000000448e-01
1.300999999999999934e-01 9.767000000000000126e-01
1.395000000000000129e-01 9.782999999999999474e-01
1.559000000000000108e-01 9.797000000000000153e-01
1.880999999999999894e-01 9.818999999999999950e-01
2.104000000000000037e-01 9.840999999999999748e-01
2.559000000000000163e-01 9.866000000000000325e-01
3.281999999999999917e-01 9.896000000000000352e-01
4.648999999999999799e-01 9.930999999999999828e-01
8.507000000000000117e-01 9.989000000000000101e-01
1.000000000000000000e+00 1.000000000000000000e+00
