0.000000000000000000e+00 0.000000000000000000e+00
2.029999999999999860e-02 6.389999999999999847e-02
3.379999999999999671e-02 1.020999999999999963e-01
7.710000000000000187e-02 2.494999999999999996e-01
9.279999999999999361e-02 2.962000000000000188e-01
1.047000000000000014e-01 3.281000000000000028e-01
1.105000000000000010e-01 3.433999999999999830e-01
1.197000000000000008e-01 3.714999999999999969e-01
1.255999999999999894e-01 3.905000000000000138e-01
1.342000000000000137e-01 4.117999999999999994e-01
1.411000000000000032e-01 4.385000000000000009e-01
1.454000000000000015e-01 4.536999999999999922e-01
1.524000000000000077e-01 4.742000000000000104e-01
1.572000000000000064e-01 4.873000000000000109e-01
1.642000000000000126e-01 5.037000000000000366e-01
1.681999999999999884e-01 5.125999999999999446e-01
1.718000000000000083e-01 5.230000000000000204e-01
1.751999999999999946e-01 5.323999999999999844e-01
1.804999999999999938e-01 5.426999999999999602e-01
1.869999999999999996e-01 5.598999999999999533e-01
1.900999999999999912e-01 5.678999999999999604e-01
1.938000000000000000e-01 5.768999999999999684e-01
2.016999999999999904e-01 6.005000000000000338e-01
2.048999999999999988e-01 6.091999999999999638e-01
2.088000000000000134e-01 6.159000000000000030e-01
2.126000000000000112e-01 6.206000000000000405e-01
2.179999999999999993e-01 6.333999999999999631e-01
2.222000000000000086e-01 6.458000000000000407e-01
2.268000000000000016e-01 6.542999999999999927e-01
2.323999999999999955e-01 6.649000000000000465e-01
2.361999999999999933e-01 6.695999999999999730e-01
2.394000000000000017e-01 6.761000000000000343e-01
2.449999999999999956e-01 6.885999999999999899e-01
2.501999999999999780e-01 6.969999999999999529e-01
2.531999999999999806e-01 7.054000000000000270e-01
2.561999999999999833e-01 7.117999999999999883e-01
2.590999999999999970e-01 7.156000000000000139e-01
2.631999999999999895e-01 7.234000000000000430e-01
2.662999999999999812e-01 7.284000000000000474e-01
2.710000000000000187e-01 7.321999999999999620e-01
2.752000000000000002e-01 7.388000000000000123e-01
2.775000000000000244e-01 7.439000000000000057e-01
2.812999999999999945e-01 7.507000000000000339e-01
2.847999999999999976e-01 7.546000000000000485e-01
2.888000000000000012e-01 7.601999999999999869e-01
2.922000000000000153e-01 7.652999999999999803e-01
2.948999999999999955e-01 7.681000000000000050e-01
2.973000000000000087e-01 7.741999999999999993e-01
3.009999999999999898e-01 7.812000000000000055e-01
3.035999999999999810e-01 7.853999999999999870e-01
3.068000000000000171e-01 7.892000000000000126e-01
3.095999999999999863e-01 7.943999999999999950e-01
3.126999999999999780e-01 7.977999999999999536e-01
3.148000000000000242e-01 8.020000000000000462e-01
3.179000000000000159e-01 8.058999999999999497e-01
3.205999999999999961e-01 8.082000000000000295e-01
3.226999999999999869e-01 8.106999999999999762e-01
3.259000000000000230e-01 8.134000000000000119e-01
3.326000000000000068e-01 8.199999999999999512e-01
3.356000000000000094e-01 8.244000000000000217e-01
3.391000000000000125e-01 8.300999999999999490e-01
3.418999999999999817e-01 8.332000000000000517e-01
3.447000000000000064e-01 8.362000000000000544e-01
3.477000000000000091e-01 8.384000000000000341e-01
3.508999999999999897e-01 8.425000000000000266e-01
3.523000000000000020e-01 8.446000000000000174e-01
3.551000000000000267e-01 8.473000000000000531e-01
3.579999999999999849e-01 8.501999999999999558e-01
3.603999999999999981e-01 8.518000000000000016e-01
3.629999999999999893e-01 8.548000000000000043e-01
3.639000000000000012e-01 8.566000000000000281e-01
3.670999999999999819e-01 8.598999999999999977e-01
3.699000000000000066e-01 8.615000000000000435e-01
3.730999999999999872e-01 8.645000000000000462e-01
3.755999999999999894e-01 8.668000000000000149e-01
3.781999999999999806e-01 8.680999999999999828e-01
3.799000000000000155e-01 8.695000000000000506e-01
3.815000000000000058e-01 8.712999999999999634e-01
3.836999999999999855e-01 8.747000000000000330e-01
3.865999999999999992e-01 8.767000000000000348e-01
3.886999999999999900e-01 8.790999999999999925e-01
3.914000000000000257e-01 8.810000000000000053e-01
3.941000000000000059e-01 8.832999999999999741e-01
3.962999999999999856e-01 8.862999999999999767e-01
3.975000000000000200e-01 8.884999999999999565e-01
4.000000000000000222e-01 8.905999999999999472e-01
4.027999999999999914e-01 8.930000000000000160e-01
4.052999999999999936e-01 8.941999999999999948e-01
4.088999999999999857e-01 8.965999999999999526e-01
4.113999999999999879e-01 8.991000000000000103e-01
4.148000000000000020e-01 9.010000000000000231e-01
4.178999999999999937e-01 9.028000000000000469e-01
4.205999999999999739e-01 9.042999999999999927e-01
4.234999999999999876e-01 9.056999999999999496e-01
4.258000000000000118e-01 9.072999999999999954e-01
4.279000000000000026e-01 9.092000000000000082e-01
4.299999999999999933e-01 9.109000000000000430e-01
4.324000000000000066e-01 9.129000000000000448e-01
4.348000000000000198e-01 9.137999999999999456e-01
4.369000000000000106e-01 9.146999999999999575e-01
4.395000000000000018e-01 9.163999999999999924e-01
4.426999999999999824e-01 9.183999999999999941e-01
4.451999999999999846e-01 9.200000000000000400e-01
4.475999999999999979e-01 9.217999999999999527e-01
4.511000000000000010e-01 9.234999999999999876e-01
4.537999999999999812e-01 9.250000000000000444e-01
4.566999999999999948e-01 9.258999999999999453e-01
4.592999999999999861e-01 9.280000000000000471e-01
4.615000000000000213e-01 9.293000000000000149e-01
4.637000000000000011e-01 9.305999999999999828e-01
4.658999999999999808e-01 9.317999999999999616e-01
4.686000000000000165e-01 9.334000000000000075e-01
4.728999999999999870e-01 9.342000000000000304e-01
4.761000000000000232e-01 9.350000000000000533e-01
4.781000000000000250e-01 9.358999999999999542e-01
4.834999999999999853e-01 9.372000000000000330e-01
4.869999999999999885e-01 9.395999999999999908e-01
4.894999999999999907e-01 9.409999999999999476e-01
4.920999999999999819e-01 9.421000000000000485e-01
4.944999999999999951e-01 9.434000000000000163e-01
4.975999999999999868e-01 9.444000000000000172e-01
4.994000000000000106e-01 9.455000000000000071e-01
5.019000000000000128e-01 9.465000000000000080e-01
5.047000000000000375e-01 9.478999999999999648e-01
5.070999999999999952e-01 9.487999999999999767e-01
5.099000000000000199e-01 9.496999999999999886e-01
5.130000000000000115e-01 9.514000000000000234e-01
5.158000000000000362e-01 9.526000000000000023e-01
5.189000000000000279e-01 9.537999999999999812e-01
5.221000000000000085e-01 9.547999999999999821e-01
5.242999999999999883e-01 9.556999999999999940e-01
5.302999999999999936e-01 9.577999999999999847e-01
5.334999999999999742e-01 9.588999999999999746e-01
5.366999999999999549e-01 9.600999999999999535e-01
5.405999999999999694e-01 9.612000000000000544e-01
5.454999999999999849e-01 9.627000000000000002e-01
5.481000000000000316e-01 9.638999999999999790e-01
5.520000000000000462e-01 9.647999999999999909e-01
5.551000000000000378e-01 9.657000000000000028e-01
5.584999999999999964e-01 9.665000000000000258e-01
5.611000000000000432e-01 9.674000000000000377e-01
5.644000000000000128e-01 9.681999999999999496e-01
5.672000000000000375e-01 9.691999999999999504e-01
5.696999999999999842e-01 9.701999999999999513e-01
5.735000000000000098e-01 9.710999999999999632e-01
5.764000000000000234e-01 9.717000000000000082e-01
5.800999999999999490e-01 9.725000000000000311e-01
5.828999999999999737e-01 9.736000000000000210e-01
5.853000000000000425e-01 9.743000000000000549e-01
5.887000000000000011e-01 9.752999999999999448e-01
5.939999999999999725e-01 9.762999999999999456e-01
5.977999999999999980e-01 9.777000000000000135e-01
6.000999999999999668e-01 9.788000000000000034e-01
6.035000000000000364e-01 9.798999999999999932e-01
6.076000000000000290e-01 9.805000000000000382e-01
6.108999999999999986e-01 9.809999999999999831e-01
6.151999999999999691e-01 9.818000000000000060e-01
6.196000000000000396e-01 9.822999999999999510e-01
6.231999999999999762e-01 9.826000000000000290e-01
6.270999999999999908e-01 9.832999999999999519e-01
6.317000000000000393e-01 9.840999999999999748e-01
6.382999999999999785e-01 9.844000000000000528e-01
6.447000000000000508e-01 9.850999999999999757e-01
6.502999999999999892e-01 9.857000000000000206e-01
6.552000000000000046e-01 9.866000000000000325e-01
6.609000000000000430e-01 9.872999999999999554e-01
6.682000000000000162e-01 9.876000000000000334e-01
6.747999999999999554e-01 9.879000000000000004e-01
6.805999999999999828e-01 9.888000000000000123e-01
6.864000000000000101e-01 9.891999999999999682e-01
6.942000000000000393e-01 9.898000000000000131e-01
6.995000000000000107e-01 9.905000000000000471e-01
7.080999999999999517e-01 9.917000000000000259e-01
7.148999999999999799e-01 9.926000000000000378e-01
7.247000000000000108e-01 9.936000000000000387e-01
7.317000000000000171e-01 9.939000000000000057e-01
7.412999999999999590e-01 9.945000000000000506e-01
7.532999999999999696e-01 9.952999999999999625e-01
7.655999999999999472e-01 9.962999999999999634e-01
7.782999999999999918e-01 9.972999999999999643e-01
7.963000000000000078e-01 9.979999999999999982e-01
8.145999999999999908e-01 9.986000000000000432e-01
8.360999999999999543e-01 9.988000000000000211e-01
8.594000000000000528e-01 9.990999999999999881e-01
8.774999999999999467e-01 9.993999999999999551e-01
9.151000000000000245e-01 9.996000000000000441e-01
9.482000000000000428e-01 9.998000000000000220e-01
1.000000000000000000e+00 1.000000000000000000e+00
