-8.307112832740985553e+00
-8.307112832740985553e+00
-8.307112832740985553e+00
-8.307112832740985553e+00
-8.307112832740985553e+00
-8.307112832740985553e+00
-8.307112832740985553e+00
-8.307112832740985553e+00
-8.307112832740985553e+00
-8.307112832740985553e+00
-8.307112832740985553e+00
-8.307112832740985553e+00
-8.307112832740985553e+00
-8.307112832740985553e+00
-8.307112832740985553e+00
-8.307112832740985553e+00
-8.307112832740985553e+00
-8.307112832740985553e+00
-8.307112832740985553e+00
-8.307112832740985553e+00
-8.307112832740985553e+00
-8.307112832740985553e+00
-8.307112832740985553e+00
-8.307112832740985553e+00
-8.307112832740985553e+00
-8.307112832740985553e+00
-8.307112832740985553e+00
-8.307112832740985553e+00
-8.307112832740985553e+00
-8.307112832740985553e+00
-8.307112832740985553e+00
-5.075104368378005937e+00
-5.075104368378005937e+00
-5.075104368378005937e+00
-5.075104368378005937e+00
-4.494589095133037837e+00
-4.494589095133037837e+00
-4.301914480144524155e+00
-4.301914480144524155e+00
-3.929972064075003324e+00
-3.444043991930739068e+00
-3.334424266913517343e+00
-3.282007106308290290e+00
-3.077312260546413825e+00
-2.827149242870549806e+00
-3.049448556059479287e+00
-2.515004680945279958e+00
-1.810108607896251165e+00
-2.328902401311419013e+00
-2.060638414716739142e+00
-1.858898772065683325e+00
-1.486223486780510861e+00
-1.789905900578731668e+00
-1.153917133858735511e+00
-1.065210362283861123e+00
-1.076139432816050956e+00
-6.549259677397474277e-01
-2.494608596315828208e-01
-6.453565167235968403e-01
-6.453565167235968403e-01
-3.200784268455363346e-01
2.560877070335632055e-01
2.259628370834914080e-01
6.155365778550212497e-01
3.278545054032413475e-01
4.969308354471753120e-01
8.199948447450715605e-01
6.900867344068393194e-01
1.116466198663873755e+00
1.133038430519754947e+00
1.229615234939274160e+00
1.359977052802518571e+00
1.666092826943135208e+00
1.666092826943135208e+00
1.588439765594326758e+00
1.839405822507837129e+00
1.839405822507837129e+00
2.255060893174350767e+00
2.255060893174350767e+00
2.320737853716096311e+00
2.320737853716096311e+00
2.320737853716096311e+00
2.720511421540022567e+00
2.720511421540022567e+00
2.720511421540022567e+00
2.720511421540022567e+00
2.720511421540022567e+00
3.512707779140109565e+00
3.512707779140109565e+00
3.512707779140109565e+00
3.512707779140109565e+00
3.512707779140109565e+00
3.512707779140109565e+00
3.512707779140109565e+00
3.512707779140109565e+00
3.512707779140109565e+00
3.512707779140109565e+00
3.512707779140109565e+00
3.874566968084447005e+00
3.874566968084447005e+00
