8.733080174378454075e+00
8.733080174378454075e+00
8.733080174378454075e+00
8.733080174378454075e+00
8.733080174378454075e+00
8.733080174378454075e+00
8.733080174378454075e+00
8.733080174378454075e+00
8.733080174378454075e+00
8.733080174378454075e+00
8.733080174378454075e+00
8.733080174378454075e+00
8.733080174378454075e+00
8.733080174378454075e+00
8.733080174378454075e+00
8.733080174378454075e+00
8.733080174378454075e+00
8.733080174378454075e+00
8.733080174378454075e+00
8.733080174378454075e+00
8.733080174378454075e+00
8.733080174378454075e+00
8.733080174378454075e+00
8.733080174378454075e+00
8.733080174378454075e+00
8.733080174378454075e+00
8.733080174378454075e+00
8.733080174378454075e+00
8.733080174378454075e+00
8.733080174378454075e+00
5.224065937807617743e+00
5.224065937807617743e+00
5.224065937807617743e+00
4.484542198199476637e+00
4.484542198199476637e+00
4.484542198199476637e+00
4.032898896370531894e+00
3.565398397342915082e+00
3.215840921173046318e+00
3.947741088030224610e+00
3.290961551641155225e+00
2.933211916572656897e+00
3.013750779056669771e+00
2.649107665468759976e+00
2.414535418330927108e+00
2.849128799362115494e+00
1.877998943439102675e+00
1.683545884587822172e+00
2.310132298629428149e+00
1.793441555411039445e+00
1.634376860781352470e+00
1.139753211591641779e+00
1.477924683965814445e+00
1.445134861142824079e+00
8.520711391398609891e-01
6.122257382077203047e-01
3.909743350455476829e-01
5.849335959197121682e-01
2.213594295207084173e-01
3.772942311414677619e-01
2.054439742148090886e-01
-1.862819580100518735e-01
-6.526558192052087648e-01
-4.490396135133014610e-01
-5.778653696320610322e-01
-6.403857266133936577e-01
-1.009918825495494943e+00
-1.216702496804254352e+00
-1.422181120453414493e+00
-1.339177324793016766e+00
-1.623928685496717428e+00
-1.623928685496717428e+00
-1.913124762779712107e+00
-1.890465238033518958e+00
-1.890465238033518958e+00
-1.950863845610093961e+00
-1.950863845610093961e+00
-2.377940658268826724e+00
-2.377940658268826724e+00
-2.377940658268826724e+00
-2.783808017451134376e+00
-2.783808017451134376e+00
-2.783808017451134376e+00
-2.783808017451134376e+00
-2.783808017451134376e+00
-3.404574717563200181e+00
-3.404574717563200181e+00
-3.404574717563200181e+00
-3.404574717563200181e+00
-3.404574717563200181e+00
-3.404574717563200181e+00
-3.404574717563200181e+00
-3.404574717563200181e+00
-3.404574717563200181e+00
-3.404574717563200181e+00
-3.404574717563200181e+00
-3.902652710403300418e+00
-3.902652710403300418e+00
-3.902652710403300418e+00
-3.902652710403300418e+00
