1.325198768058287868e+01
1.295023275761583648e+01
1.265102859477530828e+01
1.235437519206129942e+01
1.206027254947380634e+01
1.176872066701283437e+01
1.147971954467837996e+01
1.119326918247044134e+01
1.090936958038902027e+01
1.062802073843412032e+01
1.034922265660573260e+01
1.007297533490386776e+01
9.799278773328513381e+00
9.528132971879685442e+00
9.259537930557371510e+00
8.993493649361573361e+00
8.730000128292296324e+00
8.469057367349536847e+00
8.210665366533291376e+00
7.954824125843567018e+00
7.701533645280356666e+00
7.450793924843669203e+00
7.202604964533494858e+00
6.956966764349840737e+00
6.713879324292705064e+00
6.473342644362086062e+00
6.235356724557982844e+00
5.999921564880400737e+00
5.767037165329331749e+00
5.536703525904784762e+00
5.308920646606753557e+00
5.083688527435239912e+00
4.861007168390246491e+00
4.640876569471766189e+00
4.423296730679807887e+00
4.208267652014364479e+00
3.995789333475440408e+00
3.785861775063034340e+00
3.578484976777144499e+00
3.373658938617772218e+00
3.171383660584918385e+00
2.971659142678583887e+00
2.774485384898765172e+00
2.579862387245463573e+00
2.387790149718680421e+00
2.198268672318416161e+00
2.011297955044669461e+00
1.826877997897438544e+00
1.645008800876725630e+00
1.465690363982531164e+00
1.288922687214854701e+00
1.114705770573696686e+00
9.430396140590548981e-01
7.739242176709302257e-01
6.073595814093257772e-01
4.433457052742371118e-01
2.818825892656660059e-01
1.229702333836129036e-01
-3.339136237192175116e-02
-1.872021980009388464e-01
-3.384622735034392704e-01
-4.871715888794216909e-01
-6.333301441288852196e-01
-7.769379392518316330e-01
-9.179949742482613750e-01
-1.056501249118172225e+00
-1.192456763861565960e+00
-1.325861518478440804e+00
-1.456715512968799864e+00
-1.585018747332640476e+00
-1.710771221569963529e+00
-1.833972935680767247e+00
-1.954623889665055181e+00
-2.072724083522824667e+00
-2.188273517254077483e+00
-2.301272190858810518e+00
-2.411720104337026882e+00
-2.519617257688726575e+00
-2.624963650913907376e+00
-2.727759284012570173e+00
-2.828004156984716744e+00
-2.925698269830344422e+00
-3.020841622549453653e+00
-3.113434215142047545e+00
-3.203476047608121657e+00
-3.290967119947679986e+00
-3.375907432160718535e+00
-3.458296984247239969e+00
-3.538135776207244731e+00
-3.615423808040731046e+00
-3.690161079747698913e+00
-3.762347591328150997e+00
-3.831983342782083746e+00
-3.899068334109499823e+00
-3.963602565310397452e+00
-4.025586036384776634e+00
-4.085018747332640032e+00
-4.141900698153984983e+00
-4.196231888848812375e+00
-4.248012319417121319e+00
