1.152380952380952372e+01
1.152380952380952372e+01
9.283472803347279978e+00
9.283472803347279978e+00
9.283472803347279978e+00
9.283472803347279978e+00
7.866590649942986957e+00
7.866590649942986957e+00
7.866590649942986957e+00
7.866590649942986957e+00
6.408602150537634934e+00
6.408602150537634934e+00
6.408602150537634934e+00
5.430573248407643661e+00
5.430573248407643661e+00
5.430573248407643661e+00
5.430573248407643661e+00
4.062499999999999112e+00
4.062499999999999112e+00
4.062499999999999112e+00
3.471652593486127980e+00
3.471652593486127980e+00
3.471652593486127980e+00
2.791666666666666519e+00
2.791666666666666519e+00
2.791666666666666519e+00
2.387606318347509138e+00
2.387606318347509138e+00
2.387606318347509138e+00
1.836177474402730159e+00
1.836177474402730159e+00
1.836177474402730159e+00
1.695599022004889989e+00
1.695599022004889989e+00
1.695599022004889989e+00
1.289966923925027542e+00
1.289966923925027542e+00
1.289966923925027542e+00
9.967811158798282056e-01
9.967811158798282056e-01
9.967811158798282056e-01
8.559231590181428651e-01
8.559231590181428651e-01
8.559231590181428651e-01
6.941986234021632063e-01
6.941986234021632063e-01
5.664585191793041208e-01
5.664585191793041208e-01
5.664585191793041208e-01
4.470486111111111049e-01
4.470486111111111049e-01
4.470486111111111049e-01
3.973288814691152138e-01
3.973288814691152138e-01
3.534743202416918972e-01
3.534743202416918972e-01
3.534743202416918972e-01
2.919708029197080057e-01
2.919708029197080057e-01
2.919708029197080057e-01
2.076326002587322028e-01
2.076326002587322028e-01
1.887477313974591508e-01
1.887477313974591508e-01
1.887477313974591508e-01
1.326638477801268534e-01
1.326638477801268534e-01
1.326638477801268534e-01
1.026407573492775366e-01
1.026407573492775366e-01
1.026407573492775366e-01
8.862494289629967159e-02
8.862494289629967159e-02
8.862494289629967159e-02
7.478188616535105804e-02
7.478188616535105804e-02
7.478188616535105804e-02
6.098484848484848203e-02
6.098484848484848203e-02
6.098484848484848203e-02
4.918625678119348255e-02
4.918625678119348255e-02
4.918625678119348255e-02
4.918625678119348255e-02
4.408945686900958560e-02
4.408945686900958560e-02
4.408945686900958560e-02
3.825622775800711917e-02
3.825622775800711917e-02
3.825622775800711917e-02
3.825622775800711917e-02
2.640000000000000333e-02
2.640000000000000333e-02
2.640000000000000333e-02
2.640000000000000333e-02
1.936619718309859003e-02
1.936619718309859003e-02
1.936619718309859003e-02
1.936619718309859003e-02
1.936619718309859003e-02
