-9.288300913445393547e+00
-8.610701749273934169e+00
-inf
-8.022634540114118806e+00
-7.394972402295775460e+00
-7.394972402295775460e+00
-7.334022514719564789e+00
-6.801112460043280628e+00
-6.858039686736205454e+00
-6.571286571766460582e+00
-6.125015615464860730e+00
-5.876053695596654691e+00
-5.281819273260157210e+00
-5.354579545556169329e+00
-4.995794529920122073e+00
-4.830710861902021591e+00
-4.840900852807772381e+00
-4.463518960040125272e+00
-4.124653891809010986e+00
-3.928921091829027823e+00
-3.840383322121258214e+00
-3.638695075235463872e+00
-3.410163184668328906e+00
-3.348177947743007365e+00
-3.083514186937523771e+00
-2.792689119854567803e+00
-2.632831090200160595e+00
-2.525206769024600728e+00
-2.525206769024600728e+00
-2.330514005205760242e+00
-2.049053267080825247e+00
-1.913180793036065808e+00
-1.720950066814705082e+00
-1.720950066814705082e+00
-1.494474731444750404e+00
-1.349381192959707931e+00
-1.349381192959707931e+00
-1.097501717303877466e+00
-1.097501717303877466e+00
-9.205732503801682398e-01
-9.205732503801682398e-01
-6.466483018819655371e-01
-6.466483018819655371e-01
-4.744536498785385525e-01
-4.744536498785385525e-01
-3.044772632161132364e-01
-3.044772632161132364e-01
-3.044772632161132364e-01
-4.674442662540467808e-02
-4.674442662540467808e-02
-4.674442662540467808e-02
-4.674442662540467808e-02
-4.674442662540467808e-02
1.259551704864283472e-01
1.259551704864283472e-01
1.259551704864283472e-01
1.259551704864283472e-01
1.259551704864283472e-01
1.259551704864283472e-01
1.259551704864283472e-01
1.259551704864283472e-01
1.259551704864283472e-01
1.259551704864283472e-01
1.259551704864283472e-01
1.259551704864283472e-01
-4.674442662540467808e-02
-4.674442662540467808e-02
-4.674442662540467808e-02
-4.674442662540467808e-02
-4.674442662540467808e-02
-3.044772632161132364e-01
-3.044772632161132364e-01
-3.044772632161132364e-01
-4.744536498785385525e-01
-4.744536498785385525e-01
-4.744536498785385525e-01
-6.466483018819655371e-01
-6.466483018819655371e-01
-9.205732503801682398e-01
-9.205732503801682398e-01
-1.097501717303877466e+00
-1.097501717303877466e+00
-1.097501717303877466e+00
-1.349381192959707931e+00
-1.349381192959707931e+00
-1.494474731444750404e+00
-1.494474731444750404e+00
-1.720950066814705082e+00
-1.720950066814705082e+00
-1.913180793036065808e+00
-1.913180793036065808e+00
-2.049053267080825247e+00
-2.049053267080825247e+00
-2.330514005205760242e+00
-2.330514005205760242e+00
-2.330514005205760242e+00
-2.525206769024600728e+00
-2.525206769024600728e+00
-2.525206769024600728e+00
-2.632831090200160595e+00
