2.953405848513282485e-06
3.993683357422671200e-06
5.386620075987474712e-06
7.246883525083330546e-06
9.724749787961332962e-06
1.301660750959906580e-05
1.737838452391655169e-05
2.314265675563722234e-05
3.074038091410423467e-05
4.072841358959789984e-05
5.382424699603796680e-05
7.094971417091420747e-05
9.328580349986311958e-05
1.223411847718521017e-04
1.600375986748833756e-04
2.088159121127564435e-04
2.717674076693714206e-04
3.527957729241883969e-04
4.568163012115968144e-04
5.900000278241990291e-04
7.600719232231575037e-04
9.766738664028092563e-04
1.251804945719970459e-03
1.600353698809323447e-03
2.040739223396707998e-03
2.595680679753695555e-03
3.293117571974566154e-03
4.167306342431800759e-03
5.260122237728739360e-03
6.622599092228597870e-03
8.316743602715132716e-03
1.041766479751885140e-02
1.301606368241793252e-02
1.622113240252434641e-02
2.016391660228508687e-02
2.500119887970254570e-02
3.091996517563347369e-02
3.814251944705772390e-02
4.693231484824211125e-02
5.760057165986792044e-02
7.051375310779929573e-02
8.610196971574948788e-02
1.048683806283965680e-01
1.273996560889196494e-01
1.543775586046547965e-01
1.865916909223058195e-01
2.249534463928967165e-01
2.705111812774118607e-01
3.244666086886588419e-01
3.881923898807587703e-01
4.632508702347176710e-01
5.514138743676152421e-01
6.546834372257476220e-01
7.753133058321673987e-01
9.158309997030947835e-01
1.079060167136628001e+00
1.268142920096237303e+00
1.486561772938276738e+00
1.738160750652002928e+00
2.027165171695477497e+00
2.358199550248195386e+00
2.736303004311433362e+00
3.166941501334931353e+00
3.656016223896643602e+00
4.209867296545734661e+00
4.835272083508430185e+00
5.539437247911700446e+00
6.329983758893427570e+00
7.214924045798134955e+00
8.202630530851687141e+00
9.301794825321227478e+00
1.052137695096628356e+01
1.187054404996627888e+01
1.335859817338661593e+01
1.499489289097490463e+01
1.678873864336100752e+01
1.874929696054304529e+01
2.088546389605332010e+01
2.320574327175435059e+01
2.571811059028775404e+01
2.842986874639973038e+01
3.134749694946537701e+01
3.447649455152834008e+01
3.782122175135766895e+01
4.138473940814477459e+01
4.516865044083319702e+01
4.917294550277951970e+01
5.339585579855510389e+01
5.783371604247024322e+01
6.248084063956729040e+01
6.732941619280188661e+01
7.236941339929711603e+01
7.758852128951221516e+01
8.297210658293906249e+01
8.850320068119425798e+01
9.416251649460487272e+01
9.992849690398261941e+01
1.057773961996830394e+02
1.116833953216724353e+02
1.176187511555821317e+02
