1.235644408525131237e-02
1.582882313634382740e-02
2.016955073914940624e-02
2.556404194946533190e-02
3.222859904333164049e-02
4.041332232041131706e-02
5.040472277845768623e-02
6.252785275250832830e-02
7.714774252664106935e-02
9.466990644053646653e-02
1.155396636170697849e-01
1.402400088994783245e-01
1.692877718222180472e-01
2.032278183248218961e-01
2.426250840574138978e-01
2.880542815782939359e-01
3.400871977200421448e-01
3.992775919619746539e-01
4.661438204238660954e-01
5.411494400663727777e-01
6.246821890450510173e-01
7.170318853362569467e-01
8.183679285356638688e-01
9.287172196451740636e-01
1.047943420473207432e+00
1.175728547662463930e+00
1.311557926750639869e+00
1.454709511101685004e+00
1.604248493544867094e+00
1.759028002914515110e+00
1.917696485030541576e+00
2.078712123794066002e+00
2.240364372927523995e+00
2.400802356145819161e+00
2.558069569879509508e+00
2.710144006676899142e+00
2.854982528292796307e+00
2.990568073604972898e+00
3.114958104011872120e+00
3.226332580450759213e+00
3.323039739682535298e+00
3.403637995871694244e+00
3.466932434182325551e+00
3.512004578344705585e+00
3.538234391574392124e+00
3.545313793887972853e+00
3.533251330397754852e+00
3.502367985161320973e+00
3.453284484476526917e+00
3.386900754542332859e+00
3.304368476121903875e+00
3.207057901578496129e+00
3.096520259585805235e+00
2.974447166146354959e+00
2.842628487403336290e+00
2.702910063779333516e+00
2.557152612900361444e+00
2.407192989567332742e+00
2.254808805289720386e+00
2.101687208974893029e+00
1.949398415738098356e+00
1.799374353383081049e+00
1.652892585755039834e+00
1.511065477278520586e+00
1.374834390237002379e+00
1.244968560556953818e+00
1.122068182002982306e+00
1.006571143989742234e+00
8.987628143056953789e-01
7.987882332112672401e-01
7.066660868313281441e-01
6.223038519334176399e-01
5.455135469903886758e-01
4.760275815567950874e-01
4.135142631345039566e-01
3.575925937632552509e-01
3.078460638104451585e-01
2.638352245974770471e-01
2.251088918888438373e-01
1.912138967753820584e-01
1.617033575843128401e-01
1.361434951852761310e-01
1.141190539816470395e-01
9.523742197002227350e-02
7.913156587306861833e-02
6.546191214223678889e-02
5.391731243281406433e-02
4.421523395070178775e-02
3.610131189802891216e-02
2.934839414893911785e-02
2.375519827245510182e-02
1.914468901412963442e-02
1.536227117796727659e-02
1.227387922289789081e-02
9.764031387332528303e-03
7.733903240156748959e-03
6.099463567733417850e-03
4.789704676791500977e-03
3.744989660125062902e-03
2.915530993014600180e-03
