1.082243949380777863e-03
1.461577247988775710e-03
1.963825157122647130e-03
2.625235705276639676e-03
3.491549661143205762e-03
4.620112837677658145e-03
6.082349608994639355e-03
7.966629393030626519e-03
1.038155208125056406e-02
1.345966955237175820e-02
1.736164797561910028e-02
2.228085912249495870e-02
2.844836798750600623e-02
3.613825843349696698e-02
4.567320829209901845e-02
5.743019059086987288e-02
7.184613889321650460e-02
8.942337304791952990e-02
1.107345382945340850e-01
1.364267674487758264e-01
1.672247350390671794e-01
2.039322364482074046e-01
2.474318973639103303e-01
2.986826024544350644e-01
3.587142305789634000e-01
4.286193003744551144e-01
5.095411678088349605e-01
6.026584788021543959e-01
7.091656670443055033e-01
8.302494003663650757e-01
9.670610178229698262e-01
1.120685161855929479e+00
1.292104991694251748e+00
1.482164559912328317e+00
1.691529136510377063e+00
1.920644465130277201e+00
2.169696123923832154e+00
2.438570328122126263e+00
2.726817641138461479e+00
3.033621144976352380e+00
3.357770648685405313e+00
3.697644477191579071e+00
4.051200276017463686e+00
4.415976087254463778e+00
4.789102699285900044e+00
5.167327951757484605e+00
5.547053296796216060e+00
5.924382490108540011e+00
6.295181827568885780e+00
6.655150873443163029e+00
6.999902166793797953e+00
7.325047965240168324e+00
7.626291712288070457e+00
7.899521616628230269e+00
8.140903527143676044e+00
8.346970189965174924e+00
8.514703992982507685e+00
8.641610442336036257e+00
8.725779872105857038e+00
8.765935254103551344e+00
8.761464434975671622e+00
8.712435663250966300e+00
8.619595855891745373e+00
8.484351665884005911e+00
8.308734021571789086e+00
8.095347387113957183e+00
7.847305515615111027e+00
7.568155909271587767e+00
7.261795545734591961e+00
6.932380663563237455e+00
6.584233514748259353e+00
6.221748987587186974e+00
5.849303883433345952e+00
5.471171406281219340e+00
5.091443109762050057e+00
4.713960160557002510e+00
4.342255341618790787e+00
3.979506755248947147e+00
3.628503717248904081e+00
3.291624880021204014e+00
2.970828203311907334e+00
2.667652021802515705e+00
2.383226150823861467e+00
2.118291732907364278e+00
1.873228362474036679e+00
1.648086933571855761e+00
1.442626632601081704e+00
1.256354537870375321e+00
1.088566381786123971e+00
9.383871691170120322e-01
8.048105148893234251e-01
6.867357567025040854e-01
5.830020977183023589e-01
4.924192383467390077e-01
4.137941481534472832e-01
3.459538077743868345e-01
2.877639084062139641e-01
2.381436302476126476e-01
1.960767292600150424e-01
1.606192434472502595e-01
