9.828009828009827767e-04
9.828009828009827767e-04
9.828009828009827767e-04
9.828009828009827767e-04
9.828009828009827767e-04
9.828009828009827767e-04
9.828009828009827767e-04
9.828009828009827767e-04
9.828009828009827767e-04
9.828009828009827767e-04
9.828009828009827767e-04
9.828009828009827767e-04
9.828009828009827767e-04
9.828009828009827767e-04
9.828009828009827767e-04
9.828009828009827767e-04
9.828009828009827767e-04
9.828009828009827767e-04
9.828009828009827767e-04
9.828009828009827767e-04
9.828009828009827767e-04
9.828009828009827767e-04
9.828009828009827767e-04
9.828009828009827767e-04
9.828009828009827767e-04
9.828009828009827767e-04
9.828009828009827767e-04
9.828009828009827767e-04
9.828009828009827767e-04
9.828009828009827767e-04
9.828009828009827767e-04
9.828009828009827767e-04
9.828009828009827767e-04
9.828009828009827767e-04
1.779359430604982029e-02
1.779359430604982029e-02
1.779359430604982029e-02
1.986754966887416957e-02
1.986754966887416957e-02
3.669724770642202039e-02
3.669724770642202039e-02
3.529411764705882304e-02
9.677419354838709409e-02
7.575757575757574580e-02
1.632653061224489943e-01
1.454545454545454475e-01
1.290322580645161255e-01
2.500000000000000000e-01
1.666666666666666852e-01
4.736842105263157632e-01
9.090909090909090606e-01
3.076923076923077094e-01
4.761904761904761640e-01
1.100000000000000089e+00
6.363636363636363535e-01
1.000000000000000000e+00
1.214285714285714191e+00
1.666666666666666741e+00
2.076923076923077094e+00
2.399999999999999911e+00
1.882352941176470784e+00
3.916666666666666519e+00
5.222222222222221433e+00
5.090909090909090828e+00
3.944444444444444198e+00
3.608695652173912638e+00
4.999999999999999112e+00
9.294117647058824261e+00
7.291666666666667851e+00
7.291666666666667851e+00
7.839999999999999858e+00
1.610000000000000142e+01
1.610000000000000142e+01
1.386111111111111249e+01
1.386111111111111249e+01
1.386111111111111249e+01
2.859999999999999787e+01
2.859999999999999787e+01
2.859999999999999787e+01
2.859999999999999787e+01
3.457812500000000000e+01
3.457812500000000000e+01
3.457812500000000000e+01
3.457812500000000000e+01
3.457812500000000000e+01
3.457812500000000000e+01
3.457812500000000000e+01
3.457812500000000000e+01
7.924561403508771207e+01
7.924561403508771207e+01
7.924561403508771207e+01
7.924561403508771207e+01
7.924561403508771207e+01
7.924561403508771207e+01
7.924561403508771207e+01
7.924561403508771207e+01
7.924561403508771207e+01
7.924561403508771207e+01
7.924561403508771207e+01
7.924561403508771207e+01
