1.306762495916367157e-03
1.306762495916367157e-03
1.306762495916367157e-03
1.306762495916367157e-03
1.306762495916367157e-03
7.281553398058251796e-03
7.281553398058251796e-03
7.281553398058251796e-03
1.191151446398184925e-02
1.391304347826086835e-02
1.933404940923737908e-02
1.125175808720112539e-02
1.576182136602451503e-02
3.326403326403325894e-02
4.670329670329670391e-02
6.557377049180328210e-02
7.031250000000000000e-02
7.960199004975124226e-02
1.224489795918367180e-01
1.363636363636363813e-01
2.894736842105263275e-01
2.195121951219512202e-01
3.281250000000000000e-01
3.076923076923076539e-01
2.539682539682539542e-01
2.549019607843137636e-01
5.348837209302326201e-01
7.586206896551723755e-01
6.666666666666665186e-01
5.000000000000000000e-01
7.441860465116278966e-01
9.696969696969696129e-01
1.114285714285714324e+00
1.405405405405405483e+00
1.805555555555555580e+00
1.955555555555555491e+00
2.125000000000000000e+00
2.410256410256410131e+00
2.206896551724137900e+00
3.479166666666666519e+00
3.631578947368421240e+00
4.044117647058823373e+00
5.133333333333333748e+00
3.739999999999999769e+00
4.174311926605504652e+00
5.738317757009345321e+00
7.212121212121212821e+00
5.969465648854962225e+00
7.585185185185185475e+00
7.030303030303030276e+00
7.340101522842640058e+00
7.505976095617529431e+00
8.082317073170731447e+00
8.082317073170731447e+00
8.541800643086816081e+00
8.541800643086816081e+00
8.541800643086816081e+00
8.541800643086816081e+00
8.541800643086816081e+00
8.541800643086816081e+00
8.541800643086816081e+00
8.082317073170731447e+00
8.082317073170731447e+00
7.505976095617529431e+00
7.505976095617529431e+00
7.340101522842640058e+00
7.030303030303030276e+00
7.585185185185185475e+00
6.713178294573643790e+00
7.212121212121212821e+00
6.704545454545455030e+00
5.842696629213482318e+00
4.375000000000000000e+00
4.000000000000000000e+00
3.629213483146067620e+00
5.133333333333333748e+00
3.913043478260870067e+00
3.619047619047618625e+00
3.631578947368421240e+00
2.742424242424242209e+00
3.448979591836735192e+00
2.206896551724137900e+00
2.446428571428571175e+00
2.410256410256410131e+00
1.385964912280701844e+00
1.500000000000000000e+00
3.000000000000000000e+00
1.918367346938775420e+00
1.375000000000000000e+00
1.136363636363636465e+00
1.350000000000000089e+00
1.025000000000000133e+00
1.199999999999999956e+00
1.114285714285714324e+00
1.272727272727272485e+00
1.179487179487179516e+00
9.750000000000000888e-01
9.117647058823530326e-01
7.441860465116278966e-01
9.032258064516128782e-01
