6.164468006411047245e-04
6.164468006411047245e-04
6.164468006411047245e-04
6.164468006411047245e-04
6.164468006411047245e-04
6.164468006411047245e-04
6.164468006411047245e-04
6.164468006411047245e-04
6.164468006411047245e-04
6.164468006411047245e-04
6.164468006411047245e-04
6.164468006411047245e-04
6.164468006411047245e-04
6.164468006411047245e-04
6.164468006411047245e-04
6.164468006411047245e-04
6.164468006411047245e-04
6.164468006411047245e-04
6.164468006411047245e-04
6.164468006411047245e-04
6.164468006411047245e-04
6.164468006411047245e-04
6.164468006411047245e-04
6.164468006411047245e-04
6.164468006411047245e-04
6.164468006411047245e-04
6.164468006411047245e-04
6.164468006411047245e-04
6.164468006411047245e-04
6.164468006411047245e-04
6.164468006411047245e-04
6.164468006411047245e-04
6.164468006411047245e-04
3.316326530612245110e-02
3.316326530612245110e-02
3.316326530612245110e-02
3.316326530612245110e-02
3.316326530612245110e-02
3.030303030303030387e-02
3.030303030303030387e-02
7.377049180327868716e-02
7.377049180327868716e-02
9.210526315789474561e-02
9.210526315789474561e-02
6.250000000000000000e-02
1.428571428571428492e-01
3.243243243243242868e-01
1.499999999999999944e-01
2.000000000000000111e-01
5.185185185185184897e-01
5.833333333333333703e-01
5.294117647058823595e-01
5.294117647058823595e-01
5.833333333333333703e-01
1.153846153846153744e+00
1.636363636363636243e+00
1.000000000000000000e+00
1.461538461538461675e+00
1.250000000000000000e+00
1.363636363636363535e+00
1.636363636363636243e+00
1.823529411764706065e+00
3.666666666666666963e+00
2.555555555555555802e+00
4.090909090909090828e+00
7.333333333333333925e+00
5.615384615384614975e+00
5.764705882352941124e+00
6.277777777777778567e+00
8.062500000000000000e+00
1.400000000000000000e+01
1.449999999999999822e+01
1.449999999999999822e+01
1.376190476190476097e+01
1.567999999999999972e+01
1.567999999999999972e+01
1.567999999999999972e+01
2.066666666666666430e+01
2.066666666666666430e+01
3.366666666666667140e+01
3.366666666666667140e+01
3.366666666666667140e+01
3.366666666666667140e+01
3.366666666666667140e+01
4.237974683544304355e+01
4.237974683544304355e+01
4.237974683544304355e+01
4.237974683544304355e+01
4.237974683544304355e+01
4.237974683544304355e+01
4.237974683544304355e+01
4.237974683544304355e+01
4.237974683544304355e+01
4.237974683544304355e+01
8.600000000000000000e+01
8.600000000000000000e+01
8.600000000000000000e+01
8.600000000000000000e+01
8.600000000000000000e+01
8.600000000000000000e+01
