1.141742958444926970e+01
1.082996000254198421e+01
1.027054300938958420e+01
9.737808265399722885e+00
9.230457009389729350e+00
8.747258722954793342e+00
8.287047936856287933e+00
7.848721167726089298e+00
7.431233973768962109e+00
7.033598118599759808e+00
6.654878832891998997e+00
6.294192164156306113e+00
5.950702405725562194e+00
5.623619596910284457e+00
5.312197087310493337e+00
5.015729159430792450e+00
4.733548705039070548e+00
4.465024952123118673e+00
4.209561240811848570e+00
3.966592848207432631e+00
3.735584863681274737e+00
3.516030117770817753e+00
3.307447169319684299e+00
3.109378356869154203e+00
2.921387921471168436e+00
2.743060208990381721e+00
2.573997960539075258e+00
2.413820699898007405e+00
2.262163226585870213e+00
2.118674222635158699e+00
1.983014980117413062e+00
1.854858255062090899e+00
1.733887251677499242e+00
1.619794738775719667e+00
1.512282298108564849e+00
1.411059702032395613e+00
1.315844415636252096e+00
1.226361216290171363e+00
1.142341921593025944e+00
1.063525215003704449e+00
9.896565570919897414e-01
9.204881693917779106e-01
8.557790773036026977e-01
7.952951983778103751e-01
7.388094625955663464e-01
6.861019519154303303e-01
6.369600473170931032e-01
5.911785727894747211e-01
5.485599271101814223e-01
5.089141957784134584e-01
4.720592370272256866e-01
4.378207373927203161e-01
4.060322338045963542e-01
3.765351005414356855e-01
3.491785006326813545e-01
3.238193023654024061e-01
3.003219624555202860e-01
2.785583781669068171e-01
2.584077112118977615e-01
2.397561866534481945e-01
2.224968702670436227e-01
2.065294279271223665e-01
1.917598705773704837e-01
1.781002882464889914e-01
1.654685764001530557e-01
1.537881576939705564e-01
1.429877019277780714e-01
1.330008467130827932e-01
1.237659210652946040e-01
1.152256738308843620e-01
1.073270085649972172e-01
1.000207261937047232e-01
9.326127653162558095e-02
8.700651948324777951e-02
8.121749653681777092e-02
7.585821296398102820e-02
7.089543096645262166e-02
6.629847386223930439e-02
6.203904127719047507e-02
5.809103520148087979e-02
5.443039668333712194e-02
5.103495286213710624e-02
4.788427398809677604e-02
4.495954003432214158e-02
4.224341647729316224e-02
3.971993880223471940e-02
3.737440527879357793e-02
3.519327754858932178e-02
3.316408856830002638e-02
3.127535745885665075e-02
2.951651082208075691e-02
2.787781009985063063e-02
2.635028456688347578e-02
2.492566956584906998e-02
2.359634961225148125e-02
2.235530601588406330e-02
2.119606868531712443e-02
2.011267180151469700e-02
1.909961306606086998e-02
1.815181624841922386e-02
