-4.884675166968051485e+00
-4.884675166968051485e+00
-4.705785418022109923e+00
-4.705785418022109923e+00
-4.190358719528219922e+00
-4.190358719528219922e+00
-4.173775913403068749e+00
-4.173775913403068749e+00
-3.922928034750632786e+00
-3.522012851874842365e+00
-3.426993177581789674e+00
-3.426993177581789674e+00
-3.375730919002402075e+00
-2.966231007345659698e+00
-2.773898348176218498e+00
-2.636939608487462117e+00
-2.400292397398092081e+00
-2.174211618851533689e+00
-2.048035955394698071e+00
-1.952492213250953679e+00
-1.952492213250953679e+00
-1.613743697714751679e+00
-1.430451214344297561e+00
-1.250220055491255700e+00
-1.250220055491255700e+00
-1.048446374615818577e+00
-8.267530896388173289e-01
-8.267530896388173289e-01
-6.274041509742409595e-01
-6.274041509742409595e-01
-4.351780054266756181e-01
-4.351780054266756181e-01
-4.351780054266756181e-01
-2.147689080976271647e-01
-2.147689080976271647e-01
-2.147689080976271647e-01
-9.977643556307924655e-03
-9.977643556307924655e-03
-9.977643556307924655e-03
-9.977643556307924655e-03
-9.977643556307924655e-03
-9.977643556307924655e-03
-9.977643556307924655e-03
-9.977643556307924655e-03
-9.977643556307924655e-03
-9.977643556307924655e-03
-9.977643556307924655e-03
-9.977643556307924655e-03
-9.977643556307924655e-03
-9.977643556307924655e-03
-9.977643556307924655e-03
-9.977643556307924655e-03
-9.977643556307924655e-03
-9.977643556307924655e-03
-2.147689080976271647e-01
-2.147689080976271647e-01
-2.147689080976271647e-01
-2.147689080976271647e-01
-4.351780054266756181e-01
-4.351780054266756181e-01
-4.351780054266756181e-01
-6.274041509742409595e-01
-6.274041509742409595e-01
-8.267530896388173289e-01
-8.267530896388173289e-01
-1.048446374615818577e+00
-1.048446374615818577e+00
-1.250220055491255700e+00
-1.250220055491255700e+00
-1.430451214344297561e+00
-1.430451214344297561e+00
-1.613743697714751679e+00
-1.952492213250953679e+00
-1.952492213250953679e+00
-2.048035955394698071e+00
-2.174211618851533689e+00
-2.400292397398092081e+00
-2.400292397398092081e+00
-2.636939608487462117e+00
-2.773898348176218498e+00
-2.966231007345659698e+00
-3.375730919002402075e+00
-3.426993177581789674e+00
-3.522012851874842365e+00
-3.522012851874842365e+00
-3.922928034750632786e+00
-4.173775913403068749e+00
-4.190358719528219922e+00
-4.705785418022109923e+00
-4.884675166968051485e+00
-4.884675166968051485e+00
-4.884524575897817300e+00
-5.355925679168349163e+00
-5.903452669784767792e+00
-5.903452669784767792e+00
-6.112575372857039113e+00
-6.256517501499400780e+00
-6.256517501499400780e+00
-7.178698027429620154e+00
-7.178698027429620154e+00
