0.000000000000000000e+00 0.000000000000000000e+00
5.999999999999999474e-04 3.899999999999999994e-02
1.899999999999999996e-03 8.409999999999999420e-02
2.899999999999999800e-03 1.423999999999999988e-01
3.500000000000000073e-03 1.832000000000000017e-01
4.300000000000000003e-03 2.154000000000000081e-01
5.499999999999999681e-03 2.381999999999999951e-01
6.300000000000000044e-03 2.528000000000000247e-01
8.099999999999999561e-03 2.721999999999999975e-01
9.599999999999999159e-03 3.069000000000000061e-01
1.099999999999999936e-02 3.323999999999999733e-01
1.200000000000000025e-02 3.564999999999999836e-01
1.329999999999999932e-02 3.714999999999999969e-01
1.490000000000000005e-02 3.886999999999999900e-01
1.629999999999999852e-02 3.995000000000000218e-01
1.689999999999999836e-02 4.097000000000000086e-01
1.729999999999999941e-02 4.218000000000000083e-01
1.820000000000000090e-02 4.344000000000000083e-01
1.909999999999999892e-02 4.437999999999999723e-01
2.029999999999999860e-02 4.552999999999999825e-01
2.139999999999999888e-02 4.638999999999999790e-01
2.220000000000000098e-02 4.717999999999999972e-01
2.299999999999999961e-02 4.801000000000000267e-01
2.350000000000000006e-02 4.912000000000000255e-01
2.429999999999999868e-02 4.981999999999999762e-01
2.560000000000000123e-02 5.064999999999999503e-01
2.639999999999999986e-02 5.116000000000000547e-01
2.730000000000000135e-02 5.185999999999999499e-01
2.779999999999999832e-02 5.260000000000000231e-01
2.889999999999999861e-02 5.339000000000000412e-01
3.039999999999999994e-02 5.410000000000000364e-01
3.150000000000000022e-02 5.472000000000000197e-01
3.250000000000000111e-02 5.520000000000000462e-01
3.339999999999999913e-02 5.554999999999999938e-01
3.429999999999999716e-02 5.605999999999999872e-01
3.529999999999999805e-02 5.671000000000000485e-01
3.640000000000000180e-02 5.704000000000000181e-01
3.749999999999999861e-02 5.732000000000000428e-01
3.869999999999999829e-02 5.796999999999999931e-01
3.930000000000000160e-02 5.848999999999999755e-01
3.989999999999999797e-02 5.889999999999999680e-01
4.019999999999999962e-02 5.940999999999999615e-01
4.080000000000000293e-02 5.998999999999999888e-01
4.270000000000000184e-02 6.065000000000000391e-01
4.320000000000000229e-02 6.127000000000000224e-01
4.399999999999999745e-02 6.165000000000000480e-01
4.490000000000000241e-02 6.226000000000000423e-01
4.619999999999999801e-02 6.260000000000000009e-01
4.730000000000000177e-02 6.303999999999999604e-01
4.859999999999999737e-02 6.328000000000000291e-01
4.900000000000000189e-02 6.346000000000000529e-01
4.989999999999999991e-02 6.377000000000000446e-01
5.099999999999999672e-02 6.403999999999999693e-01
5.199999999999999761e-02 6.431000000000000050e-01
5.269999999999999685e-02 6.459000000000000297e-01
5.299999999999999850e-02 6.483999999999999764e-01
5.419999999999999818e-02 6.524999999999999689e-01
5.530000000000000193e-02 6.558000000000000496e-01
5.589999999999999830e-02 6.586999999999999522e-01
5.680000000000000326e-02 6.618000000000000549e-01
5.790000000000000008e-02 6.649000000000000465e-01
5.859999999999999931e-02 6.670000000000000373e-01
5.940000000000000141e-02 6.697999999999999510e-01
6.060000000000000109e-02 6.730000000000000426e-01
6.169999999999999790e-02 6.753000000000000114e-01
6.230000000000000121e-02 6.781000000000000361e-01
6.260000000000000286e-02 6.821000000000000396e-01
6.310000000000000331e-02 6.838999999999999524e-01
6.370000000000000662e-02 6.864999999999999991e-01
6.460000000000000464e-02 6.901000000000000467e-01
6.500000000000000222e-02 6.917999999999999705e-01
6.560000000000000553e-02 6.942000000000000393e-01
6.660000000000000642e-02 6.974000000000000199e-01
6.790000000000000202e-02 6.989999999999999547e-01
6.969999999999999807e-02 7.004000000000000226e-01
7.069999999999999896e-02 7.034000000000000252e-01
7.209999999999999742e-02 7.057999999999999829e-01
7.309999999999999831e-02 7.074000000000000288e-01
7.389999999999999347e-02 7.093000000000000416e-01
7.430000000000000493e-02 7.116000000000000103e-01
7.520000000000000295e-02 7.145000000000000240e-01
7.839999999999999747e-02 7.206000000000000183e-01
7.939999999999999836e-02 7.218999999999999861e-01
8.069999999999999396e-02 7.239999999999999769e-01
8.210000000000000631e-02 7.265000000000000346e-01
8.260000000000000675e-02 7.280999999999999694e-01
8.340000000000000191e-02 7.297000000000000153e-01
8.459999999999999465e-02 7.311999999999999611e-01
8.609999999999999598e-02 7.351999999999999647e-01
8.719999999999999973e-02 7.379000000000000004e-01
8.880000000000000393e-02 7.407000000000000250e-01
8.999999999999999667e-02 7.428000000000000158e-01
9.059999999999999998e-02 7.457000000000000295e-01
9.170000000000000373e-02 7.479000000000000092e-01
9.310000000000000220e-02 7.490999999999999881e-01
9.439999999999999780e-02 7.503999999999999559e-01
9.550000000000000155e-02 7.518000000000000238e-01
9.669999999999999429e-02 7.530999999999999917e-01
9.840000000000000135e-02 7.542999999999999705e-01
1.000999999999999945e-01 7.553999999999999604e-01
1.015999999999999959e-01 7.568000000000000282e-01
1.029000000000000054e-01 7.589000000000000190e-01
1.038000000000000034e-01 7.608000000000000318e-01
1.048999999999999932e-01 7.624999999999999556e-01
1.063000000000000056e-01 7.642999999999999794e-01
1.084999999999999992e-01 7.657000000000000473e-01
1.088999999999999968e-01 7.675999999999999490e-01
1.096000000000000030e-01 7.693999999999999728e-01
1.107999999999999957e-01 7.709000000000000297e-01
1.118999999999999995e-01 7.722999999999999865e-01
1.135000000000000037e-01 7.740000000000000213e-01
1.147999999999999993e-01 7.752999999999999892e-01
1.160000000000000059e-01 7.765999999999999570e-01
1.183000000000000024e-01 7.776999999999999469e-01
1.188000000000000028e-01 7.796999999999999487e-01
1.203000000000000042e-01 7.811000000000000165e-01
1.234999999999999987e-01 7.865999999999999659e-01
1.248999999999999971e-01 7.889000000000000457e-01
1.265000000000000013e-01 7.903999999999999915e-01
1.280999999999999917e-01 7.921000000000000263e-01
1.295999999999999930e-01 7.932000000000000162e-01
1.307999999999999996e-01 7.953999999999999959e-01
1.327000000000000124e-01 7.969000000000000528e-01
1.337000000000000133e-01 7.981000000000000316e-01
1.353999999999999926e-01 8.004000000000000004e-01
1.365000000000000102e-01 8.016999999999999682e-01
1.391999999999999904e-01 8.033000000000000140e-01
1.406999999999999917e-01 8.052000000000000268e-01
1.416999999999999926e-01 8.065999999999999837e-01
1.428000000000000103e-01 8.076999999999999735e-01
1.446000000000000063e-01 8.093000000000000194e-01
1.466000000000000081e-01 8.100000000000000533e-01
1.489999999999999936e-01 8.122000000000000330e-01
1.504000000000000059e-01 8.139999999999999458e-01
1.526000000000000134e-01 8.156999999999999806e-01
1.549000000000000099e-01 8.175999999999999934e-01
1.569000000000000117e-01 8.187999999999999723e-01
1.585999999999999910e-01 8.195000000000000062e-01
1.608999999999999875e-01 8.205000000000000071e-01
1.630000000000000060e-01 8.218999999999999639e-01
1.645000000000000073e-01 8.238999999999999657e-01
1.683999999999999941e-01 8.255000000000000115e-01
1.706999999999999906e-01 8.267999999999999794e-01
1.731999999999999929e-01 8.288999999999999702e-01
1.759999999999999898e-01 8.308999999999999719e-01
1.796000000000000096e-01 8.325000000000000178e-01
1.826000000000000123e-01 8.337999999999999856e-01
1.849999999999999978e-01 8.349999999999999645e-01
1.864000000000000101e-01 8.366000000000000103e-01
1.892000000000000071e-01 8.390999999999999570e-01
1.920000000000000040e-01 8.413000000000000478e-01
1.958000000000000018e-01 8.426000000000000156e-01
2.001000000000000001e-01 8.446000000000000174e-01
2.033000000000000085e-01 8.459999999999999742e-01
2.073000000000000120e-01 8.474000000000000421e-01
2.109999999999999931e-01 8.486000000000000210e-01
2.139999999999999958e-01 8.506000000000000227e-01
2.170999999999999874e-01 8.520999999999999686e-01
2.227000000000000091e-01 8.549999999999999822e-01
2.263999999999999901e-01 8.567000000000000171e-01
2.283000000000000029e-01 8.586000000000000298e-01
2.328000000000000069e-01 8.598999999999999977e-01
2.396000000000000074e-01 8.617000000000000215e-01
2.416999999999999982e-01 8.630999999999999783e-01
2.456000000000000127e-01 8.642999999999999572e-01
2.504000000000000115e-01 8.659999999999999920e-01
2.556999999999999829e-01 8.673999999999999488e-01
2.595999999999999974e-01 8.692999999999999616e-01
2.641999999999999904e-01 8.711999999999999744e-01
2.676000000000000045e-01 8.736000000000000432e-01
2.730000000000000204e-01 8.754999999999999449e-01
2.768999999999999795e-01 8.773999999999999577e-01
2.807999999999999940e-01 8.798000000000000265e-01
2.851000000000000201e-01 8.806000000000000494e-01
2.902000000000000135e-01 8.832999999999999741e-01
2.950999999999999734e-01 8.852999999999999758e-01
3.003000000000000114e-01 8.874999999999999556e-01
3.069999999999999951e-01 8.891000000000000014e-01
3.139000000000000123e-01 8.921999999999999931e-01
3.230999999999999983e-01 8.944999999999999618e-01
3.315000000000000169e-01 8.955999999999999517e-01
3.382999999999999896e-01 8.972999999999999865e-01
3.446000000000000174e-01 8.993999999999999773e-01
3.539999999999999813e-01 9.024999999999999689e-01
3.599999999999999867e-01 9.049000000000000377e-01
3.684000000000000052e-01 9.072999999999999954e-01
3.736999999999999766e-01 9.099000000000000421e-01
3.826999999999999846e-01 9.112999999999999989e-01
3.940000000000000169e-01 9.147999999999999465e-01
4.045000000000000262e-01 9.169000000000000483e-01
4.169999999999999818e-01 9.197999999999999510e-01
4.239999999999999880e-01 9.217999999999999527e-01
4.356999999999999762e-01 9.236999999999999655e-01
4.471999999999999864e-01 9.253000000000000114e-01
4.601000000000000090e-01 9.267999999999999572e-01
4.697999999999999954e-01 9.287999999999999590e-01
4.854999999999999871e-01 9.321000000000000396e-01
4.995999999999999885e-01 9.344999999999999973e-01
5.092999999999999750e-01 9.365999999999999881e-01
5.247000000000000552e-01 9.389999999999999458e-01
5.380000000000000338e-01 9.419999999999999485e-01
5.562000000000000277e-01 9.457999999999999741e-01
5.764000000000000234e-01 9.488999999999999657e-01
5.967000000000000082e-01 9.519999999999999574e-01
6.151999999999999691e-01 9.544000000000000261e-01
6.370000000000000107e-01 9.582000000000000517e-01
6.699000000000000510e-01 9.625000000000000222e-01
6.959999999999999520e-01 9.663000000000000478e-01
7.248999999999999888e-01 9.700999999999999623e-01
7.504999999999999449e-01 9.733000000000000540e-01
7.747000000000000552e-01 9.757000000000000117e-01
8.158999999999999586e-01 9.799999999999999822e-01
8.491999999999999549e-01 9.831999999999999629e-01
8.913999999999999702e-01 9.878000000000000114e-01
9.145999999999999686e-01 9.905000000000000471e-01
9.537999999999999812e-01 9.951999999999999735e-01
1.000000000000000000e+00 1.000000000000000000e+00
