-8.291220328859637334e+00
-7.990740785955853021e+00
-7.695362763305102050e+00
-7.405086260907388862e+00
-7.119911278762709017e+00
-6.839837816871065179e+00
-6.564865875232456460e+00
-6.294995453846884637e+00
-6.030226552714347044e+00
-5.770559171834845458e+00
-5.515993311208377214e+00
-5.266528970834946755e+00
-5.022166150714550525e+00
-4.782904850847190303e+00
-4.548745071232865200e+00
-4.319686811871575216e+00
-4.095730072763322127e+00
-3.876874853908102825e+00
-3.663121155305918641e+00
-3.454468976956770909e+00
-3.250918318860657408e+00
-3.052469181017581690e+00
-2.859121563427538870e+00
-2.670875466090532946e+00
-2.487730889006561696e+00
-2.309687832175626454e+00
-2.136746295597725886e+00
-1.968906279272861548e+00
-1.806167783201031662e+00
-1.648530807382238006e+00
-1.495995351816479246e+00
-1.348561416503756494e+00
-1.206229001444068194e+00
-1.068998106637415901e+00
-9.368687320837989496e-01
-8.098408777832171168e-01
-6.879145437356712911e-01
-5.710897299411605843e-01
-4.593664363996854405e-01
-3.527446631112449715e-01
-2.512244100758405096e-01
-1.548056772934716108e-01
-6.348846476413783080e-02
2.272722751216083026e-02
1.038413995354239283e-01
1.798540513056510193e-01
2.507651828228429913e-01
3.165747940869998445e-01
3.772828850981215787e-01
4.328894558562073058e-01
4.833945063612574700e-01
5.287980366132729593e-01
5.691000466122524415e-01
6.043005363581968048e-01
6.343995058511056051e-01
6.593969550909792865e-01
6.792928840778174049e-01
6.940872928116199603e-01
7.037801812923869527e-01
7.083715495201188261e-01
7.078613974948155807e-01
7.022497252164763282e-01
6.915365326851024008e-01
6.757218199006924664e-01
6.548055868632474130e-01
6.287878335727667967e-01
5.976685600292506173e-01
5.614477662326997631e-01
5.201254521831124578e-01
4.737016178804904776e-01
4.221762633248329344e-01
3.655493885161402723e-01
3.038209934544120472e-01
2.369910781396478150e-01
1.650596425718489080e-01
8.802668675101354978e-02
5.892210677144404940e-03
-8.134378564976074699e-02
-1.736813022297027942e-01
-2.711203390626781840e-01
-3.736608961486904690e-01
-4.813029734877369847e-01
-5.940465710798186194e-01
-7.118916889249380375e-01
-8.348383270230899100e-01
-9.628864853742804542e-01
-1.096036163978503453e+00
-1.234287362835761570e+00
-1.377640081946058359e+00
-1.526094321309387603e+00
-1.679650080925752853e+00
-1.838307360795154999e+00
-2.002066160917590487e+00
-2.170926481293064647e+00
-2.344888321921570373e+00
-2.523951682803112107e+00
-2.708116563937691623e+00
-2.897382965325304482e+00
-3.091750886965955125e+00
-3.291220328859638222e+00
