1.000714067122309592e+00
1.000714067122309592e+00
1.000714067122309592e+00
1.000714067122309592e+00
1.000714067122309592e+00
1.000714067122309592e+00
1.000714067122309592e+00
1.000714067122309592e+00
1.000714067122309592e+00
1.000714067122309592e+00
1.000714067122309592e+00
1.000714067122309592e+00
1.000714067122309592e+00
1.000714067122309592e+00
1.000714067122309592e+00
1.000714067122309592e+00
1.000714067122309592e+00
1.000714067122309592e+00
1.000714067122309592e+00
1.000714067122309592e+00
1.000714067122309592e+00
1.000714067122309592e+00
1.000714067122309592e+00
1.000714067122309592e+00
1.000714067122309592e+00
1.000714067122309592e+00
1.000714067122309592e+00
1.000714067122309592e+00
1.000714067122309592e+00
1.000714067122309592e+00
1.000714067122309592e+00
1.000714067122309592e+00
1.000714067122309592e+00
1.000714067122309592e+00
1.000714067122309592e+00
1.000714067122309592e+00
1.000714067122309592e+00
1.000714067122309592e+00
1.000714067122309592e+00
1.000714067122309592e+00
1.000714067122309592e+00
1.000714067122309592e+00
1.000714067122309592e+00
1.000714067122309592e+00
1.000714067122309592e+00
1.000714067122309592e+00
1.000714067122309592e+00
1.000714067122309592e+00
1.000714067122309592e+00
1.000714067122309592e+00
1.000714067122309592e+00
1.000714067122309592e+00
1.000714067122309592e+00
1.000714067122309592e+00
1.000714067122309592e+00
1.000714067122309592e+00
1.000714067122309592e+00
1.000714067122309592e+00
1.000714067122309592e+00
1.000714067122309592e+00
1.000714067122309592e+00
1.000714067122309592e+00
1.000714067122309592e+00
1.000714067122309592e+00
1.000714067122309592e+00
1.000714067122309592e+00
1.000714067122309592e+00
1.000714067122309592e+00
1.000714067122309592e+00
1.000714067122309592e+00
1.000714067122309592e+00
1.000714067122309592e+00
1.000714067122309592e+00
1.000714067122309592e+00
1.000714067122309592e+00
1.000714067122309592e+00
1.000714067122309592e+00
1.000714067122309592e+00
1.000714067122309592e+00
1.000714067122309592e+00
1.000714067122309592e+00
1.000714067122309592e+00
1.000714067122309592e+00
1.000714067122309592e+00
1.000714067122309592e+00
1.000714067122309592e+00
1.000714067122309592e+00
1.000714067122309592e+00
1.000714067122309592e+00
1.000714067122309592e+00
1.000714067122309592e+00
1.000714067122309592e+00
1.000714067122309592e+00
1.000714067122309592e+00
1.000714067122309592e+00
1.000714067122309592e+00
1.000714067122309592e+00
1.000714067122309592e+00
9.644670050761421365e-01
9.644670050761421365e-01
