0.000000000000000000e+00 0.000000000000000000e+00
1.100000000000000006e-01 5.049000000000000155e-01
1.620000000000000051e-01 6.663000000000000034e-01
2.034999999999999865e-01 7.665999999999999481e-01
2.407999999999999863e-01 8.316000000000000059e-01
2.505999999999999894e-01 8.317999999999999838e-01
2.853999999999999870e-01 8.806000000000000494e-01
3.235999999999999988e-01 9.153999999999999915e-01
3.694000000000000061e-01 9.165999999999999703e-01
4.056000000000000161e-01 9.332000000000000295e-01
4.501000000000000001e-01 9.368999999999999551e-01
4.949999999999999956e-01 9.383000000000000229e-01
5.363999999999999879e-01 9.437999999999999723e-01
5.805000000000000160e-01 9.482000000000000428e-01
6.518000000000000460e-01 9.485000000000000098e-01
7.383999999999999453e-01 9.485999999999999988e-01
7.758000000000000451e-01 9.576000000000000068e-01
8.101000000000000423e-01 9.829999999999999849e-01
8.624000000000000554e-01 9.837000000000000188e-01
9.100000000000000311e-01 9.862999999999999545e-01
9.454000000000000181e-01 9.996000000000000441e-01
1.000000000000000000e+00 1.000000000000000000e+00
