9.270317904312541657e-03
9.264844881941014521e-03
9.257598546025702646e-03
9.248056014515393386e-03
9.235557526213522550e-03
9.219276020479449940e-03
9.198181539808114593e-03
9.171000016344743599e-03
9.136166096203712783e-03
9.091769796709670004e-03
9.035496990258184979e-03
8.964563972865491337e-03
8.875646713266904797e-03
8.764805795350660844e-03
8.627408565865302137e-03
8.458050579990716855e-03
8.250479093714568890e-03
7.997522072090923473e-03
7.691026946762269390e-03
7.321814136556303865e-03
6.879651103817163715e-03
6.353253408859949047e-03
5.730319788358917421e-03
4.997608654774943204e-03
4.141063521100329936e-03
3.145994623457326611e-03
1.997323370892534200e-03
6.798951329187730153e-04
-8.211357676053410160e-04
-2.519847181392420588e-03
-4.429017443080884853e-03
-6.559525174671620995e-03
-8.919688571514261533e-03
-1.151455616861885023e-02
-1.434516529425422515e-02
-1.740778869325732003e-02
-2.069319402184055523e-02
-2.418594498896176059e-02
-2.786377680396068257e-02
-3.169708229344414541e-02
-3.564854860997490604e-02
-3.967298788826911782e-02
-4.371740841969562474e-02
-4.772137558516154066e-02
-5.161771319105590283e-02
-5.533359472796539613e-02
-5.879206850440887866e-02
-6.191404806615274925e-02
-6.462077690779055583e-02
-6.683674156975283331e-02
-6.849295837078572813e-02
-6.953049737588468115e-02
-6.990403778966169934e-02
-6.958518170485972210e-02
-6.856520258674547730e-02
-6.685688821407720361e-02
-6.449517070908428185e-02
-6.153632739419745423e-02
-5.805568173817832189e-02
-5.414391472486057566e-02
-4.990228164611099082e-02
-4.543717983197193000e-02
-4.085459625326837152e-02
-3.625496230823044286e-02
-3.172885901749000759e-02
-2.735387110664677657e-02
-2.319271660678712266e-02
-1.929261460075204493e-02
-1.568572475849749903e-02
-1.239041263691198491e-02
-9.413065502674733409e-03
-6.750195960285920727e-03
-4.390611214707074161e-03
-2.317480116739822904e-03
-5.101864524199584139e-04
1.054092728200783924e-03
2.399104767478066336e-03
3.548527191493011657e-03
4.525235376662051223e-03
5.350796011915681660e-03
6.045146847867721718e-03
6.626424115965701134e-03
7.110902494008142227e-03
7.513017291742363213e-03
7.845443730389645154e-03
8.119213220918686247e-03
8.343851084895215209e-03
8.527524061140212552e-03
8.677189167556553784e-03
8.798738074698553291e-03
8.897133166003268201e-03
8.976532993272057226e-03
9.040405970416776071e-03
9.091631962756085983e-03
9.132591992712768558e-03
9.165246654122771730e-03
9.191204054537216450e-03
9.211778226264621949e-03
4.547510103878460441e-02
4.548791631530435531e-02
