7.535732726883637156e-02
7.535732726883637156e-02
7.535732726883637156e-02
9.749901331877719457e-02
9.749901331877719457e-02
9.749901331877719457e-02
9.749901331877719457e-02
9.749901331877719457e-02
9.749901331877719457e-02
9.749901331877719457e-02
9.749901331877719457e-02
9.749901331877719457e-02
9.749901331877719457e-02
9.749901331877719457e-02
9.749901331877719457e-02
9.749901331877719457e-02
9.749901331877719457e-02
9.749901331877719457e-02
7.535732726883637156e-02
7.535732726883637156e-02
7.535732726883637156e-02
7.535732726883637156e-02
7.535732726883637156e-02
8.748745412311592640e-02
8.748745412311592640e-02
8.748745412311592640e-02
8.748745412311592640e-02
8.748745412311592640e-02
1.464333670109013719e-02
1.464333670109013719e-02
1.464333670109013719e-02
-3.822946906088363350e-02
-3.822946906088363350e-02
-3.822946906088363350e-02
-3.822946906088363350e-02
-6.162497107834247201e-02
-6.162497107834247201e-02
-6.162497107834247201e-02
-6.162497107834247201e-02
-2.415710268996110188e-01
-2.415710268996110188e-01
-2.415710268996110188e-01
-2.415710268996110188e-01
-2.415710268996110188e-01
-2.415710268996110188e-01
-2.958509402055768955e-01
-2.958509402055768955e-01
-2.958509402055768955e-01
-2.958509402055768955e-01
-2.958509402055768955e-01
-2.958509402055768955e-01
-2.958509402055768955e-01
-2.958509402055768955e-01
-2.958509402055768955e-01
-2.958509402055768955e-01
-2.958509402055768955e-01
-2.958509402055768955e-01
-2.958509402055768955e-01
-2.958509402055768955e-01
-2.958509402055768955e-01
-2.958509402055768955e-01
-2.415710268996110188e-01
-2.415710268996110188e-01
-2.415710268996110188e-01
-2.415710268996110188e-01
-2.415710268996110188e-01
-2.415710268996110188e-01
-2.415710268996110188e-01
-6.162497107834247201e-02
-6.162497107834247201e-02
-6.162497107834247201e-02
-6.162497107834247201e-02
-6.162497107834247201e-02
-6.162497107834247201e-02
-3.822946906088363350e-02
-3.822946906088363350e-02
-3.822946906088363350e-02
-3.822946906088363350e-02
-3.822946906088363350e-02
-3.822946906088363350e-02
1.464333670109013719e-02
1.464333670109013719e-02
1.464333670109013719e-02
1.464333670109013719e-02
1.464333670109013719e-02
8.748745412311592640e-02
8.748745412311592640e-02
8.748745412311592640e-02
8.748745412311592640e-02
8.748745412311592640e-02
7.535732726883637156e-02
7.535732726883637156e-02
7.535732726883637156e-02
7.535732726883637156e-02
7.535732726883637156e-02
7.535732726883637156e-02
9.749901331877719457e-02
9.749901331877719457e-02
9.749901331877719457e-02
9.749901331877719457e-02
