1.980385079269664228e-02
1.975202408722853686e-02
1.968358011175053157e-02
-2.547992853324965168e-03
-2.665381302287328502e-03
-2.817824697909365739e-03
-3.014672906089699289e-03
-3.267414936660717473e-03
-3.590062396252480248e-03
-3.999571196862783395e-03
-4.516296109015827120e-03
-5.164469073572930391e-03
-5.972687693429290512e-03
-6.974395015502232731e-03
-8.208325656337556175e-03
-9.718886693600436999e-03
-1.155643484507762331e-02
-1.377740475517263974e-02
5.697448684639949690e-03
2.516632828741593997e-03
-1.251328169272314383e-03
-5.683633855801284440e-03
-1.086010619366550856e-02
-2.899145764220906196e-02
-3.589647050583671950e-02
-4.378000763659578576e-02
-5.270936914830365305e-02
-6.274098848906467518e-02
-1.072719775891795013e-03
-1.341671499762170372e-02
-2.693132563488515041e-02
1.127821714395303709e-02
-4.484939496199560893e-03
-2.127088099840203361e-02
-3.897355220014921129e-02
-3.406290450646293211e-02
-5.316843656821973463e-02
-7.270874918367337125e-02
-9.247704647612847717e-02
6.769616442728337846e-02
4.815402661899065295e-02
2.908449504177773592e-02
1.073080539270671041e-02
-6.667713841467193259e-03
-2.288065094016217271e-02
1.658876225047256625e-02
3.379824756311711198e-03
-8.049794818897781923e-03
-1.754678806690956883e-02
-2.498479571636202934e-02
-3.026634256893023789e-02
-3.332422220257935663e-02
-3.412235286788511957e-02
-3.265612583011390235e-02
-2.895226408490270131e-02
-2.306820430022282764e-02
-1.509100938087604149e-02
-5.135814521928017129e-03
6.656192757581225194e-03
2.012025721074706119e-02
3.507099857789808262e-02
-2.974117417608945768e-03
1.432866831974571875e-02
3.247408066738227683e-02
5.123189813769540857e-02
7.037165494168823310e-02
8.966731007510470031e-02
1.089018214816404595e-01
-5.207459357628813068e-02
-3.355634408608249020e-02
-1.565549250826397953e-02
1.485056675234186496e-03
1.774726874111792752e-02
3.303886986456400221e-02
2.389785481128946232e-02
3.707366982120095800e-02
4.915263368559795454e-02
6.013776795711787970e-02
7.005066132980163063e-02
7.892854628016220120e-02
3.394844327778251403e-02
4.091535573100774092e-02
4.702255477132805117e-02
5.234016649872325067e-02
5.694004277618919252e-02
-1.195032847694227351e-02
-8.572961382984412015e-03
-5.705327495263257109e-03
-3.284803427855698121e-03
-1.253406243018562183e-03
1.257197433504231299e-02
1.397892539735368089e-02
1.514030236569041676e-02
1.609388558268642910e-02
1.687276887841671069e-02
1.750568779778349793e-02
-4.124297903993046077e-03
-3.712672487570234381e-03
-3.383190635361188470e-03
-3.120753641050466598e-03
