1.099998919814408227e+00
1.099998540629437027e+00
1.099998033919688867e+00
1.099997358994462715e+00
1.099996463086031051e+00
1.099995278168086843e+00
1.099993717130582915e+00
1.099991669282601725e+00
1.099988995216559795e+00
1.099985521166729319e+00
1.099981033141298026e+00
1.099975271302820579e+00
1.099967925306737593e+00
1.099958631549127208e+00
1.099946973458884703e+00
1.099932485997355602e+00
1.099914665279100534e+00
1.099892983594470186e+00
1.099866909069606269e+00
1.099835927864208029e+00
1.099799565493992937e+00
1.099757403029155478e+00
1.099709084003650972e+00
1.099654309073482938e+00
1.099592817574381209e+00
1.099524357543195441e+00
1.099448647715853822e+00
1.099365335909944008e+00
1.099273957877510366e+00
1.099173899448402159e+00
1.099064363099919950e+00
1.098944338500280615e+00
1.098812575409385817e+00
1.098667556674345569e+00
1.098507468846678936e+00
1.098330168009163055e+00
1.098133138566904421e+00
1.097913442903603931e+00
1.097667659854376865e+00
1.097391809865869705e+00
1.097081264493252384e+00
1.096730637524149232e+00
1.096333654526239876e+00
1.095882996989771430e+00
1.095370116475595346e+00
1.094785013276103447e+00
1.094115973040121981e+00
1.093349253592680981e+00
1.092468712789029794e+00
1.091455366680448513e+00
1.090286865554573881e+00
1.088936873589879673e+00
1.087374336021265098e+00
1.085562616007591741e+00
1.083458482080198904e+00
1.081010926540446615e+00
1.078159796084406485e+00
1.074834219183427919e+00
1.070950821668062991e+00
1.066411734414210999e+00
1.061102417552814980e+00
1.054889357543417505e+00
1.047617740904659867e+00
1.039109276147830219e+00
1.029160428319584097e+00
1.017541452077353581e+00
1.003996759278963369e+00
9.882473279163280777e-01
9.699960296842252694e-01
9.489368816859830025e-01
9.247692442537691626e-01
8.972177921491539809e-01
8.660585608612713093e-01
8.311504053700481398e-01
7.924697711847346060e-01
7.501448934228276411e-01
7.044837799583690829e-01
6.559892288588811127e-01
6.053544347525140479e-01
5.534350218955150780e-01
5.011975736317622054e-01
4.496500083612852694e-01
3.997638497156451032e-01
3.524008221397147977e-01
3.082552866683909154e-01
2.678201160633631450e-01
2.313781418228695597e-01
1.990161491177088737e-01
1.706549745424705000e-01
1.460880891263467707e-01
1.250217834743565237e-01
1.071119156359412738e-01
9.199431723429396524e-02
7.930780777814483429e-02
6.871007892540045847e-02
5.988745935750636185e-02
5.255986850245196462e-02
4.648226508545433289e-02
4.144373074894880382e-02
3.726509922519374851e-02
