-3.259598435297214714e+00
-3.440824793684722049e+00
-3.530980460394835152e+00
-3.542985454379264709e+00
-3.494108339007192754e+00
-3.402917180512308626e+00
-3.289785285097398759e+00
-3.170061683091128124e+00
-3.053239676927349322e+00
-2.942603324365861805e+00
-2.839010581422234836e+00
-2.744409994477654102e+00
-2.661217777773395188e+00
-2.588601842889905136e+00
-2.521453681040406902e+00
-2.454378384928940449e+00
-2.385892309483682361e+00
-2.318377193179486095e+00
-2.254753926147315291e+00
-2.195295079468780663e+00
-2.137780640413369682e+00
-2.079980754399741727e+00
-2.021029784563917353e+00
-1.960933580384903507e+00
-1.899684036625844508e+00
-1.836932049818727597e+00
-1.772609582174015097e+00
-1.707189829810840997e+00
-1.641673817287464754e+00
-1.577408383375441314e+00
-1.515481234248259756e+00
-1.455887000436574041e+00
-1.397513231361886543e+00
-1.338655093525792150e+00
-1.277752489075984155e+00
-1.213852509118169110e+00
-1.146687093443095939e+00
-1.076529530407951185e+00
-1.003980758682978536e+00
-9.297669499035485785e-01
-8.546042080844911126e-01
-7.791185999052538946e-01
-7.039132623034722869e-01
-6.295811822349066667e-01
-5.566785656392241322e-01
-4.855423165973835609e-01
-4.161915939711717805e-01
-3.482839725885540361e-01
-2.811369179806799679e-01
-2.138251853298989147e-01
-1.454141690858863356e-01
-7.509929114386881821e-02
-2.365737839603809789e-03
7.296875431263449840e-02
1.507855836053630938e-01
2.307357022374518785e-01
3.123386761017274971e-01
3.950391512198119237e-01
4.782004641822181767e-01
5.610891640523196777e-01
6.429133728879432574e-01
7.228829660244056043e-01
8.003280796091130078e-01
8.748242891932425103e-01
9.463113929678539371e-01
1.015181771655878862e+00
1.082281661333740264e+00
1.148760951775003925e+00
1.215777022546611796e+00
1.284170908445763093e+00
1.354281936475649317e+00
1.425960528141131167e+00
1.498672963154102700e+00
1.571712663272580190e+00
1.644260337470047517e+00
1.715492223844589326e+00
1.784728986953673324e+00
1.851834119490586961e+00
1.917347218698795430e+00
1.982574374927913219e+00
2.049166423306051588e+00
2.118549410737930572e+00
2.191461338348250187e+00
2.267820326617724813e+00
2.346909158470807277e+00
2.427720590163288783e+00
2.509106475150334248e+00
2.589768136432740064e+00
2.668138878866335162e+00
2.742306796400147739e+00
2.809716315594324776e+00
2.867972256153490385e+00
2.914135435821947340e+00
2.945762887804101560e+00
2.960064669801172776e+00
2.955399697516319257e+00
2.929968887821295276e+00
2.882276139005290894e+00
2.811854170890983884e+00
2.718249022508495649e+00
