-3.292389289963075338e+00
-3.239564559037031000e+00
-3.186528087141376808e+00
-3.133264259486826298e+00
-3.079756752006057585e+00
-3.025988553719538121e+00
-2.971941997675593861e+00
-2.917598801193721503e+00
-2.862940116095365806e+00
-2.807946589539923377e+00
-2.752598435993373727e+00
-2.696875520741000010e+00
-2.640757455212841442e+00
-2.584223704220395490e+00
-2.527253705006068607e+00
-2.469826997784401179e+00
-2.411923367208927527e+00
-2.353522993934656693e+00
-2.294606615169075603e+00
-2.235155692820978146e+00
-2.175152587574589624e+00
-2.114580736945505191e+00
-2.053424835124971093e+00
-1.991671012200719293e+00
-1.929307010166215752e+00
-1.866322353006117263e+00
-1.802708508082631056e+00
-1.738459036052791395e+00
-1.673569726625243836e+00
-1.608038717619459046e+00
-1.541866595019498742e+00
-1.475056472014746989e+00
-1.407614045384058654e+00
-1.339547627997544232e+00
-1.270868156668742088e+00
-1.201589175074464499e+00
-1.131726791953930888e+00
-1.061299615286248166e+00
-9.903286636095325335e-01
-9.188372560708746306e-01
-8.468508831706791362e-01
-7.743970604769958577e-01
-7.015051678275816549e-01
-6.282062767050602403e-01
-5.545329685624316163e-01
-4.805191468940881450e-01
-4.061998457960549480e-01
-3.316110376452132691e-01
-2.567894423595014075e-01
-1.817723404893376582e-01
-1.065973921453764461e-01
-3.130246349957577223e-02
4.407453768415825479e-02
1.194958163176167432e-01
1.949238331611318209e-01
2.703214362755654854e-01
3.456519803767008625e-01
4.208794339426451536e-01
4.959684741272796238e-01
5.708845697086557536e-01
6.455940524499350630e-01
7.200641773723375216e-01
7.942631725357096606e-01
8.681602789944045107e-01
9.417257816463093789e-01
1.014931031723345090e+00
1.087748461685162038e+00
1.160151593276495863e+00
1.232115039495232267e+00
1.303614501194954034e+00
1.374626759014765387e+00
1.445129661292414713e+00
1.515102108575946627e+00
1.584524035305732603e+00
1.653376389194097129e+00
1.721641108784834895e+00
1.789301099630701941e+00
1.856340209483972270e+00
1.922743202854080291e+00
1.988495735247446383e+00
2.053584327368196849e+00
2.117996339524682803e+00
2.181719946455705550e+00
2.244744112761995591e+00
2.307058569102898193e+00
2.368653789295217305e+00
2.429520968430598060e+00
2.489652002109732365e+00
2.549039466875630655e+00
2.607676601914326486e+00
2.665557292079304919e+00
2.722676052285572190e+00
2.779028013310488987e+00
2.834608909031039570e+00
2.889415065120962023e+00
2.943443389226048534e+00
2.996691362631638711e+00
3.049157033432913000e+00
3.100839011215804408e+00
3.151736463254024123e+00
