1.149997137768046684e+01
1.344126651948872819e+01
1.441373546534918759e+01
1.437673822148258118e+01
1.356325485825017907e+01
1.235135700171472273e+01
1.105384315812407969e+01
9.859919520731340370e+00
8.833294599368873179e+00
7.973924045432513985e+00
7.250773635331878353e+00
6.630098047682628781e+00
6.088321174442634209e+00
5.617964055490731745e+00
5.219517278918337944e+00
4.888601149271069701e+00
4.610005446949721808e+00
4.363762644251345968e+00
4.135179785749921955e+00
3.919366166796739659e+00
3.717690667215481248e+00
3.529975354730760628e+00
3.350829849587680265e+00
3.172144314736557558e+00
2.988887369137322558e+00
2.802382740108062986e+00
2.617940224916580849e+00
2.441087814821409907e+00
2.274533526510150061e+00
2.118293577390647275e+00
1.971143559988552507e+00
1.832460577664912993e+00
1.703084027182170779e+00
1.584651234556346378e+00
1.478298296534069189e+00
1.383612402839241584e+00
1.298559202828300618e+00
1.220362656951629488e+00
1.146557193635105332e+00
1.075686516395481851e+00
1.007368140751470076e+00
9.418228470183375167e-01
8.793466784395765901e-01
8.199426694976731378e-01
7.632917526695350841e-01
7.090020370126255411e-01
6.568156342595075081e-01
6.067360942904302945e-01
5.589999808793805203e-01
5.139555211349898789e-01
4.719274788232921680e-01
4.331370010425055206e-01
3.976483965568393120e-01
3.654055052920765490e-01
3.362414741963979381e-01
3.099329463713282329e-01
2.862153084224485222e-01
2.648054638879463463e-01
2.454379719990985864e-01
2.278617726278303335e-01
2.118723494230894677e-01
1.972878376921578525e-01
1.839440834198584340e-01
1.716931389142175302e-01
1.604093541680141899e-01
1.499975768121203368e-01
1.403920386967353884e-01
1.315374373180684398e-01
1.233663165813643908e-01
1.157849776176864548e-01
1.086762063376562337e-01
1.019181942803975699e-01
9.541143810632708722e-02
8.910114181955558488e-02
8.298094178934264931e-02
7.708518669905453646e-02
7.145418558717143986e-02
6.610978433738147475e-02
6.105590903621289228e-02
5.628035147393663923e-02
5.177576788174972910e-02
4.753839507464079767e-02
4.356755088179704860e-02
3.986139546358900138e-02
3.641718662698570363e-02
3.323611047501152937e-02
3.032562006289027043e-02
2.769802550068416885e-02
2.536718873895968396e-02
2.334581079497860881e-02
2.164562502359840962e-02
2.028040036144168612e-02
1.925326718004879284e-02
1.858014157828703425e-02
1.827040287845344002e-02
1.835223444369188037e-02
1.885442459899717982e-02
1.984159233168843531e-02
2.139918711681717753e-02
2.365485822969998903e-02
