3.245349149405367117e-01
8.618338905951234974e-01
4.000308359027253680e-01
2.938386462017014700e-01
2.650186321465567429e-01
1.519943416704349071e+00
3.177609440137826868e-01
3.325943207301596538e-01
3.350675766241439923e-01
3.113634005617076927e-01
2.872192926240521582e-01
3.289758018783672244e-01
8.079424681896865135e-01
1.248383956102758319e+00
4.633154229258215073e-01
3.042239462317263055e+00
3.758387403000594817e-01
1.041922983664519187e+00
3.040353660728502549e-01
2.465726603163332697e+00
1.759861415686760688e+00
3.419055613574979002e+00
6.705981031946611104e+00
5.025116447526488672e-01
5.510680206571452189e-01
3.346260996218946571e-01
9.006479196593033532e-01
3.352058781375582441e+00
1.948064669310190844e+00
1.290740481654694349e+00
3.939201135283361688e-01
6.502244930280596247e-01
5.770902565730985367e-01
1.346473928129447328e+00
3.263636256532760349e+00
8.447798329949479657e-01
4.196280312732797668e+00
2.721163188655597587e-01
1.671549383705070335e+00
3.491216450002496696e-01
4.776291692367203301e-01
4.905172833407892563e-01
2.344762663796818192e+00
4.142531315054938545e+00
1.021166899466456712e+01
2.646844952167956566e-01
1.413531151381232531e+00
1.122558716885648877e+01
3.722525411784273430e+00
3.545292623310366542e-01
1.594816776745108466e+00
3.204074519532141618e+00
4.183127661274557152e-01
3.216530159489257024e-01
1.799279200519631861e+00
2.935291583323003661e-01
7.782006542168676821e-01
3.737141362891717167e-01
9.500662589538896308e-01
3.492182507586813589e+00
4.028636140089588702e-01
2.948469297881065598e-01
2.155385057852793551e+00
9.435918630081141956e+00
3.240381793168506386e-01
7.231540738421879944e-01
6.219450416747499544e-01
2.242009744804933202e+00
4.725098677733894914e-01
2.371044713779953295e+00
9.228693510739118366e+00
1.163038463615907903e+00
1.044071809307476117e+00
2.743650480038414829e-01
7.703121843860630813e-01
7.039814122506694583e-01
1.547302247717699197e+00
2.965311648799262012e-01
2.899750040258254891e-01
2.798335013103196545e+00
1.184042490985267015e+01
8.285065947429030020e-01
6.277039660895354922e-01
3.812529742404065836e+00
1.468711808676878006e+00
2.813148768125908639e+00
4.334760028377384056e-01
3.025611626907477314e-01
1.054468435224822143e+00
3.244994178100822357e-01
3.294633007525750168e-01
4.571706857156418558e+00
3.280290067140850807e-01
4.223591733477840005e-01
1.321623457084335929e+00
2.819953239549363166e-01
1.486396082374484395e+00
1.515992848577288443e+00
3.921372695120687979e+00
1.141671838583288023e+00
5.739545430174133323e+00
5.320945015481409746e-01
2.056040153398970727e+00
9.817498054320356715e+00
5.873301909058394887e-01
4.329859303548713179e-01
3.027902700983509665e-01
3.326655621322579526e-01
6.741460728966616189e-01
7.377776026038942447e-01
2.523878745257580825e+00
1.754384369201843263e+00
7.806501018957374249e+00
3.208227786016855099e-01
1.500041898472600721e+00
5.943167475874946426e-01
2.663340729310498811e-01
2.202516036468715299e+00
2.096140237261781003e+00
3.096634305551720923e-01
3.114931065488563799e+00
1.244512675059296747e+00
3.736493153547669754e-01
2.810065004651121523e+00
1.062227929560334960e+00
6.305291708085579039e+00
3.249327307847321711e-01
2.965275976595031615e+00
4.220441847045527162e+00
2.225758711347345820e+00
3.191287053303849541e-01
6.734407134010183427e+00
6.892384072265013373e+00
4.954904798858913995e-01
2.833873385481181506e-01
4.081882831112782495e-01
3.181929349232273663e-01
5.227796219097454733e-01
3.240250306179314199e-01
1.854807365954692644e+00
1.244555223325756899e+01
5.470808328915733876e-01
3.386532897636523320e-01
3.120374750509230521e-01
2.229163881073533027e+00
2.853791223105040853e+00
6.156439820089174564e-01
1.244452963512333987e+01
2.753047410989221122e-01
2.702024295685667710e-01
6.053233515789551156e-01
1.008207380347649362e+01
2.038359143523267303e+00
5.536454106293329236e-01
1.698009920907259884e+00
3.071344630230948280e-01
1.121547279701256983e+01
4.054126784470173384e-01
3.678400487510377292e+00
2.458411848690873036e+00
2.951410683968760829e+00
1.244473280264708315e+01
5.678540590127996168e-01
8.613147046876467039e-01
1.058750891640399594e+01
2.103583931409635621e+00
2.206228033641397523e+00
2.032687565676619457e+00
1.017342724509207663e+01
9.016685356632910597e+00
1.221738004078865458e+01
3.489496395934818529e-01
2.211789615995946701e+00
2.440926351327956656e+00
1.110723067534549635e+00
3.800706061215230469e-01
2.947119841894516590e-01
5.704833942148069603e+00
9.330089109627521804e-01
4.983582286400909389e+00
1.962071603635408668e+00
3.806308895829022099e+00
8.018645283342119567e-01
1.957212070614388955e+00
3.322477902348806023e-01
4.168470369267887610e-01
3.183098821848235893e-01
8.035447114767542143e-01
1.052333874936224234e+01
3.867181785088374957e-01
3.203352723021926085e-01
1.143719402508361682e+00
1.158631161419593525e+01
1.030082314917632136e+00
1.129480933038028434e+00
4.042898600053364433e+00
2.271709079397376208e+00
2.135552326574870374e+00
1.252369150027931255e+00
1.535879074166942138e+00
