9.555938811965138113e-02
2.669588632158355068e-01
1.067820216141625311e-01
9.201358797826274249e-02
2.297981602037059812e+00
5.078639103151559864e-01
1.926232341988317887e-01
2.460414755458616709e-01
3.007195270066996162e+00
1.029723658616376047e-01
2.889627504165813043e+00
9.617480963041744046e-02
2.453854086728421424e-01
1.964642914792083639e+00
2.405049266792714580e+00
1.317731979168455636e+00
2.758130436293695364e+00
2.010339188369265617e+00
3.034371588770684358e+00
1.038403174128827322e+00
6.226010048968088073e-01
1.501269971935155212e+00
3.244672928708240089e+00
2.362588290695215587e+00
1.412793664916932868e-01
3.009234330427947413e+00
2.821398165135169389e-01
1.468364606354109148e+00
2.125879015772746516e+00
1.963188843806498385e+00
1.058003040120692184e-01
1.791256948814639871e-01
2.326983847606976852e+00
4.425385884016999616e-01
2.765416334571633605e+00
2.602599799122103374e-01
1.893489619516333988e+00
2.571371456105445485e+00
5.753477319221327324e-01
2.931688409528309780e+00
2.384944425713093619e+00
1.242094994495028942e-01
9.769647489205970370e-01
3.225576931591928709e+00
5.356327810799288436e+00
2.281898907725944614e+00
4.670301503052964875e-01
6.642710090342274221e+00
1.652236580057077742e+00
2.897490849086575171e+00
5.396593848951690697e-01
1.396072713209080440e+00
2.528403702852402901e+00
1.528970881925892089e-01
6.460002249121753470e-01
9.206582594297699207e-02
2.179543288771647713e+00
2.771649963340687250e+00
3.009707759634159818e-01
1.537381734072904127e+00
2.599344225146446696e+00
9.349988066496214834e-02
8.736755856623569239e-01
4.858133727372873523e+00
3.045930407926410233e+00
2.225895698879722939e+00
1.675017407427616678e-01
2.253708680135999565e+00
1.201265185335568531e-01
9.902987195014865129e-01
5.747344776524680121e+00
3.778451954167421634e-01
3.355706923726140545e-01
2.635274231898072639e+00
2.186053293024409427e+00
2.242019170283410467e+00
1.993953773901957938e+00
9.203656261600631772e-02
2.925528309074254540e+00
1.200336518756301762e+00
6.491933015000284080e+00
2.536465982826432430e-01
2.298983707506148555e+00
3.051902155517396853e+00
4.878329976909421273e-01
1.207450317388817140e+00
2.474346015916605523e+00
9.747993649262033655e-02
2.005566411108751890e+00
2.272257515447131948e-01
9.624581565386669535e-02
3.451158393952763692e+00
3.034690091031466253e+00
2.512738068623446619e+00
1.963431771022871919e+00
2.806434672694085641e+00
4.947941843507182025e-01
5.061855168648053960e-01
1.752710289341645966e+00
1.979697824609590429e+00
2.712482477875576503e+00
1.353479794546910142e-01
8.138127184874314191e-01
6.016997926309423761e+00
1.540285680858369810e-01
3.484628926241581381e-01
9.760291954465498410e-02
9.670683176689756633e-02
1.891663035387255998e-01
2.161605760854858060e-01
1.067041704231958654e+00
6.194576691728628237e-01
3.872964981416669783e+00
1.130106882328160006e-01
5.000893835215680649e-01
1.566575802637484860e-01
2.362663243345860753e+00
9.002170591649238940e-01
8.386212570778696085e-01
3.051500534317726832e+00
1.352892047284976584e+00
4.064002499494438481e-01
2.772060527152343745e+00
1.205967955038274031e+00
3.421007850206029266e-01
3.022748082286190296e+00
3.043709210272462773e+00
1.280637137775389345e+00
3.267230539608867890e+00
2.246072681094912316e+00
1.675044300083768090e-01
4.558318081560768675e+00
4.635020955098027251e+00
2.367667929260462767e+00
2.830449051733744170e+00
1.080981353144821883e-01
3.055494269561957132e+00
1.326286279751711095e-01
1.398299005028753594e-01
6.812808431600405612e-01
7.072474588279298757e+00
2.340184000642661299e+00
9.754772952218783433e-02
3.054971583430862836e+00
2.247669574942461779e+00
1.227018322979407161e+00
2.306429797535006543e+00
7.007366873592456358e+00
2.660192757230269933e+00
2.509402780366467134e+00
1.609128459723321858e-01
5.270721301287263572e+00
8.027403750505133218e-01
2.337339911903133061e+00
5.887693868929453345e-01
9.319664668125268725e-02
6.033065456558040829e+00
1.076441430227525475e-01
1.630097288741690686e+00
2.356332667215651711e+00
2.603598631271395902e+00
7.026424596448337390e+00
1.469651210861201152e-01
2.667541450529643532e-01
6.360640938197070327e+00
8.430323557423878844e-01
2.237113776237747764e+00
7.991795714864415867e-01
5.331140270139082205e+00
5.650638054062443238e+00
6.791397834233399600e+00
2.932705583814710693e+00
9.054019728858725413e-01
1.025895152139465027e+00
3.593922339863555582e-01
1.036502365093953520e-01
9.341850592890457716e-02
2.693583235844993151e+00
2.945562177730098874e-01
3.666327308482736136e+00
7.530110946543348005e-01
1.694420664344471472e+00
2.428525333381532370e-01
7.497638265439613425e-01
9.665053106909408942e-02
1.095467497911005589e-01
1.742285189638741738e-01
2.158616880027260265e+00
5.553885273513630594e+00
1.046821285987511591e-01
2.127740354579526205e-01
1.979240419341400381e+00
6.292680306753289265e+00
3.305018289267355747e-01
3.660015862229085148e-01
1.814719002541504977e+00
9.381608892579362813e-01
8.619513248804311356e-01
1.964429210686611027e+00
5.145931660578351163e-01
