9.000853723355597968e-02
8.441405700171282500e-02
8.535321158151748522e-02
9.715820404277435152e-02
7.320165080413604919e+00
9.261375935332452625e-02
1.655527074369177176e-01
1.948386645993308297e-01
3.124175263885857312e+00
1.117466754347620911e-01
4.968929105915965927e+00
8.957103770160371181e-02
8.383211658168032709e-02
6.794280352504410425e-01
1.599840087265831157e+00
1.229551702939036539e-01
2.380210578931415633e+00
7.531081280859763805e-01
4.101132985414700727e+00
1.147783771857097818e-01
9.764912904980928288e-02
1.273637503841361374e-01
1.543574966124779402e-01
1.417306147146417672e+00
8.217359598903802020e-02
3.134934223415169807e+00
8.483930733226024978e-02
1.266162573239404676e-01
5.427373207831162061e-01
6.672786891289139710e-01
8.560320033968241149e-02
8.233481813475633515e-02
1.194813290241363291e+00
9.005982973463526331e-02
4.287935040497518058e-01
8.423022640253102766e-02
1.351899540919608844e-01
6.261236175944207893e+00
9.550888737190382782e-02
2.820860388194660562e+00
1.525533386613078690e+00
8.286329369203439266e-02
1.126547358956213329e-01
3.858953878899029077e-01
1.778640582820350258e-01
7.384291865101909380e+00
9.098633580039036661e-02
2.416792613090414932e-01
1.305908079568641744e-01
2.717718689967864698e+00
9.394875155660074861e-02
1.249116502354854497e-01
1.912010363800939361e+00
1.437463127052859280e-01
9.872708727805160067e-02
9.750139226029681805e-02
9.140077567853025498e-01
2.409427163155000606e+00
8.538338475674508987e-02
1.281647660625319929e-01
2.057472665950285773e+00
1.013272906262376594e-01
1.087492779478375360e-01
1.722509171882814771e-01
3.411936321000308414e+00
9.674334659101676559e-01
8.217417710632890504e-02
5.082156065618524954e-01
8.321133891607163102e-02
1.131276165167719172e-01
2.698047128753157664e-01
8.778687535632323513e-02
8.642841975270751376e-02
6.015415382412774292e+00
9.209099624668719564e-01
9.892430062790881218e-01
6.073598883946516036e-01
9.523893065180476236e-02
4.796915369971805454e+00
1.197753921470403604e-01
1.937066853689247414e-01
8.405157463514534300e-02
1.096207783304823380e+00
4.003267288144900515e-01
9.180268430922192135e-02
1.199775793489351594e-01
1.790981305771069731e+00
1.065719711846157269e-01
7.477751411629103284e-01
1.844004662508527959e-01
8.952355874058187668e-02
3.694547078853421263e-01
3.301506936828591865e+00
1.878248660517788604e+00
6.588889182269618283e-01
5.333619744910603977e+00
9.208186386635952569e-02
9.254459591715627487e-02
1.325798768421056761e-01
7.140590621343849698e-01
1.476824456940296626e-01
8.231158063448527906e-02
1.062813520703474596e-01
2.615162828748087143e-01
8.208555383573773456e-02
2.569870476597601039e-01
1.067041231143658481e-01
8.922579356692376951e-02
8.251281442398972210e-02
8.309831461822814180e-02
1.157221160192811599e-01
9.750488198196297085e-02
1.615259187987947986e-01
1.193996322638656293e-01
9.229592140054282412e-02
8.209165935796414182e-02
7.065641706575619629e+00
1.097951396822411108e-01
1.073223722636346827e-01
3.878756474250238728e+00
1.238483720439105540e-01
8.875993350154273709e-02
2.410323098374213657e+00
1.199355745238050025e-01
8.663226485492241113e-02
1.516630853954249736e-01
3.387036777479776273e+00
1.219849704839792021e-01
3.826807023472816316e-01
5.099623537384158078e-01
1.518626339132887193e-01
3.115048682781402234e-01
3.083890333771786563e-01
1.445413894600512394e+00
5.231977893921172296e+00
8.504485129355414397e-02
3.587905644963721219e+00
8.240497977423034970e-02
1.362652793527772410e-01
1.003591718423731960e-01
2.140011917180193179e-01
1.270321117826573198e+00
8.872985735003746655e-02
3.793818938127851759e+00
5.095940851727034371e-01
1.205270720501594034e-01
1.117020703985071917e+00
2.081507250691312649e-01
5.918941646366592479e+00
6.498757882353025650e+00
8.211415967199872656e-02
1.768723935405880354e-01
1.058086057908187577e-01
1.252084454009431358e+00
9.610969433141976215e-02
9.238630009308958224e-02
1.864138780642042859e-01
8.514784599394836784e-02
1.301366483389698181e-01
4.871462467299128019e-01
4.485230107014824275e-01
2.093116649469799473e-01
8.210612032760443435e-02
8.440840951420015836e-02
2.509332708100582843e-01
1.075047385989694737e-01
5.120624822919078722e-01
1.056556553880007160e-01
1.775724805679268214e-01
2.728295344396496347e-01
2.002499068433549190e-01
2.824193826270203989e+00
1.099959469145966040e-01
1.143571950095789019e-01
8.718252034365894798e-02
8.621793534413961513e-02
1.011810657688376053e-01
1.474296354721695568e-01
8.519616915834098136e-02
3.556795969247126266e-01
1.036288833892953093e-01
1.314400247923629694e-01
8.376566266327596655e-02
1.034835294997696054e-01
8.926090097990338479e-02
8.473653506141184955e-02
1.555462915522342060e-01
8.927419131215299508e-01
1.802081097101765617e-01
8.591007625634192180e-02
1.764965358990796263e-01
7.133332311571499718e-01
1.902957898509015366e-01
8.627165643079955093e-02
8.739679392201078756e-02
1.337526620728738957e-01
1.112388844820711847e-01
1.082778251701854988e-01
6.782503321822402897e-01
9.289156039183879554e-02
