-1.046658430470933342e-02
-7.835065424955317895e-03
-4.363047562537839333e-03
1.881957528444971883e-04
6.113469480778573051e-03
1.377192285865684249e-02
2.359420887189393398e-02
3.608707239301826852e-02
8.915601290437197290e-04
2.054281222622283964e-02
-2.550730676187348833e-02
4.082671599486970004e-03
3.970009089592216323e-02
8.195198439849568639e-02
1.289350596860977527e-02
6.948910905137090088e-02
1.332202885582083329e-01
-7.995923204581700805e-03
6.807055968651148925e-02
1.485725816739187910e-01
3.227744708040623522e-01
1.559489106962352878e-01
2.398830291642989332e-01
-4.269255947107919447e-03
7.384835313014237457e-02
1.472803592847977683e-01
5.365241612165827512e-02
1.157836372920106882e-01
5.480712869043014024e-02
1.049920922980192017e-01
2.217828770332030963e-02
5.659420165439099648e-02
5.770496353979526205e-03
2.192359433977553174e-02
3.672123866193288677e-02
5.889484994184979172e-02
7.786379343693572430e-02
2.833722381025349790e-02
-3.813684986517795750e-03
7.486993330735547403e-03
5.583444267642057035e-02
3.278969317773672287e-02
9.926853258425949456e-02
9.007138281120763423e-02
7.627079750858456464e-02
7.672948505456678170e-02
7.644479849823726525e-02
6.277402784567520655e-02
1.104036643181478539e-01
1.056286764147327251e-01
1.886975596198223748e-01
1.375127448263713248e-01
1.130620165676585742e-01
1.476139811296786064e-01
2.457441586388944277e-01
2.175659859660132867e-01
2.102319282747231455e-01
-7.386531721096223357e-02
2.350593982542852345e-01
2.082429771559413112e-01
3.052978347921988522e-01
1.285135146629885483e-01
4.328728866495658023e-01
3.372091463408686263e-01
3.893514517297482769e-01
4.207207746896819422e-01
2.019180735150607475e-01
3.176796376489405827e-01
3.326234114501638306e-01
1.735049455740824698e-01
3.023630739552392033e-01
3.791937313964474088e-01
1.544006333454944757e-01
8.911408019274280612e-02
1.126409250775015636e-01
1.728475442901586945e-01
8.996613650685392205e-02
9.395666612872333179e-02
4.567562119344459326e-02
7.996328213355852199e-02
6.250087398855930232e-02
2.693060956379378368e-02
3.541827906160299744e-02
2.473875005826076112e-02
1.603445926829794033e-02
2.364547390711613239e-02
1.733556440039096813e-02
1.445844317279154634e-02
1.045178982187944250e-02
7.205626591869296327e-03
1.037117285851807402e-02
8.271606226433858566e-03
3.069299047291251803e-03
1.733894313176720381e-03
6.827058582162814915e-04
-1.501890941990602357e-04
-8.027605967843021162e-04
-1.311662057413509608e-03
-1.712277482627033720e-03
-2.423622975534889257e-03
