0.000000000000000000e+00 0.000000000000000000e+00
6.666666666666666444e-04 3.233333333333333198e-02
1.333333333333333289e-03 4.166666666666666435e-02
3.000000000000000062e-03 4.900000000000000189e-02
5.333333333333333155e-03 5.999999999999999778e-02
6.666666666666667095e-03 6.300000000000000044e-02
1.133333333333333415e-02 7.566666666666665986e-02
1.166666666666666720e-02 7.599999999999999811e-02
1.200000000000000025e-02 7.666666666666666075e-02
1.433333333333333334e-02 8.066666666666666430e-02
1.433333333333333334e-02 8.100000000000000255e-02
1.666666666666666644e-02 8.466666666666666785e-02
2.233333333333333351e-02 9.366666666666666197e-02
2.433333333333333182e-02 9.866666666666666641e-02
2.999999999999999889e-02 1.153333333333333294e-01
3.666666666666666685e-02 1.300000000000000044e-01
3.666666666666666685e-02 1.316666666666666541e-01
3.799999999999999906e-02 1.343333333333333324e-01
3.866666666666666863e-02 1.350000000000000089e-01
4.166666666666666435e-02 1.376666666666666594e-01
4.399999999999999745e-02 1.436666666666666647e-01
6.199999999999999956e-02 1.670000000000000095e-01
7.733333333333333726e-02 1.903333333333333266e-01
8.566666666666666874e-02 2.086666666666666670e-01
1.166666666666666685e-01 2.653333333333333099e-01
1.256666666666666765e-01 2.776666666666666727e-01
1.493333333333333457e-01 3.170000000000000040e-01
1.556666666666666754e-01 3.246666666666666590e-01
1.646666666666666556e-01 3.353333333333333166e-01
1.680000000000000104e-01 3.403333333333333210e-01
1.700000000000000122e-01 3.426666666666666750e-01
1.706666666666666610e-01 3.433333333333333237e-01
1.719999999999999862e-01 3.459999999999999742e-01
1.736666666666666636e-01 3.489999999999999769e-01
1.869999999999999996e-01 3.723333333333333495e-01
1.920000000000000040e-01 3.786666666666666514e-01
1.976666666666666572e-01 3.903333333333333099e-01
1.983333333333333337e-01 3.913333333333333108e-01
1.996666666666666590e-01 3.920000000000000151e-01
1.996666666666666590e-01 3.923333333333333117e-01
2.089999999999999913e-01 4.050000000000000266e-01
2.119999999999999940e-01 4.099999999999999756e-01
2.126666666666666705e-01 4.116666666666666807e-01
2.149999999999999967e-01 4.136666666666666825e-01
2.213333333333333264e-01 4.199999999999999845e-01
2.213333333333333264e-01 4.209999999999999853e-01
2.243333333333333290e-01 4.219999999999999862e-01
2.266666666666666552e-01 4.273333333333333428e-01
2.336666666666666614e-01 4.396666666666666501e-01
2.363333333333333397e-01 4.413333333333333552e-01
2.369999999999999885e-01 4.416666666666666519e-01
2.383333333333333415e-01 4.436666666666666536e-01
2.396666666666666667e-01 4.456666666666666554e-01
2.463333333333333208e-01 4.540000000000000147e-01
2.486666666666666747e-01 4.553333333333333122e-01
2.486666666666666747e-01 4.560000000000000164e-01
2.493333333333333235e-01 4.566666666666666652e-01
2.503333333333333521e-01 4.576666666666666661e-01
2.510000000000000009e-01 4.606666666666666687e-01
2.553333333333333566e-01 4.660000000000000253e-01
2.640000000000000124e-01 4.729999999999999760e-01
2.686666666666666647e-01 4.803333333333333344e-01
2.706666666666666665e-01 4.836666666666666892e-01
2.766666666666666718e-01 4.923333333333333450e-01
2.806666666666666754e-01 4.956666666666666443e-01
2.823333333333333250e-01 4.966666666666666452e-01
2.833333333333333259e-01 4.969999999999999973e-01
2.853333333333333277e-01 4.996666666666666479e-01
2.866666666666666807e-01 5.036666666666667069e-01
2.896666666666666834e-01 5.080000000000000071e-01
2.919999999999999818e-01 5.093333333333333046e-01
2.923333333333333339e-01 5.096666666666667123e-01
2.926666666666666861e-01 5.120000000000000107e-01
2.939999999999999836e-01 5.136666666666667158e-01
2.939999999999999836e-01 5.143333333333333091e-01
2.943333333333333357e-01 5.146666666666667167e-01
2.956666666666666887e-01 5.160000000000000142e-01
2.959999999999999853e-01 5.160000000000000142e-01
3.026666666666666394e-01 5.286666666666666181e-01
3.046666666666666412e-01 5.340000000000000302e-01
3.056666666666666421e-01 5.350000000000000311e-01
3.089999999999999969e-01 5.400000000000000355e-01
3.150000000000000022e-01 5.443333333333333357e-01
3.153333333333333544e-01 5.453333333333333366e-01
3.170000000000000040e-01 5.483333333333333393e-01
3.173333333333333561e-01 5.486666666666666359e-01
3.213333333333333597e-01 5.526666666666666394e-01
3.216666666666666563e-01 5.530000000000000471e-01
3.236666666666666581e-01 5.550000000000000488e-01
3.240000000000000102e-01 5.553333333333333455e-01
3.240000000000000102e-01 5.556666666666666421e-01
3.296666666666666634e-01 5.600000000000000533e-01
3.306666666666666643e-01 5.603333333333333499e-01
3.320000000000000173e-01 5.603333333333333499e-01
3.320000000000000173e-01 5.606666666666666465e-01
3.363333333333333175e-01 5.633333333333333526e-01
3.363333333333333175e-01 5.636666666666666492e-01
3.393333333333333202e-01 5.646666666666666501e-01
3.456666666666666776e-01 5.689999999999999503e-01
3.483333333333333282e-01 5.733333333333333615e-01
3.519999999999999796e-01 5.749999999999999556e-01
3.573333333333333361e-01 5.819999999999999618e-01
3.593333333333333379e-01 5.826666666666666661e-01
3.713333333333333486e-01 5.896666666666666723e-01
3.836666666666666559e-01 6.013333333333333863e-01
3.840000000000000080e-01 6.016666666666666829e-01
3.883333333333333082e-01 6.063333333333332797e-01
3.913333333333333108e-01 6.066666666666666874e-01
3.940000000000000169e-01 6.083333333333332815e-01
3.956666666666666665e-01 6.083333333333332815e-01
3.993333333333333179e-01 6.116666666666666918e-01
4.043333333333333224e-01 6.159999999999999920e-01
4.096666666666666790e-01 6.209999999999999964e-01
4.103333333333333277e-01 6.226666666666667016e-01
4.106666666666666798e-01 6.233333333333332948e-01
4.156666666666666843e-01 6.276666666666667060e-01
4.173333333333333339e-01 6.293333333333333002e-01
4.213333333333333375e-01 6.306666666666667087e-01
4.329999999999999960e-01 6.380000000000000115e-01
4.353333333333333499e-01 6.416666666666667185e-01
4.366666666666666474e-01 6.430000000000000160e-01
4.480000000000000093e-01 6.513333333333333197e-01
4.480000000000000093e-01 6.523333333333333206e-01
4.623333333333333184e-01 6.606666666666666243e-01
4.640000000000000235e-01 6.606666666666666243e-01
4.706666666666666776e-01 6.640000000000000346e-01
4.716666666666666785e-01 6.643333333333333313e-01
4.783333333333333326e-01 6.703333333333333366e-01
4.786666666666666847e-01 6.703333333333333366e-01
4.796666666666666856e-01 6.706666666666666332e-01
4.909999999999999920e-01 6.783333333333333437e-01
5.223333333333333162e-01 6.996666666666666590e-01
5.243333333333333179e-01 7.009999999999999565e-01
5.246666666666666146e-01 7.009999999999999565e-01
5.256666666666666154e-01 7.039999999999999591e-01
5.270000000000000240e-01 7.049999999999999600e-01
5.306666666666666199e-01 7.073333333333333695e-01
5.450000000000000400e-01 7.179999999999999716e-01
5.510000000000000453e-01 7.223333333333333828e-01
5.603333333333333499e-01 7.316666666666666874e-01
5.656666666666666510e-01 7.343333333333332824e-01
5.789999999999999591e-01 7.423333333333332895e-01
5.816666666666666652e-01 7.433333333333332904e-01
5.926666666666666750e-01 7.520000000000000018e-01
5.939999999999999725e-01 7.533333333333332993e-01
5.956666666666666776e-01 7.540000000000000036e-01
6.009999999999999787e-01 7.563333333333333020e-01
6.093333333333332824e-01 7.636666666666667158e-01
6.099999999999999867e-01 7.636666666666667158e-01
6.129999999999999893e-01 7.656666666666667176e-01
6.166666666666666963e-01 7.673333333333333117e-01
6.169999999999999929e-01 7.673333333333333117e-01
6.173333333333332895e-01 7.673333333333333117e-01
6.223333333333332940e-01 7.683333333333333126e-01
6.263333333333332975e-01 7.700000000000000178e-01
6.303333333333333011e-01 7.723333333333333162e-01
6.450000000000000178e-01 7.843333333333333268e-01
6.486666666666666137e-01 7.846666666666666234e-01
6.513333333333333197e-01 7.856666666666666243e-01
6.580000000000000293e-01 7.883333333333333304e-01
6.603333333333333277e-01 7.886666666666666270e-01
6.673333333333333339e-01 7.933333333333333348e-01
6.889999999999999458e-01 8.043333333333333446e-01
6.906666666666666510e-01 8.053333333333333455e-01
6.929999999999999494e-01 8.063333333333333464e-01
6.973333333333333606e-01 8.100000000000000533e-01
7.333333333333332815e-01 8.319999999999999618e-01
7.369999999999999885e-01 8.339999999999999636e-01
7.423333333333332895e-01 8.366666666666666696e-01
7.426666666666666972e-01 8.369999999999999662e-01
7.459999999999999964e-01 8.396666666666666723e-01
7.479999999999999982e-01 8.396666666666666723e-01
7.493333333333332957e-01 8.399999999999999689e-01
7.496666666666667034e-01 8.399999999999999689e-01
7.560000000000000053e-01 8.439999999999999725e-01
7.743333333333333179e-01 8.536666666666666847e-01
7.963333333333333375e-01 8.646666666666666945e-01
7.983333333333333393e-01 8.663333333333332886e-01
8.129999999999999449e-01 8.753333333333332966e-01
8.303333333333333677e-01 8.896666666666667167e-01
8.379999999999999671e-01 8.930000000000000160e-01
8.566666666666666874e-01 9.033333333333333215e-01
8.636666666666666936e-01 9.056666666666666199e-01
8.756666666666667043e-01 9.150000000000000355e-01
8.903333333333333099e-01 9.230000000000000426e-01
9.223333333333333384e-01 9.429999999999999494e-01
9.373333333333333517e-01 9.556666666666666643e-01
9.419999999999999485e-01 9.576666666666666661e-01
9.463333333333333597e-01 9.599999999999999645e-01
9.549999999999999600e-01 9.676666666666666750e-01
9.596666666666666679e-01 9.709999999999999742e-01
9.716666666666666785e-01 9.786666666666666847e-01
9.899999999999999911e-01 9.959999999999999964e-01
9.993333333333332957e-01 9.996666666666667034e-01
9.996666666666667034e-01 9.996666666666667034e-01
1.000000000000000000e+00 1.000000000000000000e+00
