1.801834924313959127e-02
1.801834924313959127e-02
1.801834924313959127e-02
1.801834924313959127e-02
1.801834924313959127e-02
1.801834924313959127e-02
1.801834924313959127e-02
1.801834924313959127e-02
6.896011407235297375e-02
6.896011407235297375e-02
1.392693157477922217e-01
1.392693157477922217e-01
1.392693157477922217e-01
1.392693157477922217e-01
2.576552552960761910e-01
2.576552552960761910e-01
2.576552552960761910e-01
4.692255033892511196e-01
4.692255033892511196e-01
4.692255033892511196e-01
3.783995903094549695e-01
6.297514082860463658e-01
6.297514082860463658e-01
9.556238050432954712e-01
9.556238050432954712e-01
9.556238050432954712e-01
1.117247897174257210e+00
1.117247897174257210e+00
1.234343110615188754e+00
1.234343110615188754e+00
1.361653823550843745e+00
1.366403540112463899e+00
1.451481884702333192e+00
1.465118688799389890e+00
1.476090802791901746e+00
1.476090802791901746e+00
1.476090802791901746e+00
1.541733988374615949e+00
1.587459534157122709e+00
1.587459534157122709e+00
1.548365712086364976e+00
1.578804895332582836e+00
1.518012520557669998e+00
1.531305201477563882e+00
1.547695499817846265e+00
1.548375883117495189e+00
1.548375883117495189e+00
1.560338125824608735e+00
1.509550112210047645e+00
1.509665796928743697e+00
1.420361330078873108e+00
1.463635547739025933e+00
1.478379781107199031e+00
1.432184221220010878e+00
1.320314601316511238e+00
1.332485300984685983e+00
1.321364102754216230e+00
1.584379046111994427e+00
1.251576818913727740e+00
1.251576818913727740e+00
1.124663415654927334e+00
1.268502468866735455e+00
9.281442383992709599e-01
9.848846477094421736e-01
8.911346024598210125e-01
8.158329127350056886e-01
9.888578835600230210e-01
8.260605842256987241e-01
7.634952410029776093e-01
8.751292789374109926e-01
6.996561427795262578e-01
5.777773482746316747e-01
7.597106267726998485e-01
7.848380272870861818e-01
7.242345388061146583e-01
6.302768432162053625e-01
6.828411337222000110e-01
6.519552421945262743e-01
6.766505381401567432e-01
6.218984066330833782e-01
6.217769164227885392e-01
6.423724690700737261e-01
6.212354612816231025e-01
6.213090660578658442e-01
6.211811038636344540e-01
6.062608467066683549e-01
6.065569165229409698e-01
6.045127720787429881e-01
6.045127720787429881e-01
6.045127720787429881e-01
5.987295453965862935e-01
5.987279189590812845e-01
6.022512854490063017e-01
6.022512854490063017e-01
6.022452758712163456e-01
6.022452758712163456e-01
6.022450150714974138e-01
6.022450150714974138e-01
6.022512854490063017e-01
6.026590647071874418e-01
