0.000000000000000000e+00 8.500000000000000611e-02
5.333333333333333155e-03 2.560000000000000053e-01
7.333333333333333197e-03 2.906666666666666843e-01
1.066666666666666631e-02 3.936666666666666647e-01
1.633333333333333165e-02 4.936666666666666425e-01
2.533333333333333270e-02 5.853333333333333721e-01
2.666666666666666838e-02 5.953333333333333810e-01
2.666666666666666838e-02 6.096666666666666901e-01
3.166666666666666935e-02 6.513333333333333197e-01
3.400000000000000244e-02 6.816666666666666430e-01
5.000000000000000278e-02 7.566666666666667096e-01
5.266666666666666718e-02 7.753333333333333188e-01
6.400000000000000133e-02 8.046666666666666412e-01
6.600000000000000311e-02 8.110000000000000542e-01
7.499999999999999722e-02 8.276666666666666616e-01
8.733333333333333226e-02 8.576666666666666883e-01
8.899999999999999578e-02 8.669999999999999929e-01
9.333333333333333759e-02 8.699999999999999956e-01
9.500000000000000111e-02 8.706666666666666998e-01
9.900000000000000466e-02 8.766666666666667052e-01
1.103333333333333388e-01 8.906666666666667176e-01
1.156666666666666676e-01 9.016666666666666163e-01
1.273333333333333262e-01 9.120000000000000329e-01
1.396666666666666612e-01 9.186666666666666314e-01
1.553333333333333233e-01 9.283333333333333437e-01
1.643333333333333313e-01 9.346666666666666456e-01
1.819999999999999951e-01 9.439999999999999503e-01
1.880000000000000004e-01 9.446666666666666545e-01
1.943333333333333302e-01 9.486666666666666581e-01
2.173333333333333228e-01 9.566666666666666652e-01
2.183333333333333237e-01 9.569999999999999618e-01
2.320000000000000118e-01 9.603333333333333721e-01
2.550000000000000044e-01 9.683333333333333792e-01
2.590000000000000080e-01 9.683333333333333792e-01
2.766666666666666718e-01 9.739999999999999769e-01
3.220000000000000084e-01 9.809999999999999831e-01
3.673333333333333450e-01 9.876666666666666927e-01
4.476666666666666572e-01 9.916666666666666963e-01
5.353333333333333277e-01 9.956666666666666998e-01
7.236666666666666803e-01 9.983333333333332948e-01
1.000000000000000000e+00 1.000000000000000000e+00
