9.483870967741935942e+00
9.483870967741935942e+00
5.618181818181818166e+00
3.592592592592593004e+00
3.592592592592593004e+00
4.879120879120879550e+00
4.879120879120879550e+00
2.967105263157895134e+00
2.967105263157895134e+00
2.967105263157895134e+00
2.371020030662637001e+00
2.371020030662637001e+00
1.956427015250544521e+00
1.255264666926793060e+00
1.255264666926793060e+00
1.255264666926793060e+00
9.359605911330048933e-01
9.359605911330048933e-01
6.047904191616765290e-01
6.047904191616765290e-01
4.341463414634146867e-01
3.551401869158878344e-01
3.551401869158878344e-01
2.093023255813953876e-01
1.339150748891980436e-01
1.339150748891980436e-01
1.093474426807760219e-01
9.782125269515530575e-02
1.501251042535446320e-02
1.501251042535446320e-02
1.501251042535446320e-02
1.501251042535446320e-02
1.501251042535446320e-02
1.501251042535446320e-02
1.501251042535446320e-02
3.866562171071622617e-02
3.866562171071622617e-02
1.093474426807760219e-01
1.093474426807760219e-01
1.698113207547169434e-01
2.169576059850374106e-01
2.169576059850374106e-01
3.675213675213675479e-01
3.675213675213675479e-01
3.675213675213675479e-01
3.675213675213675479e-01
5.129310344827585633e-01
5.129310344827585633e-01
7.747280129820487415e-01
7.747280129820487415e-01
9.370629370629371957e-01
9.370629370629371957e-01
9.370629370629371957e-01
1.183320981268879857e+00
1.183320981268879857e+00
1.183320981268879857e+00
1.758620689655172153e+00
1.399723287673324990e+00
1.399723287673324990e+00
1.399723287673324990e+00
1.652220073720445548e+00
1.652220073720445548e+00
1.956427015250544743e+00
1.956427015250544743e+00
1.956427015250544743e+00
1.956427015250544743e+00
2.347619047619047716e+00
2.347619047619047716e+00
2.347619047619047716e+00
2.749999999999999556e+00
2.749999999999999556e+00
3.886956521739130643e+00
2.930413071765893829e+00
2.930413071765893829e+00
2.930413071765893829e+00
2.930413071765893829e+00
2.930413071765893829e+00
2.930413071765893829e+00
2.930413071765893829e+00
2.930413071765893829e+00
4.625000000000000000e+00
4.625000000000000000e+00
4.625000000000000000e+00
3.694576509365281147e+00
3.694576509365281147e+00
3.694576509365281147e+00
2.391304347826086918e+00
2.391304347826086918e+00
1.329626431161960554e+00
1.329626431161960554e+00
1.329626431161960554e+00
6.363636363636364646e-01
6.363636363636364646e-01
4.341463414634147422e-01
4.341463414634147422e-01
4.341463414634147422e-01
9.000000000000001776e+00
9.000000000000001776e+00
9.000000000000001776e+00
0.000000000000000000e+00
