0.000000000000000000e+00 0.000000000000000000e+00
6.666666666666666444e-04 6.666666666666666444e-04
2.666666666666666578e-03 2.666666666666666578e-03
2.566666666666666749e-02 2.900000000000000147e-02
4.200000000000000261e-02 4.700000000000000011e-02
7.566666666666665986e-02 8.033333333333333992e-02
1.179999999999999938e-01 1.173333333333333311e-01
1.983333333333333337e-01 1.990000000000000102e-01
4.239999999999999880e-01 4.373333333333333517e-01
7.293333333333332780e-01 7.409999999999999920e-01
8.896666666666667167e-01 8.906666666666667176e-01
9.270000000000000462e-01 9.300000000000000488e-01
9.736666666666666803e-01 9.763333333333333863e-01
9.766666666666666829e-01 9.789999999999999813e-01
9.926666666666666972e-01 9.929999999999999938e-01
9.966666666666667007e-01 9.949999999999999956e-01
9.983333333333332948e-01 9.959999999999999964e-01
9.993333333333332957e-01 9.976666666666667016e-01
9.996666666666667034e-01 9.979999999999999982e-01
1.000000000000000000e+00 1.000000000000000000e+00
