0.000000000000000000e+00
1.492134831460674249e+01
1.492134831460674249e+01
1.127272727272727337e+01
8.541332149605491253e+00
8.541332149605491253e+00
8.541332149605491253e+00
6.517241379310344307e+00
6.517241379310344307e+00
3.454545454545454586e+00
3.630192317139546265e+00
3.795499535115929302e+00
3.795499535115929302e+00
4.965809203482402623e+00
2.551136363636363313e+00
2.551136363636363313e+00
1.975691475226299731e+00
1.975691475226299731e+00
1.774774774774774189e+00
1.519650655021834051e+00
1.519650655021834051e+00
1.058479532163742576e+00
1.058479532163742576e+00
1.155038759689922534e+00
1.155038759689922534e+00
8.764044943820223921e-01
8.505789398585457128e-01
7.697160883280756982e-01
7.697160883280756982e-01
5.943633417346548820e-01
5.943633417346548820e-01
4.078431372549018996e-01
5.488333387583238521e-01
5.488333387583238521e-01
5.488333387583238521e-01
3.930348258706467535e-01
3.930348258706467535e-01
3.930348258706467535e-01
3.930348258706467535e-01
3.930348258706467535e-01
3.930348258706467535e-01
2.149999999999999967e-01
2.518278211523893861e-01
2.518278211523893861e-01
2.518278211523893861e-01
2.518278211523893861e-01
2.518278211523893861e-01
2.518278211523893861e-01
2.518278211523893861e-01
2.518278211523893861e-01
2.518278211523893861e-01
2.007874015748031815e-01
2.007874015748031815e-01
2.007874015748031815e-01
1.857436600411240535e-01
1.857436600411240535e-01
1.857436600411240535e-01
1.857436600411240535e-01
1.857436600411240535e-01
1.857436600411240535e-01
1.857436600411240535e-01
1.857436600411240535e-01
1.857436600411240535e-01
1.857436600411240535e-01
1.857436600411240535e-01
1.857436600411240535e-01
2.605226449968219282e-01
2.605226449968219282e-01
2.605226449968219282e-01
3.190686078190245745e-01
3.190686078190245745e-01
3.190686078190245745e-01
3.190686078190245745e-01
2.007874015748031815e-01
2.007874015748031815e-01
2.007874015748031815e-01
2.738759847622678767e-01
3.008130081300813274e-01
3.008130081300813274e-01
3.008130081300813274e-01
3.008130081300813274e-01
3.008130081300813274e-01
5.757575757575756903e-01
2.857142857142856984e-01
2.857142857142856984e-01
2.857142857142856984e-01
2.857142857142856984e-01
2.594970757698371044e-01
3.019149101747573560e+00
5.697141999320862737e-01
1.222222222222222321e+00
1.222222222222222321e+00
3.930348258706467535e-01
2.009787886968977588e+00
3.333333333333334259e-01
2.945945945945945166e+00
3.454545454545454586e+00
3.454545454545454586e+00
2.857142857142856984e-01
0.000000000000000000e+00
