0.000000000000000000e+00 0.000000000000000000e+00
1.333333333333333289e-03 1.000000000000000021e-03
4.666666666666667053e-03 5.333333333333333155e-03
8.666666666666666269e-03 8.000000000000000167e-03
1.066666666666666631e-02 1.000000000000000021e-02
5.166666666666666630e-02 4.900000000000000189e-02
8.866666666666667140e-02 8.666666666666666963e-02
8.933333333333333404e-02 8.766666666666667052e-02
4.423333333333333561e-01 4.610000000000000209e-01
8.149999999999999467e-01 8.249999999999999556e-01
9.456666666666666554e-01 9.513333333333333641e-01
9.459999999999999520e-01 9.516666666666666607e-01
9.729999999999999760e-01 9.736666666666666803e-01
9.733333333333333837e-01 9.749999999999999778e-01
9.823333333333332806e-01 9.866666666666666918e-01
9.823333333333332806e-01 9.869999999999999885e-01
9.889999999999999902e-01 9.926666666666666972e-01
9.929999999999999938e-01 9.956666666666666998e-01
9.966666666666667007e-01 9.986666666666667025e-01
9.983333333333332948e-01 1.000000000000000000e+00
1.000000000000000000e+00 1.000000000000000000e+00
