5.885622132376322497e+02
5.885622132376322497e+02
5.885622132376322497e+02
5.885622132376322497e+02
5.885622132376322497e+02
5.885622132376322497e+02
5.885622132376322497e+02
5.885622132376322497e+02
5.885622132376322497e+02
5.885622132376322497e+02
5.885622132376322497e+02
5.885622132376322497e+02
5.885622132376322497e+02
5.885622132376322497e+02
5.885622132376322497e+02
5.885622132376322497e+02
5.885622132376322497e+02
5.885622132376322497e+02
5.885622132376322497e+02
5.885622132376322497e+02
5.885622132376322497e+02
5.885622132376322497e+02
5.885622132376322497e+02
5.885622132376322497e+02
5.885622132376322497e+02
5.885622132376322497e+02
5.885622132376322497e+02
5.885622132376322497e+02
5.885622132376322497e+02
5.885622132376322497e+02
5.885622132376322497e+02
3.279728645194505532e+01
3.279728645194505532e+01
3.279728645194505532e+01
3.279728645194505532e+01
3.279728645194505532e+01
3.279728645194505532e+01
3.279728645194505532e+01
3.279728645194505532e+01
3.279728645194505532e+01
3.279728645194505532e+01
3.279728645194505532e+01
2.438262911982985770e+01
1.606825287105121447e+01
1.606825287105121447e+01
1.606825287105121447e+01
1.606825287105121447e+01
1.220618861272760292e+01
1.220618861272760292e+01
1.220618861272760292e+01
1.220618861272760292e+01
7.190340534392170468e+00
7.190340534392170468e+00
6.957000156473192476e+00
4.823520108488080993e+00
4.299010063468484688e+00
4.823520108488080993e+00
2.754226669089476331e+00
2.754226669089476331e+00
2.754226669089476331e+00
2.754226669089476331e+00
1.006280379775587042e+00
2.250376581226532835e+00
1.480504466796265683e+00
1.480504466796265683e+00
6.594534602102319898e-01
7.568604565833474407e-01
6.880549605303158955e-01
6.070587009123327160e-01
5.791129251130158195e-01
7.950857321683648671e-01
4.462484490150260275e-01
3.064855615621071561e-01
2.300501864649583950e-01
1.160764475398471662e-01
2.357521647708523960e-01
9.809499292986320618e-02
1.802810671777106410e-01
4.660572678542019426e-02
9.489732932332098359e-02
9.489732932332098359e-02
4.660572678542019426e-02
3.477267004830628117e-02
3.477267004830628117e-02
3.477267004830628117e-02
1.888066382457858836e-02
1.888066382457858836e-02
8.886003393047186769e-03
8.886003393047186769e-03
8.886003393047186769e-03
8.886003393047186769e-03
8.886003393047186769e-03
1.481263340625945876e-03
1.481263340625945876e-03
1.481263340625945876e-03
1.481263340625945876e-03
1.481263340625945876e-03
1.481263340625945876e-03
1.481263340625945876e-03
1.481263340625945876e-03
