0.000000000000000000e+00 0.000000000000000000e+00
5.000000000000000104e-03 9.099999999999999756e-02
5.666666666666667074e-03 1.019999999999999934e-01
6.333333333333333176e-03 1.026666666666666700e-01
7.000000000000000146e-03 1.093333333333333379e-01
7.000000000000000146e-03 1.096666666666666623e-01
7.000000000000000146e-03 1.120000000000000023e-01
7.333333333333333197e-03 1.160000000000000059e-01
9.333333333333334106e-03 1.273333333333333262e-01
1.000000000000000021e-02 1.276666666666666783e-01
1.000000000000000021e-02 1.286666666666666792e-01
1.366666666666666724e-02 1.443333333333333413e-01
1.766666666666666732e-02 1.633333333333333304e-01
1.866666666666666821e-02 1.650000000000000078e-01
3.133333333333333109e-02 2.073333333333333417e-01
3.833333333333333037e-02 2.210000000000000020e-01
3.899999999999999994e-02 2.216666666666666785e-01
3.899999999999999994e-02 2.220000000000000029e-01
4.800000000000000100e-02 2.413333333333333441e-01
4.800000000000000100e-02 2.416666666666666685e-01
6.666666666666666574e-02 3.023333333333333428e-01
6.700000000000000400e-02 3.026666666666666394e-01
7.566666666666665986e-02 3.240000000000000102e-01
1.010000000000000064e-01 3.843333333333333601e-01
1.473333333333333439e-01 5.066666666666667096e-01
1.486666666666666692e-01 5.086666666666667114e-01
1.529999999999999971e-01 5.196666666666667211e-01
1.706666666666666610e-01 5.719999999999999529e-01
1.783333333333333437e-01 5.853333333333333721e-01
1.890000000000000013e-01 6.066666666666666874e-01
3.383333333333333193e-01 8.736666666666667025e-01
3.426666666666666750e-01 8.860000000000000098e-01
3.433333333333333237e-01 8.876666666666667149e-01
3.446666666666666767e-01 8.876666666666667149e-01
3.656666666666666399e-01 9.090000000000000302e-01
3.679999999999999938e-01 9.096666666666666234e-01
3.689999999999999947e-01 9.103333333333333277e-01
3.696666666666666434e-01 9.103333333333333277e-01
3.696666666666666434e-01 9.106666666666666243e-01
3.723333333333333495e-01 9.106666666666666243e-01
4.540000000000000147e-01 9.363333333333333508e-01
4.563333333333333131e-01 9.376666666666666483e-01
4.563333333333333131e-01 9.383333333333333526e-01
4.766666666666666829e-01 9.433333333333333570e-01
4.789999999999999813e-01 9.443333333333333579e-01
5.283333333333333215e-01 9.533333333333333659e-01
6.159999999999999920e-01 9.669999999999999707e-01
6.166666666666666963e-01 9.676666666666666750e-01
6.716666666666666341e-01 9.739999999999999769e-01
7.106666666666666687e-01 9.766666666666666829e-01
9.100000000000000311e-01 9.913333333333332886e-01
9.120000000000000329e-01 9.919999999999999929e-01
9.993333333333332957e-01 9.996666666666667034e-01
1.000000000000000000e+00 1.000000000000000000e+00
