1.380000000000000071e+01
3.093259506143336335e+00
2.426235873735766102e+00
2.218074656188605331e+00
1.953406477385851048e+00
2.218074656188605331e+00
2.218074656188605331e+00
1.818737270875763867e+00
1.818737270875763867e+00
1.818737270875763867e+00
1.818737270875763867e+00
1.818737270875763867e+00
1.818737270875763867e+00
1.818737270875763867e+00
1.818737270875763867e+00
1.818737270875763867e+00
2.043872782897388163e+00
2.043872782897388163e+00
2.782407407407407884e+00
2.782407407407407884e+00
2.782407407407407884e+00
3.874645345007388997e+00
3.874645345007388997e+00
3.874645345007388997e+00
4.870967741935483097e+00
6.941176470588235503e+00
1.374639166261634138e+01
2.694697569322351072e+01
2.694697569322351072e+01
2.694697569322351072e+01
2.694697569322351072e+01
2.694697569322351072e+01
2.694697569322351072e+01
2.694697569322351072e+01
1.816884402356863504e+01
4.435897435897435237e+00
4.435897435897435237e+00
4.435897435897435237e+00
3.847457627118644030e+00
1.662650602409638578e+00
1.662650602409638578e+00
9.636363636363636243e-01
9.636363636363636243e-01
9.636363636363636243e-01
9.636363636363636243e-01
3.734491315136476697e-01
3.734491315136476697e-01
3.734491315136476697e-01
3.734491315136476697e-01
3.734491315136476697e-01
3.734491315136476697e-01
2.575107296137338908e-01
2.575107296137338908e-01
2.140950037408289319e-01
2.140950037408289319e-01
1.344956413449563959e-01
1.344956413449563959e-01
1.344956413449563959e-01
1.072621691972105995e-01
1.072621691972105995e-01
1.072621691972105995e-01
9.635128348980777357e-02
9.635128348980777357e-02
9.635128348980777357e-02
9.635128348980777357e-02
9.635128348980777357e-02
9.635128348980777357e-02
9.635128348980777357e-02
9.635128348980777357e-02
9.635128348980777357e-02
9.635128348980777357e-02
7.744874715261958198e-02
7.744874715261958198e-02
7.744874715261958198e-02
7.744874715261958198e-02
7.744874715261958198e-02
9.710196396692372112e-02
9.710196396692372112e-02
9.710196396692372112e-02
1.344956413449564236e-01
1.344956413449564236e-01
1.344956413449564236e-01
1.344956413449564236e-01
1.344956413449564236e-01
1.344956413449564236e-01
3.992394827639234589e-01
9.090909090909089774e-02
5.000000000000000000e-01
2.368421052631579093e-01
2.368421052631579093e-01
5.714285714285712858e-01
5.714285714285712858e-01
3.749999999999999556e+00
3.749999999999999556e+00
3.749999999999999556e+00
3.600000000000000977e-01
3.600000000000000977e-01
3.600000000000000977e-01
1.245961525515098811e-01
8.155569265663512368e+00
