0.000000000000000000e+00 0.000000000000000000e+00
1.666666666666666774e-03 3.850000000000000089e-01
3.333333333333333547e-03 4.906666666666666399e-01
6.666666666666667095e-03 5.520000000000000462e-01
1.133333333333333415e-02 6.426666666666667194e-01
1.733333333333333254e-02 6.870000000000000551e-01
2.066666666666666652e-02 6.949999999999999512e-01
2.199999999999999872e-02 7.029999999999999583e-01
2.633333333333333359e-02 7.359999999999999876e-01
3.766666666666666774e-02 7.996666666666666368e-01
4.033333333333333215e-02 8.020000000000000462e-01
5.033333333333333409e-02 8.213333333333333597e-01
5.033333333333333409e-02 8.216666666666666563e-01
7.299999999999999545e-02 8.659999999999999920e-01
8.400000000000000522e-02 8.763333333333332975e-01
8.966666666666667229e-02 8.833333333333333037e-01
9.466666666666666285e-02 8.876666666666667149e-01
9.966666666666666730e-02 8.923333333333333117e-01
1.086666666666666614e-01 9.066666666666666208e-01
1.096666666666666623e-01 9.066666666666666208e-01
1.380000000000000115e-01 9.236666666666666359e-01
1.816666666666666707e-01 9.376666666666666483e-01
1.829999999999999960e-01 9.383333333333333526e-01
1.913333333333333275e-01 9.403333333333333544e-01
2.023333333333333373e-01 9.463333333333333597e-01
2.416666666666666685e-01 9.546666666666666634e-01
2.426666666666666694e-01 9.553333333333333677e-01
2.813333333333333242e-01 9.629999999999999671e-01
3.536666666666666847e-01 9.696666666666666767e-01
3.563333333333333353e-01 9.709999999999999742e-01
3.589999999999999858e-01 9.709999999999999742e-01
3.606666666666666909e-01 9.716666666666666785e-01
3.896666666666666612e-01 9.749999999999999778e-01
4.939999999999999947e-01 9.853333333333332833e-01
5.456666666666666332e-01 9.876666666666666927e-01
7.113333333333333730e-01 9.959999999999999964e-01
7.686666666666667203e-01 9.979999999999999982e-01
1.000000000000000000e+00 9.993333333333332957e-01
1.000000000000000000e+00 1.000000000000000000e+00
