0.000000000000000000e+00 0.000000000000000000e+00
8.000000000000000167e-03 1.303333333333333288e-01
1.333333333333333419e-02 1.863333333333333230e-01
2.633333333333333359e-02 2.886666666666666825e-01
3.966666666666666952e-02 3.639999999999999902e-01
4.800000000000000100e-02 3.846666666666666567e-01
5.933333333333333515e-02 4.186666666666666869e-01
7.000000000000000666e-02 4.729999999999999760e-01
7.133333333333333193e-02 4.839999999999999858e-01
7.233333333333333282e-02 4.839999999999999858e-01
8.000000000000000167e-02 5.040000000000000036e-01
9.600000000000000200e-02 5.543333333333333446e-01
9.600000000000000200e-02 5.546666666666666412e-01
1.110000000000000014e-01 5.919999999999999707e-01
1.203333333333333338e-01 6.099999999999999867e-01
1.206666666666666721e-01 6.109999999999999876e-01
1.409999999999999865e-01 6.416666666666667185e-01
1.409999999999999865e-01 6.420000000000000151e-01
1.536666666666666736e-01 6.626666666666666261e-01
1.559999999999999998e-01 6.630000000000000338e-01
1.826666666666666716e-01 6.919999999999999485e-01
2.010000000000000120e-01 7.123333333333333739e-01
2.099999999999999922e-01 7.219999999999999751e-01
2.323333333333333361e-01 7.429999999999999938e-01
2.349999999999999867e-01 7.439999999999999947e-01
2.640000000000000124e-01 7.670000000000000151e-01
2.683333333333333126e-01 7.690000000000000169e-01
3.046666666666666412e-01 7.893333333333333313e-01
3.073333333333333472e-01 7.926666666666666305e-01
3.079999999999999960e-01 7.936666666666666314e-01
3.579999999999999849e-01 8.166666666666666519e-01
3.609999999999999876e-01 8.193333333333333579e-01
3.790000000000000036e-01 8.316666666666666652e-01
5.046666666666667078e-01 8.750000000000000000e-01
5.046666666666667078e-01 8.753333333333332966e-01
5.276666666666666172e-01 8.800000000000000044e-01
5.430000000000000382e-01 8.840000000000000080e-01
5.480000000000000426e-01 8.866666666666667140e-01
5.520000000000000462e-01 8.870000000000000107e-01
5.733333333333333615e-01 8.923333333333333117e-01
5.746666666666666590e-01 8.926666666666667194e-01
7.379999999999999893e-01 9.340000000000000524e-01
7.730000000000000204e-01 9.466666666666666563e-01
8.483333333333333837e-01 9.646666666666666723e-01
9.993333333333332957e-01 9.963333333333332931e-01
1.000000000000000000e+00 1.000000000000000000e+00
