1.010710380883033332e+00
1.046918053729766873e+00
1.075016585964094995e+00
1.096592898025178897e+00
1.113047521626924441e+00
1.125545775089673128e+00
1.135020959322208256e+00
1.142201932704693945e+00
1.147648483181471502e+00
1.151785919051816265e+00
1.154935205851070235e+00
1.157337634470836152e+00
1.159174272841813513e+00
1.160580949059711875e+00
1.161659621253741781e+00
1.162486924278124389e+00
1.163120557181522408e+00
1.163604041432207969e+00
1.163970260121591105e+00
1.164244089623255318e+00
1.164444357332786506e+00
1.164585299371777793e+00
1.164677647064107591e+00
1.164729437343885232e+00
1.164746617299069031e+00
1.164733494614158538e+00
1.164693072069665325e+00
1.164627294216148412e+00
1.164537226919978075e+00
1.164423184976418169e+00
1.164284818887514561e+00
1.164121168828891495e+00
1.163930691502856885e+00
1.163711263790927264e+00
1.163460165726764250e+00
1.163174044199847934e+00
1.162848857889577037e+00
1.162479803159269132e+00
1.162061219967096548e+00
1.161586476247448152e+00
1.161047828664927062e+00
1.160436257139630500e+00
1.159741270095545396e+00
1.158950677019088493e+00
1.158050324678681520e+00
1.157023793323367800e+00
1.155852049461301823e+00
1.154513052579946519e+00
1.152981314637265831e+00
1.151227413639079211e+00
1.149217466537040044e+00
1.146912572568634436e+00
1.144268246675324896e+00
1.141233874546919269e+00
1.137752236967985997e+00
1.133759172216576738e+00
1.129183471672265737e+00
1.123947135135919151e+00
1.117966146811651074e+00
1.111151966259271262e+00
1.103413953247223134e+00
1.094662949195963630e+00
1.084816203795128553e+00
1.073803742701290531e+00
1.061576100628557118e+00
1.048113081780733813e+00
1.033432865462404093e+00
1.017600392877286763e+00
1.000733639996865598e+00
9.830062281411263703e-01
9.646449839916341196e-01
9.459216215298299479e-01
9.271386540500599072e-01
9.086107774576952512e-01
8.906439931758846074e-01
8.735153316579397087e-01
8.574559805461630102e-01
8.426399162464485171e-01
8.291790072621593177e-01
8.171243486384534016e-01
8.064726239267751007e-01
7.971757630146556473e-01
7.891520898299601017e-01
7.822974229699801718e-01
7.764950405503332487e-01
7.716238973235525211e-01
7.675648867983952961e-01
7.642052289619329919e-01
7.614412332560658303e-01
7.591797586183063329e-01
7.573386975876500449e-01
7.558467776129371707e-01
7.546429212047757185e-01
7.536753516089736982e-01
7.529005802865355035e-01
7.522823702993604034e-01
7.517907365880085457e-01
7.514010194383036190e-01
7.510930498457943916e-01
7.508504135153756254e-01
