0.000000000000000000e+00
0.000000000000000000e+00
8.466969358834546266e-01
0.000000000000000000e+00
0.000000000000000000e+00
0.000000000000000000e+00
1.415991941673063303e+00
3.933310949091842201e-01
3.933310949091842201e-01
3.933310949091842201e-01
3.933310949091842201e-01
1.050691338584993417e+00
1.050691338584993417e+00
8.432100554525271408e-01
2.643184957789718181e-01
2.643184957789718181e-01
2.643184957789718181e-01
7.147387896064034685e-01
1.579879897885223539e+00
1.579879897885223539e+00
2.396294055139029933e+00
1.258659503709389726e+00
1.132896778557453743e+00
1.132896778557453743e+00
1.132896778557453743e+00
1.132896778557453743e+00
9.583441660979473697e-01
8.091382523846076813e-01
8.091382523846076813e-01
1.170855820039408801e+00
1.132896778557453743e+00
1.132896778557453743e+00
8.029244467934433249e-01
1.579879897885223539e+00
1.579879897885223539e+00
1.050691338584993417e+00
1.050691338584993417e+00
1.050691338584993417e+00
1.813463363897081182e+00
1.132896778557453743e+00
1.132896778557453743e+00
1.132896778557453743e+00
1.132896778557453743e+00
1.132896778557453743e+00
1.132896778557453743e+00
1.132896778557453743e+00
1.132896778557453743e+00
1.132896778557453743e+00
1.132896778557453743e+00
1.132896778557453743e+00
1.050691338584993417e+00
1.170855820039408801e+00
1.170855820039408801e+00
1.170855820039408801e+00
8.029244467934433249e-01
8.029244467934433249e-01
8.029244467934433249e-01
8.029244467934433249e-01
1.050691338584993417e+00
1.050691338584993417e+00
1.050691338584993417e+00
1.050691338584993417e+00
1.050691338584993417e+00
1.050691338584993417e+00
9.583441660979473697e-01
9.583441660979473697e-01
9.583441660979473697e-01
9.583441660979473697e-01
9.583441660979473697e-01
9.583441660979473697e-01
1.170855820039408801e+00
7.181763050577106844e-01
8.432100554525271408e-01
8.432100554525271408e-01
8.432100554525271408e-01
8.432100554525271408e-01
8.432100554525271408e-01
8.432100554525271408e-01
8.432100554525271408e-01
8.432100554525271408e-01
8.432100554525271408e-01
8.432100554525271408e-01
8.432100554525271408e-01
8.432100554525271408e-01
8.432100554525271408e-01
8.466969358834546266e-01
8.466969358834546266e-01
8.466969358834546266e-01
6.256340234461521543e-01
6.256340234461521543e-01
6.256340234461521543e-01
6.256340234461521543e-01
7.389856934657401677e-01
8.466969358834546266e-01
7.181763050577106844e-01
7.181763050577106844e-01
4.506813061669105447e-01
4.982193868849667528e-01
9.583441660979473697e-01
0.000000000000000000e+00
