1.010710380883033332e+00
1.046918053729766873e+00
2.283196500806403684e-01
1.096592898025178897e+00
1.113047521626924441e+00
1.125545775089673128e+00
-2.809709823508550475e-01
7.488708377955097806e-01
7.543173882722873369e-01
7.584548241426321002e-01
7.616041109418860700e-01
1.066462958858427346e-01
1.084829342568200961e-01
3.173708936071847342e-01
8.973411254747699628e-01
8.981684284991525713e-01
8.988020614025505894e-01
4.488652518258045010e-01
-4.159096377636324338e-01
-4.156358082619682204e-01
-1.231849697806243427e+00
-9.407420433761193301e-02
3.178086850665384766e-02
3.183265878643148916e-02
3.184983874161528838e-02
3.183671605670479465e-02
2.063489059717179552e-01
3.554890418315407308e-01
3.553989745353703933e-01
-6.432635062990632591e-03
3.138804033006081795e-02
3.122439027143775192e-02
3.610062447094135596e-01
-4.161686340942962747e-01
-4.164197321584592881e-01
1.124827056148545168e-01
1.121575193045836194e-01
1.117884645742757144e-01
-6.514021439299846339e-01
2.868969768999440895e-02
2.815105010747331882e-02
2.753947858217675737e-02
2.684449153809165267e-02
2.605389846163475021e-02
2.515354612122777667e-02
2.412701476591405658e-02
2.295527090384807956e-02
2.161627402249277630e-02
2.008453607981208755e-02
1.833063508162546817e-02
9.852612795204662710e-02
-2.394324747077436477e-02
-2.658757336408390515e-02
-2.962194549248953201e-02
3.348277901745426721e-01
3.308347254231334134e-01
3.262590248788224123e-01
3.210226883424758260e-01
6.727480822665765636e-02
6.046062767427784479e-02
5.272261466222971649e-02
4.397161061097021317e-02
3.412486521013513574e-02
2.311240411629711389e-02
1.032319345306097480e-01
8.976891568278644318e-02
7.508869936445672355e-02
5.925622677933939375e-02
4.238947389891822848e-02
2.466206204317900053e-02
-2.062108360477746816e-01
2.277453164721192636e-01
8.392859859753276641e-02
6.540072200516811041e-02
4.743393772335746661e-02
3.030527620541256795e-02
1.424592509363586945e-02
-5.701392060786236726e-04
-1.403104819036782303e-02
-2.608570681407373915e-02
-3.673743152575204007e-02
-4.603429243787149350e-02
-5.405796562256703908e-02
-6.091263248254696894e-02
-6.671501490219389208e-02
-7.507303855990210550e-02
-7.913204908505933055e-02
-8.249170692152163475e-02
1.358072098099136760e-01
1.335457351721541785e-01
1.317046741414978905e-01
1.302127541667850164e-01
1.565722773903555076e-02
-9.302158427448092848e-02
3.472427522882481910e-02
3.410606524164971898e-02
3.011094304210980011e-01
2.531816325533368661e-01
-2.072511162521529782e-01
7.508504135153756254e-01
