0.000000000000000000e+00 0.000000000000000000e+00
3.333333333333333222e-04 6.666666666666666444e-04
3.333333333333333222e-04 2.466666666666666660e-02
1.666666666666666774e-03 4.366666666666666613e-02
2.000000000000000042e-03 4.466666666666666702e-02
2.666666666666666578e-03 4.599999999999999922e-02
8.333333333333333218e-03 6.900000000000000577e-02
1.133333333333333415e-02 7.066666666666666929e-02
1.899999999999999953e-02 8.400000000000000522e-02
2.833333333333333190e-02 1.033333333333333326e-01
6.800000000000000488e-02 1.853333333333333222e-01
9.099999999999999756e-02 2.210000000000000020e-01
1.100000000000000006e-01 2.449999999999999956e-01
1.559999999999999998e-01 3.013333333333333419e-01
2.063333333333333408e-01 3.773333333333333539e-01
2.156666666666666732e-01 3.980000000000000204e-01
2.193333333333333246e-01 4.006666666666666710e-01
2.526666666666666505e-01 4.536666666666666625e-01
2.843333333333333268e-01 5.043333333333333002e-01
3.210000000000000075e-01 5.383333333333333304e-01
3.559999999999999831e-01 5.646666666666666501e-01
4.149999999999999800e-01 6.156666666666666954e-01
4.319999999999999951e-01 6.376666666666667149e-01
4.983333333333333504e-01 6.800000000000000488e-01
5.759999999999999565e-01 7.296666666666666856e-01
6.696666666666666323e-01 7.973333333333333384e-01
6.710000000000000409e-01 7.983333333333333393e-01
7.546666666666667078e-01 8.423333333333333783e-01
9.363333333333333508e-01 9.546666666666666634e-01
1.000000000000000000e+00 1.000000000000000000e+00
