4.343423795806433674e-03
4.286424390713472476e-03
4.211153712158299811e-03
4.112309168882166688e-03
3.983235819978059311e-03
3.815640751680504650e-03
3.599265174494714614e-03
3.321513544079168767e-03
2.967041121760827238e-03
2.517304288065291829e-03
1.950081733666841899e-03
1.238979484673219389e-03
2.342350674406912248e-03
1.245183699687402168e-03
-1.048268858372392032e-04
-1.755225151465644728e-03
-3.759522700749418078e-03
-6.177125078275613745e-03
-9.072978816424992488e-03
-9.946860073397623125e-04
-5.060136572426765511e-03
3.507664723576531252e-02
2.954098955015593830e-02
2.315911636574186083e-02
1.586335805112781827e-02
7.595061717071471818e-03
-1.691709902126525833e-03
-1.202642377018325881e-02
-2.341850893106811604e-02
-3.585425031474809288e-02
-4.929442451325005692e-02
5.345189471824451921e-02
3.822820297433093817e-02
3.352307496472417547e-03
-1.318099889547652559e-02
-3.013528213143445988e-02
-4.733258389699979141e-02
-6.458465138291291652e-02
-8.169832757924777589e-02
3.364703059019780174e-02
1.738321027476752434e-02
1.816179876011236871e-03
-1.288872766073501097e-02
-2.658136451982318071e-02
-3.211694306013335165e-02
-5.736053090852555325e-02
-6.728530739919513781e-02
-7.576799821093871401e-02
-8.274298040363581297e-02
-4.911930710749790041e-02
-5.294119178584588692e-02
-5.514475548403607874e-02
-5.571879493498410607e-02
-5.466388818923073600e-02
-5.199217094922059523e-02
-4.772740530245900281e-02
-4.190531741920688891e-02
-3.457415352324311186e-02
-2.579537747667859371e-02
-1.564440935795174958e-02
5.130471671520853150e-02
6.391490851228820436e-02
7.758193678649683012e-02
9.217084942799169678e-02
1.075330075469963509e-01
1.235078269166257625e-01
1.399252625249062243e-01
1.566090108048560081e-01
1.733803336644692550e-01
1.900623379947639080e-01
-1.216325311212073101e-01
-1.056299663710753567e-01
-9.019174488815306923e-02
-7.544412696892721648e-02
-6.149214827102544856e-02
-4.841787431132005270e-02
-3.627970255123535992e-02
-2.511269486529488226e-02
-1.492984305268052481e-02
-5.724107070064210490e-03
2.528974510277448573e-03
9.868318094342631852e-03
1.634418246296598376e-02
2.201509561593728570e-02
2.694497109474824903e-02
3.120052287012109460e-02
3.484904694994805929e-02
3.795660092239971917e-02
4.058658214452393054e-02
4.279868226692351563e-02
4.464818019802474502e-02
4.618552666303776810e-02
4.745617000433810517e-02
4.850057347053637891e-02
4.935437767736794434e-02
5.004866709146393866e-02
5.061030540492961194e-02
5.106231087764467880e-02
5.142424867333494909e-02
5.171262262339348936e-02
