-3.390009042832708985e-03
-3.452220310967479833e-03
-3.512946348425582954e-03
-3.572211664034874445e-03
-3.630040967188996603e-03
-3.686459126499119776e-03
-3.741491130370810936e-03
-3.795162049501588086e-03
-3.847497001269406525e-03
-3.898521115990760677e-03
-3.948259505013318460e-03
-2.753672391094585947e-03
-1.425665459610314656e-03
1.452014414837776712e-05
1.577459309851647618e-03
3.274962565214867283e-03
4.891364805494013979e-03
5.352062061711126972e-03
5.854167710663826796e-03
5.454866354851706234e-03
4.412986446213018610e-03
3.207832626604734116e-03
1.808032603978215747e-03
1.743046713373885837e-04
-1.743200398629074499e-03
-4.008712847498152598e-03
-6.706446176173219698e-03
-9.949053029229659728e-03
-1.389079353985200882e-02
-1.874880505512077633e-02
-2.483897575812443748e-02
-3.263968355618662720e-02
-4.291252822721358662e-02
-5.695023195593207355e-02
-7.714214432490407169e-02
-1.084640800011320572e-01
-1.242106739622146350e-01
-1.298556156376799997e-01
-1.252788385668368587e-01
-1.243783776805633678e-01
-1.306131734468580774e-01
-1.418565712573475190e-01
-1.527335377032983388e-01
-1.631874966237012448e-01
-1.732335185963855828e-01
-1.828890401643316066e-01
-1.921726819250239027e-01
-2.011033569862157311e-01
-2.096996133921980032e-01
-2.179791662606741509e-01
-2.259585838888241716e-01
-2.336530982174155335e-01
-2.410765146160621653e-01
-2.482411995304689700e-01
-2.521356022217910997e-01
-2.523582383580764699e-01
-2.522751360519557284e-01
-2.519844731905047652e-01
-2.514615731540135180e-01
-2.506871777333721241e-01
-2.496467550283159031e-01
-2.483298898591017601e-01
-2.494556538039158777e-01
-2.528236582729437298e-01
-2.556726315123587501e-01
-2.580172224225179001e-01
-2.598730045542325673e-01
-2.612563072899385386e-01
-2.579399695585056218e-01
-2.525294331158249861e-01
-2.470711133028957729e-01
-2.415669399679927221e-01
-2.360189170106870016e-01
-2.304291200031001186e-01
-2.247996935761418236e-01
-2.191328485756787181e-01
-2.134308589948321622e-01
-2.076960586898262129e-01
-2.019308378880269039e-01
-1.961376394980001159e-01
-1.903189552325526002e-01
-1.844773215568269453e-01
-1.786153154745575566e-01
-1.727355501665608362e-01
-1.668406704964409126e-01
-1.609333483992867464e-01
-1.550162781698818382e-01
-1.490921716675410735e-01
-1.431637534552374635e-01
-1.372337558910756705e-01
-1.313049141904711892e-01
-1.253799614775830129e-01
-1.194616238446160050e-01
-1.135526154375463559e-01
-1.076556335866805103e-01
-1.017733540001501957e-01
-9.590842603807581135e-02
-9.006346808460730102e-02
-8.424106303445566546e-02
-7.844375390982438745e-02
