1.081897233903020172e+00
1.081834412927210165e+00
1.081773096194879269e+00
1.081713258638021147e+00
1.081654875000862326e+00
1.081597919881244652e+00
1.081542367770044644e+00
1.081488193088647964e+00
1.081435370224504311e+00
1.081383873564787157e+00
1.081333677528196535e+00
1.082540072484352578e+00
1.083883207899743795e+00
1.085342186491511818e+00
1.086928335753150066e+00
1.088654374138298131e+00
1.090260446521207127e+00
1.090455423978609284e+00
1.090669111924866819e+00
1.089769313495762670e+00
1.088064988836572544e+00
1.086127930236145067e+00
1.083917910059603251e+00
1.081385349271893670e+00
1.078468362088947918e+00
1.075088575202616692e+00
1.071145075473130204e+00
1.066505414980390531e+00
1.060991832478033636e+00
1.054359392521980965e+00
1.046259836805253363e+00
1.036178781954979033e+00
1.023319850815011423e+00
1.006374280828683743e+00
9.830166261516393167e-01
9.486495472278549945e-01
9.309561146764613326e-01
9.234589560844761458e-01
9.255469176333130932e-01
9.244530095710532525e-01
9.168939087162613077e-01
9.050281511827849013e-01
8.940394418574362234e-01
8.838750103514416701e-01
8.744341732137197454e-01
8.656312133640975404e-01
8.573929529829422691e-01
8.496568091427587621e-01
8.423692118356966851e-01
8.354842967576001644e-01
8.289628089690146417e-01
8.227711708991019002e-01
8.168806808388915375e-01
8.112668173156758478e-01
8.084860486440410554e-01
8.087901336442202549e-01
8.093635402695713577e-01
8.101237971667379911e-01
8.110891832927072942e-01
8.122739946725711091e-01
8.136891110499713253e-01
8.153424877708558283e-01
8.148705936984770304e-01
8.124449688024664162e-01
8.104606996772277805e-01
8.089014039946921253e-01
8.077508410424285579e-01
8.069929745131535492e-01
8.099885502963330985e-01
8.146795686047106910e-01
8.194416702411160269e-01
8.242741509551343437e-01
8.291762171405967496e-01
8.341469845832276686e-01
8.391854774075497847e-01
8.442906272350312324e-01
8.494612725649406393e-01
8.546961583887451308e-01
8.599939360481516637e-01
8.653531633460687100e-01
8.707723049188225151e-01
8.762497328769446314e-01
8.817837277207141167e-01
8.873724795354358541e-01
8.930140894701354970e-01
8.987065715019930678e-01
9.044478544873901793e-01
9.102357844989712454e-01
9.160681274465629631e-01
9.219425719782414763e-01
9.278567326562315865e-01
9.338081534007185436e-01
9.397943111930591176e-01
9.458126200282890306e-01
9.518604351052790680e-01
9.579350572413841691e-01
9.640337374969891737e-01
9.701536819939862166e-01
9.762920569109401203e-01
9.824459936365043111e-01
