3.956973979906908134e-03
3.905147274438802718e-03
3.836703298960797426e-03
3.746816383826123698e-03
3.629427934863760363e-03
3.476984539241723127e-03
3.280136331061389576e-03
3.027394300490371393e-03
2.704746840898608617e-03
2.295238040288305470e-03
1.778513128135261745e-03
1.130340163578158474e-03
2.139770018902420468e-03
1.138062696829478249e-03
-9.586794400584519593e-05
-1.606428981268726019e-03
-3.443977132745912328e-03
-5.664947042840928759e-03
-8.331779652969162342e-03
-9.197420501643183144e-04
-4.687703048178226695e-03
3.326305499105708385e-02
2.808658265319330383e-02
2.208535805892930526e-02
1.518034519530164772e-02
7.296808064542137373e-03
-1.632553447165285831e-03
-1.166417278792630796e-02
-2.284002149677921700e-02
-3.518401671850912571e-02
-4.869862735577301649e-02
5.647731741028017005e-02
4.071416077012757206e-02
3.564168613586549128e-03
-1.413850258816040650e-02
-3.262335691193340992e-02
-5.172888897369021244e-02
-7.126920158914384906e-02
-9.103749888159851089e-02
4.086035526053088951e-02
2.131821745223794196e-02
2.248685875025469016e-03
-1.610500377404600059e-02
-3.350352300821946017e-02
-4.098768070565350641e-02
-7.310124226981218332e-02
-8.631017976397303837e-02
-9.773979933918253149e-02
-1.072367925871943184e-01
-6.550691212675585628e-02
-7.078845897932406483e-02
-7.384633861297318358e-02
-7.464446927827894651e-02
-7.317824224050772930e-02
-6.947438049529652826e-02
-6.359032071061665459e-02
-5.561312579126986844e-02
-4.565793093232184408e-02
-3.386592365281260175e-02
-2.040185919964676575e-02
6.891131822718499222e-02
8.514611553764384055e-02
1.024489012749985051e-01
1.205943136226350632e-01
1.393521310929481949e-01
1.584918878969410194e-01
1.777875430303574866e-01
1.970220544368932458e-01
2.159916952002332025e-01
2.345099446904388429e-01
-1.234603121783734991e-01
-1.063197629948757772e-01
-9.005755092899203618e-02
-7.476594980554596148e-02
-6.051146284136121878e-02
-4.733564783144972310e-02
-3.525668396705317065e-02
-2.427154969553324548e-02
-1.435865632284949456e-02
-5.480771372488923987e-03
2.411931387105603619e-03
9.378843840330830517e-03
1.548604288065069667e-02
2.080365460804634026e-02
2.540353088551228211e-02
2.935727705440660529e-02
3.273464414836446679e-02
3.560227803608517760e-02
3.802280210349273659e-02
4.005419928833031662e-02
4.174945301211163695e-02
4.315640407442256077e-02
4.431778104275974073e-02
4.527136425975575307e-02
4.605024755548559057e-02
4.668316647485282189e-02
4.719486682301710090e-02
4.760649223943991259e-02
4.793597409164895851e-02
4.819841108595968038e-02
