0.000000000000000000e+00 0.000000000000000000e+00
5.000000000000000104e-04 8.999999999999999754e-04
5.260000000000000092e-02 1.753000000000000114e-01
1.063000000000000056e-01 4.562999999999999834e-01
1.121000000000000052e-01 4.874999999999999889e-01
1.426000000000000045e-01 6.088000000000000078e-01
1.648999999999999910e-01 7.165000000000000258e-01
1.655999999999999972e-01 7.188999999999999835e-01
1.895000000000000018e-01 7.491999999999999771e-01
2.341999999999999915e-01 8.409999999999999698e-01
2.343999999999999972e-01 8.418999999999999817e-01
2.379000000000000004e-01 8.424000000000000377e-01
3.569999999999999840e-01 9.062000000000000055e-01
5.201000000000000068e-01 9.827000000000000179e-01
5.436999999999999611e-01 9.872999999999999554e-01
6.610000000000000320e-01 9.967000000000000304e-01
1.000000000000000000e+00 1.000000000000000000e+00
