7.854562725701823567e-01
8.246842401539631329e-01
8.630383631815029544e-01
9.005297593114641730e-01
9.371698594000237303e-01
9.729703779460283641e-01
1.007943284470348422e+00
1.042100775855959949e+00
1.075455249669835300e+00
1.108019278482612613e+00
1.139805585197133597e+00
1.170827019392503665e+00
1.201096534686083794e+00
1.230627167112009257e+00
1.259432014511235209e+00
1.287524216924890608e+00
1.314916937979742739e+00
1.341623347251921228e+00
1.367656603592652953e+00
1.393029839397635250e+00
1.417756145799793366e+00
1.441848558763538568e+00
1.465320046057241976e+00
1.488183495079417717e+00
1.510451701513164657e+00
1.532137358782552194e+00
1.553253048284063409e+00
1.573811230365689262e+00
1.593824236025995100e+00
1.613304259305256227e+00
1.632263350340741992e+00
1.650713409058262027e+00
1.668666179472258593e+00
1.686133244566987210e+00
1.703126021731661055e+00
1.719655758722853145e+00
1.735733530127916868e+00
1.751370234303742057e+00
1.766576590765712940e+00
1.781363138002401980e+00
1.795740231692155131e+00
1.809718043298432555e+00
1.823306559021493412e+00
1.836515579084707639e+00
1.849354717334563469e+00
1.861833401134156407e+00
1.873960871530725214e+00
1.885746183678550292e+00
1.897198207499279032e+00
1.908325628562509868e+00
1.919136949170187068e+00
1.929640489629119715e+00
1.939844389696625981e+00
1.949756610185045647e+00
1.929254712878754718e+00
1.893046873689169018e+00
1.856590632741301317e+00
1.819901058690196249e+00
1.782993638499215994e+00
1.745884253369363925e+00
1.708589153185211762e+00
1.671124929556613292e+00
1.633508487544447441e+00
1.595757016167129283e+00
1.557887957792703393e+00
1.519918976528734200e+00
1.481867925728961977e+00
1.443752814741706691e+00
1.405591775030164525e+00
1.367403025799095451e+00
1.329204839265799798e+00
1.291015505715745082e+00
1.252853298484742250e+00
1.214736439010029700e+00
1.176683062092187315e+00
1.138711181508305303e+00
1.100838656114414338e+00
1.063083156571774879e+00
1.025462132827351436e+00
9.879927824736010056e-01
9.506920201067721177e-01
9.135764477961491048e-01
8.766623267692933430e-01
8.399655504102995218e-01
8.035016186595855814e-01
7.672856138946783089e-01
7.313321783622073191e-01
6.956554932216110210e-01
6.602692592513478287e-01
6.251866792584584998e-01
5.904204422224473836e-01
5.559827091946383248e-01
5.218851009644722705e-01
4.881386874947665766e-01
4.547539791188396907e-01
4.217409194835963770e-01
3.891088802143145009e-01
3.568666572689910832e-01
3.250224689427045344e-01
2.935839554756833336e-01
