-2.640154708450039411e+00
-2.640154708450039411e+00
-2.640154708450039411e+00
-2.640154708450038967e+00
-2.640154708450039411e+00
-2.640154708450038967e+00
-2.640154708450038967e+00
-2.640154708450038967e+00
-2.640154708450038967e+00
-2.640154708450038967e+00
-2.640154708450038967e+00
-2.640154708450038967e+00
-2.640154708450039411e+00
-2.640154708450038967e+00
-2.640154708450038967e+00
-2.640154708450039411e+00
-2.636387548803400094e+00
-2.611204969165928258e+00
-2.584317596665677730e+00
-2.555604074254114177e+00
-2.524931975691763864e+00
-2.492156145497838704e+00
-2.457116665513273901e+00
-2.419636345302037306e+00
-2.379517600450354209e+00
-2.336538536892192042e+00
-2.290447994835617784e+00
-2.240959213677918616e+00
-2.187741645339758012e+00
-2.130410245053804275e+00
-2.068511268596662678e+00
-2.001503140517247203e+00
-1.928730220155769226e+00
-1.849386085627677589e+00
-1.762460916008741663e+00
-1.666663969508783261e+00
-1.560305580034625050e+00
-1.441110381851902877e+00
-1.305907316391985429e+00
-1.150083914932122031e+00
-9.665505954677071632e-01
-7.726289925034668382e-01
-6.026356930120149169e-01
-4.509922192871789193e-01
-3.136731164696735519e-01
-1.878796023943860583e-01
-7.159022216290500396e-02
3.669990140214340890e-02
1.381389242466288803e-01
2.336207718648484200e-01
3.238533472725935169e-01
4.094053819462797339e-01
4.907395052122729417e-01
5.682361472020662774e-01
6.422111822437023276e-01
7.129291973972423646e-01
7.806136395010797591e-01
8.454546930921866821e-01
9.076154804622538208e-01
9.672370012984654597e-01
1.024442111336719030e+00
1.079338757884220623e+00
1.132022632791078731e+00
1.182579362663299882e+00
1.231086326705345790e+00
1.277614171155670997e+00
1.322228073526464431e+00
1.364988798190171604e+00
1.378218635083999555e+00
1.378218635083999555e+00
1.378218635083999555e+00
1.378218635083999555e+00
1.378218635083999555e+00
1.378218635083999333e+00
1.378218635083999555e+00
1.378218635083999555e+00
1.378218635083999555e+00
1.378218635083999777e+00
1.378218635083999777e+00
1.378218635083999555e+00
1.378218635083999999e+00
1.378218635083999555e+00
1.378218635083999555e+00
1.378218635083999777e+00
1.378218635083999555e+00
1.378218635083999333e+00
1.378218635083999555e+00
1.378218635083999555e+00
1.378218635083999777e+00
1.378218635083999555e+00
1.378218635083999555e+00
1.378218635083999555e+00
1.378218635083999333e+00
1.378218635083999777e+00
1.378218635083999555e+00
1.378218635083999555e+00
1.378218635083999555e+00
1.378218635083999999e+00
1.378218635083999555e+00
1.378218635083999999e+00
