8.063834122423226003e-02
8.063834122423226003e-02
8.063834122423227391e-02
8.063834122423224615e-02
8.063834122423226003e-02
8.063834122423224615e-02
8.063834122423226003e-02
8.063834122423224615e-02
8.063834122423224615e-02
8.063834122423224615e-02
8.063834122423226003e-02
8.063834122423226003e-02
8.063834122423223227e-02
8.063834122423226003e-02
8.063834122423224615e-02
8.063834122423226003e-02
8.063834122423224615e-02
8.063834122423226003e-02
8.063834122423224615e-02
8.933111910876659345e-02
1.045257662405273957e-01
1.219599503335247470e-01
1.420640424875217467e-01
1.653810436846266940e-01
1.926060539406899697e-01
2.246436330706605977e-01
2.626932902406784454e-01
3.083806289541489165e-01
3.639653733949059222e-01
4.326845518030867921e-01
5.193457244158882213e-01
6.314121766224383148e-01
7.811323952143600646e-01
9.901101644699127347e-01
1.300349250136684010e+00
1.805782069472556373e+00
2.158116228506771428e+00
2.413786795657961726e+00
2.672130976444586636e+00
2.931937653317104431e+00
3.191967942347131881e+00
3.450978693543577336e+00
3.707746163169355125e+00
3.961088906031250190e+00
4.209888989087968270e+00
4.453110740755684915e+00
4.689816411511039007e+00
4.919178314997466828e+00
5.140487226857726633e+00
5.353157023076483334e+00
5.556725725013390793e+00
5.750853272500697777e+00
5.935316461833420654e+00
6.110001559279860217e+00
6.274895134118868789e+00
6.285560758424811212e+00
6.285560758424810324e+00
6.285560758424811212e+00
6.285560758424810324e+00
6.285560758424810324e+00
6.285560758424811212e+00
6.285560758424810324e+00
6.285560758424810324e+00
6.285560758424811212e+00
6.285560758424809435e+00
6.285560758424810324e+00
6.285560758424810324e+00
6.285560758424810324e+00
6.285560758424810324e+00
6.285560758424810324e+00
6.285560758424811212e+00
6.285560758424810324e+00
6.285560758424810324e+00
6.285560758424810324e+00
6.285560758424811212e+00
6.285560758424809435e+00
6.285560758424809435e+00
6.285560758424811212e+00
6.285560758424810324e+00
6.285560758424810324e+00
6.285560758424809435e+00
6.285560758424811212e+00
6.285560758424810324e+00
6.285560758424810324e+00
6.285560758424810324e+00
6.285560758424811212e+00
6.285560758424810324e+00
6.285560758424810324e+00
6.285560758424811212e+00
6.285560758424810324e+00
6.285560758424809435e+00
6.285560758424811212e+00
6.285560758424809435e+00
6.285560758424809435e+00
6.285560758424810324e+00
6.285560758424809435e+00
6.285560758424810324e+00
6.285560758424810324e+00
6.285560758424809435e+00
6.285560758424809435e+00
