-5.622267774246473948e+00
-5.622267774246473948e+00
-5.622267774246473948e+00
-5.622267774246473948e+00
-5.622267774246473948e+00
-5.622267774246473948e+00
-5.622267774246473948e+00
-5.622267774246473948e+00
-5.622267774246473948e+00
-5.622267774246473948e+00
-5.622267774246473948e+00
-5.622267774246473948e+00
-5.622267774246473948e+00
-5.622267774246473948e+00
-5.622267774246473948e+00
-5.622267774246473948e+00
-5.622267774246473948e+00
-5.622267774246473948e+00
-5.622267774246473948e+00
-5.622267774246473948e+00
-5.622267774246473948e+00
-2.873277112622150575e+00
-2.873277112622150575e+00
-2.873277112622150575e+00
-2.873277112622150575e+00
-2.873277112622150575e+00
-2.873277112622150575e+00
-2.873277112622150575e+00
-2.873277112622150575e+00
-2.873277112622150575e+00
-2.873277112622150575e+00
-1.500179060061175518e+00
-1.500179060061175518e+00
-1.500179060061175518e+00
-1.500179060061175518e+00
-1.500179060061175518e+00
-1.500179060061175518e+00
-1.500179060061175518e+00
-1.500179060061175518e+00
-5.412920787068897788e-01
-5.412920787068897788e-01
-5.412920787068897788e-01
-5.412920787068897788e-01
-5.412920787068897788e-01
-5.412920787068897788e-01
-5.412920787068897788e-01
-5.412920787068897788e-01
-5.412920787068897788e-01
-5.412920787068897788e-01
-1.721936608401501978e-01
-1.721936608401501978e-01
-1.721936608401501978e-01
-1.721936608401501978e-01
-1.721936608401501978e-01
-1.721936608401501978e-01
-1.721936608401501978e-01
-1.721936608401501978e-01
-1.721936608401501978e-01
-1.721936608401501978e-01
-1.721936608401501978e-01
-1.721936608401501978e-01
-1.721936608401501978e-01
-1.721936608401501978e-01
-1.721936608401501978e-01
-1.721936608401501978e-01
-1.721936608401501978e-01
-1.721936608401501978e-01
-1.721936608401501978e-01
-1.721936608401501978e-01
-1.721936608401501978e-01
-1.721936608401501978e-01
-1.721936608401501978e-01
-1.721936608401501978e-01
-1.721936608401501978e-01
-1.721936608401501978e-01
-1.721936608401501978e-01
-1.721936608401501978e-01
-1.721936608401501978e-01
-1.721936608401501978e-01
-1.721936608401501978e-01
-1.721936608401501978e-01
-1.721936608401501978e-01
-1.721936608401501978e-01
-1.721936608401501978e-01
-1.721936608401501978e-01
-1.721936608401501978e-01
-1.721936608401501978e-01
-1.721936608401501978e-01
-1.721936608401501978e-01
-1.721936608401501978e-01
-1.721936608401501978e-01
-1.721936608401501978e-01
-1.721936608401501978e-01
-1.721936608401501978e-01
-1.721936608401501978e-01
-1.721936608401501978e-01
-1.721936608401501978e-01
-1.721936608401501978e-01
-1.721936608401501978e-01
-1.721936608401501978e-01
