1.392191277279200001e-01
1.392191277279200001e-01
1.392191277279200001e-01
1.392191277279200001e-01
1.392191277279200001e-01
1.392191277279200001e-01
1.392191277279200001e-01
1.392191277279200001e-01
1.392191277279200001e-01
1.392191277279200001e-01
1.392191277279200001e-01
1.392191277279200001e-01
1.392191277279200001e-01
1.392191277279200001e-01
1.392191277279200001e-01
1.392191277279200001e-01
1.392191277279200001e-01
1.392191277279200001e-01
1.392191277279200001e-01
3.762196288502008268e-01
3.762196288502008268e-01
3.762196288502008268e-01
3.762196288502008268e-01
3.762196288502008268e-01
3.762196288502008268e-01
3.762196288502008268e-01
3.762196288502008268e-01
3.762196288502008268e-01
3.762196288502008268e-01
3.762196288502008268e-01
3.762196288502008268e-01
3.762196288502008268e-01
3.762196288502008268e-01
8.886885984677782568e-01
8.886885984677782568e-01
8.886885984677782568e-01
8.886885984677782568e-01
8.886885984677782568e-01
8.886885984677782568e-01
8.886885984677782568e-01
8.886885984677782568e-01
8.886885984677782568e-01
8.886885984677782568e-01
8.886885984677782568e-01
8.886885984677782568e-01
2.469219219219219053e+00
2.469219219219219053e+00
2.469219219219219053e+00
2.469219219219219053e+00
2.469219219219219053e+00
2.469219219219219053e+00
2.469219219219219053e+00
2.469219219219219053e+00
2.469219219219219053e+00
2.469219219219219053e+00
2.469219219219219053e+00
2.469219219219219053e+00
2.469219219219219053e+00
2.469219219219219053e+00
2.469219219219219053e+00
1.394793057409879822e+01
1.394793057409879822e+01
1.394793057409879822e+01
1.394793057409879822e+01
1.394793057409879822e+01
1.394793057409879822e+01
1.394793057409879822e+01
1.394793057409879822e+01
1.394793057409879822e+01
1.394793057409879822e+01
1.394793057409879822e+01
1.394793057409879822e+01
1.394793057409879822e+01
1.394793057409879822e+01
1.394793057409879822e+01
1.394793057409879822e+01
1.394793057409879822e+01
1.394793057409879822e+01
1.394793057409879822e+01
1.394793057409879822e+01
1.394793057409879822e+01
1.394793057409879822e+01
1.394793057409879822e+01
1.394793057409879822e+01
1.394793057409879822e+01
1.394793057409879822e+01
1.394793057409879822e+01
1.394793057409879822e+01
1.394793057409879822e+01
1.394793057409879822e+01
1.394793057409879822e+01
1.394793057409879822e+01
1.394793057409879822e+01
1.394793057409879822e+01
1.394793057409879822e+01
1.394793057409879822e+01
1.394793057409879822e+01
1.394793057409879822e+01
1.394793057409879822e+01
1.394793057409879822e+01
