2.733335401276926646e+00
2.733335401276926646e+00
2.733335401276926646e+00
2.733335401276926646e+00
2.733335401276926646e+00
2.733335401276926646e+00
2.733335401276926646e+00
2.733335401276926646e+00
2.733335401276926646e+00
2.733335401276926646e+00
2.733335401276926646e+00
2.733335401276926646e+00
2.733335401276926646e+00
2.733335401276926646e+00
2.733335401276926646e+00
2.733335401276926646e+00
2.733335401276926646e+00
2.733335401276926646e+00
2.733335401276926646e+00
1.753715892937364185e+00
1.753715892937364185e+00
1.753715892937364185e+00
1.753715892937364185e+00
1.753715892937364185e+00
1.753715892937364185e+00
1.753715892937364185e+00
1.753715892937364185e+00
1.753715892937364185e+00
1.753715892937364185e+00
1.753715892937364185e+00
1.753715892937364185e+00
1.753715892937364185e+00
1.753715892937364185e+00
8.487419691268216493e-01
8.487419691268216493e-01
8.487419691268216493e-01
8.487419691268216493e-01
8.487419691268216493e-01
8.487419691268216493e-01
8.487419691268216493e-01
8.487419691268216493e-01
8.487419691268216493e-01
8.487419691268216493e-01
8.487419691268216493e-01
8.487419691268216493e-01
-1.220142431600275135e-01
-1.220142431600275135e-01
-1.220142431600275135e-01
-1.220142431600275135e-01
-1.220142431600275135e-01
-1.220142431600275135e-01
-1.220142431600275135e-01
-1.220142431600275135e-01
-1.220142431600275135e-01
-1.220142431600275135e-01
-1.220142431600275135e-01
-1.220142431600275135e-01
-1.220142431600275135e-01
-1.220142431600275135e-01
-1.220142431600275135e-01
-1.919636977694924918e+00
-1.919636977694924918e+00
-1.919636977694924918e+00
-1.919636977694924918e+00
-1.919636977694924918e+00
-1.919636977694924918e+00
-1.919636977694924918e+00
-1.919636977694924918e+00
-1.919636977694924918e+00
-1.919636977694924918e+00
-1.919636977694924918e+00
-1.919636977694924918e+00
-1.919636977694924918e+00
-1.919636977694924918e+00
-1.919636977694924918e+00
-1.919636977694924918e+00
-1.919636977694924918e+00
-1.919636977694924918e+00
-1.919636977694924918e+00
-1.919636977694924918e+00
-1.919636977694924918e+00
-1.919636977694924918e+00
-1.919636977694924918e+00
-1.919636977694924918e+00
-1.919636977694924918e+00
-1.919636977694924918e+00
-1.919636977694924918e+00
-1.919636977694924918e+00
-1.919636977694924918e+00
-1.919636977694924918e+00
-1.919636977694924918e+00
-1.919636977694924918e+00
-1.919636977694924918e+00
-1.919636977694924918e+00
-1.919636977694924918e+00
-1.919636977694924918e+00
-1.919636977694924918e+00
-1.919636977694924918e+00
-1.919636977694924918e+00
-1.919636977694924918e+00
