-4.077649683649930523e+00
-4.077649683649930523e+00
-4.077649683649930523e+00
-4.077649683649930523e+00
-4.077649683649930523e+00
-4.077649683649930523e+00
-4.077649683649930523e+00
-4.077649683649930523e+00
-4.077649683649930523e+00
-4.077649683649930523e+00
-4.077649683649930523e+00
-4.077649683649930523e+00
-5.728416008352592570e-01
-5.728416008352592570e-01
-5.728416008352592570e-01
-5.728416008352592570e-01
-5.728416008352592570e-01
-5.728416008352592570e-01
-5.728416008352592570e-01
-5.728416008352592570e-01
-5.728416008352592570e-01
-5.728416008352592570e-01
-5.728416008352592570e-01
-5.728416008352592570e-01
-5.728416008352592570e-01
-5.728416008352592570e-01
-5.728416008352592570e-01
-5.728416008352592570e-01
-5.728416008352592570e-01
-5.728416008352592570e-01
-5.728416008352592570e-01
-5.728416008352592570e-01
-5.728416008352592570e-01
-5.728416008352592570e-01
-5.728416008352592570e-01
-5.728416008352592570e-01
-5.728416008352592570e-01
-5.728416008352592570e-01
-5.728416008352592570e-01
-5.728416008352592570e-01
-5.728416008352592570e-01
-5.728416008352592570e-01
-5.728416008352592570e-01
-5.728416008352592570e-01
-4.027551800773059298e-01
-4.027551800773059298e-01
-4.027551800773059298e-01
-4.027551800773059298e-01
-4.027551800773059298e-01
-4.027551800773059298e-01
-4.027551800773059298e-01
-4.027551800773059298e-01
-4.027551800773059298e-01
-4.027551800773059298e-01
-4.027551800773059298e-01
-4.027551800773059298e-01
-4.027551800773059298e-01
-4.027551800773059298e-01
-4.027551800773059298e-01
-4.027551800773059298e-01
-4.027551800773059298e-01
-4.027551800773059298e-01
-4.027551800773059298e-01
-4.027551800773059298e-01
-4.027551800773059298e-01
-4.027551800773059298e-01
-4.027551800773059298e-01
-4.027551800773059298e-01
-4.027551800773059298e-01
-4.027551800773059298e-01
-3.090816002573761878e+00
-3.090816002573761878e+00
-3.090816002573761878e+00
-3.090816002573761878e+00
-3.090816002573761878e+00
-3.090816002573761878e+00
-3.090816002573761878e+00
-3.090816002573761878e+00
-3.090816002573761878e+00
-3.090816002573761878e+00
-3.090816002573761878e+00
-3.090816002573761878e+00
-3.090816002573761878e+00
-3.090816002573761878e+00
-3.090816002573761878e+00
-3.090816002573761878e+00
-3.090816002573761878e+00
-3.090816002573761878e+00
-3.090816002573761878e+00
-3.090816002573761878e+00
-3.090816002573761878e+00
-3.090816002573761878e+00
-3.090816002573761878e+00
-3.090816002573761878e+00
-3.090816002573761878e+00
-3.090816002573761878e+00
-3.090816002573761878e+00
-3.090816002573761878e+00
-3.090816002573761878e+00
-3.090816002573761878e+00
