3.187128779305582693e+00
3.134304048379538354e+00
3.081267576483883275e+00
3.028003748829332764e+00
2.974496241348564940e+00
2.920728043062045476e+00
2.866681487018100771e+00
2.812338290536228413e+00
2.757679605437872716e+00
2.702686078882430731e+00
2.647337925335880637e+00
2.591615010083506920e+00
2.535496944555347909e+00
2.478963193562902401e+00
2.421993194348575518e+00
2.364566487126908534e+00
2.306662856551434437e+00
2.248262483277163604e+00
2.189346104511582958e+00
2.129895182163484613e+00
2.069892076917096979e+00
2.009320226288012101e+00
1.948164324467478226e+00
1.886410501543226426e+00
1.824046499508722885e+00
1.761061842348623951e+00
1.697447997425137967e+00
1.633198525395298306e+00
1.568309215967750969e+00
1.502778206961965735e+00
1.436606084362005431e+00
1.369795961357253677e+00
1.302353534726565343e+00
1.234287117340050699e+00
1.165607646011249443e+00
1.096328664416970966e+00
1.026466281296437799e+00
9.560391046287550765e-01
8.850681529520398882e-01
8.135767454133815413e-01
7.415903725131860469e-01
6.691365498195032124e-01
5.962446571700881215e-01
5.229457660475675951e-01
4.492724579049389710e-01
3.752586362365954997e-01
3.009393351385614146e-01
2.263505269877206239e-01
1.515289317020087623e-01
7.651182983184501296e-02
1.336881487883356812e-03
-7.395804715791731709e-02
-1.493350483416513441e-01
-2.247563269751098325e-01
-3.001843438186244661e-01
-3.755819469330585747e-01
-4.509124910341935077e-01
-5.261399446001382429e-01
-6.012289847847727131e-01
-6.761450803661488429e-01
-7.508545631074281523e-01
-8.253246880298310550e-01
-8.995236831932023058e-01
-9.734207896518976000e-01
-1.046986292303802468e+00
-1.120191542380837735e+00
-1.193008972342654683e+00
-1.265412103933988952e+00
-1.337375550152724912e+00
-1.408875011852446679e+00
-1.479887269672258032e+00
-1.550390171949907803e+00
-1.620362619233439716e+00
-1.689784545963225693e+00
-1.758636899851590218e+00
-1.826901619442327540e+00
-1.894561610288195030e+00
-1.961600720141466248e+00
-2.028003713511573380e+00
-2.093756245904939473e+00
-2.158844838025689938e+00
-2.223256850182175448e+00
-2.286980457113198639e+00
-2.350004623419488237e+00
-2.412319079760390839e+00
-2.473914299952709950e+00
-2.534781479088091150e+00
-2.594912512767225454e+00
-2.654299977533123744e+00
-2.712937112571819132e+00
-2.770817802736797564e+00
-2.827936562943065280e+00
-2.884288523967982076e+00
-2.939869419688532215e+00
-2.994675575778455112e+00
-3.048703899883541624e+00
-3.101951873289131356e+00
-3.154417544090405645e+00
-3.206099521873297054e+00
-3.256996973911516768e+00
