7.252510760401721157e+00
7.252510760401721157e+00
7.252510760401721157e+00
7.252510760401721157e+00
7.252510760401721157e+00
7.252510760401721157e+00
7.252510760401721157e+00
7.252510760401721157e+00
7.252510760401721157e+00
7.252510760401721157e+00
7.252510760401721157e+00
7.252510760401721157e+00
7.252510760401721157e+00
7.252510760401721157e+00
7.252510760401721157e+00
7.252510760401721157e+00
7.252510760401721157e+00
7.252510760401721157e+00
7.252510760401721157e+00
2.722983658408012264e+00
2.722983658408012264e+00
2.722983658408012264e+00
2.722983658408012264e+00
2.722983658408012264e+00
2.722983658408012264e+00
2.722983658408012264e+00
2.722983658408012264e+00
2.722983658408012264e+00
2.722983658408012264e+00
2.722983658408012264e+00
2.722983658408012264e+00
2.722983658408012264e+00
2.722983658408012264e+00
1.101589667163437536e+00
1.101589667163437536e+00
1.101589667163437536e+00
1.101589667163437536e+00
1.101589667163437536e+00
1.101589667163437536e+00
1.101589667163437536e+00
1.101589667163437536e+00
1.101589667163437536e+00
1.101589667163437536e+00
1.101589667163437536e+00
1.101589667163437536e+00
4.172782874617736448e-01
4.172782874617736448e-01
4.172782874617736448e-01
4.172782874617736448e-01
4.172782874617736448e-01
4.172782874617736448e-01
4.172782874617736448e-01
4.172782874617736448e-01
4.172782874617736448e-01
4.172782874617736448e-01
4.172782874617736448e-01
4.172782874617736448e-01
4.172782874617736448e-01
4.172782874617736448e-01
4.172782874617736448e-01
6.913980545489223362e-02
6.913980545489223362e-02
6.913980545489223362e-02
6.913980545489223362e-02
6.913980545489223362e-02
6.913980545489223362e-02
6.913980545489223362e-02
6.913980545489223362e-02
6.913980545489223362e-02
6.913980545489223362e-02
6.913980545489223362e-02
6.913980545489223362e-02
6.913980545489223362e-02
6.913980545489223362e-02
6.913980545489223362e-02
6.913980545489223362e-02
6.913980545489223362e-02
6.913980545489223362e-02
6.913980545489223362e-02
6.913980545489223362e-02
6.913980545489223362e-02
6.913980545489223362e-02
6.913980545489223362e-02
6.913980545489223362e-02
6.913980545489223362e-02
6.913980545489223362e-02
6.913980545489223362e-02
6.913980545489223362e-02
6.913980545489223362e-02
6.913980545489223362e-02
6.913980545489223362e-02
6.913980545489223362e-02
6.913980545489223362e-02
6.913980545489223362e-02
6.913980545489223362e-02
6.913980545489223362e-02
6.913980545489223362e-02
6.913980545489223362e-02
6.913980545489223362e-02
6.913980545489223362e-02
