-1.621729608252686639e-03
-1.673556313720792055e-03
-1.742000289198797347e-03
-1.831887204333471075e-03
1.146135187315332482e-01
1.144610753359112110e-01
1.142642271277308774e-01
1.140114850971598592e-01
1.136888376375680965e-01
1.132793288369577933e-01
1.127626039248047496e-01
1.121144309602476463e-01
1.113062123403912862e-01
1.103045050183183440e-01
1.090705743774830205e-01
1.075600133402201397e-01
1.057224651887429534e-01
1.035014952786479370e-01
1.008346626685197034e-01
9.765384681262134769e-02
9.388588581460743931e-02
8.945358012807846926e-02
8.427710779021424514e-02
7.827588319595024657e-02
7.137087033232258904e-02
6.348733320156352278e-02
5.455797168985565548e-02
4.452635234909463335e-02
3.335050364024172431e-02
2.100650841851181561e-02
7.491897781248368915e-03
-7.171365201887214269e-03
-2.293452184203981226e-02
-3.972046334424228498e-02
-5.742313454598946265e-02
-7.590798886976202198e-02
-9.501352093151882450e-02
-1.145538335469724611e-01
-1.343221308394275670e-01
-1.540949757572842582e-01
-1.736371135655769837e-01
-1.927066451427899008e-01
-2.110603347918609263e-01
-2.284588540260348299e-01
-2.446717911247298094e-01
-2.594822912400609471e-01
-2.726912287342218022e-01
-2.841208483094312953e-01
-2.936178415574430822e-01
-3.010558492068955427e-01
-3.063373960594637513e-01
-3.093952756931128700e-01
-3.101934063584186330e-01
-3.087271793206474158e-01
-3.050233175754362147e-01
-2.991392577907563410e-01
-2.911620628714095549e-01
-2.812068680124615305e-01
-2.694148607329522882e-01
-2.559507962797864522e-01
-2.410000549126354308e-01
-2.247652576021765825e-01
-2.074624718648219179e-01
-1.893170595171853599e-01
-2.081051916985099393e-01
-1.889654348945171147e-01
-1.696697797611006475e-01
-1.504352683545648883e-01
-1.314656275912249317e-01
-1.129473781010192912e-01
-9.504652652320078055e-02
-7.790597733970261451e-02
-6.164376527381887350e-02
-4.635216415037279880e-02
-3.209767718618850019e-02
-1.892186217627700451e-02
-6.842898311880007967e-03
4.142235959639917198e-03
1.405512933232366812e-02
2.293301428268423869e-02
3.082571704227832221e-02
3.779262949550354911e-02
4.389982853582385935e-02
4.921744026321905885e-02
5.381731654068500070e-02
5.777106270957932388e-02
6.114842980353718538e-02
6.401606369125834028e-02
6.643658775866589927e-02
6.846798494350303521e-02
7.016323866728435554e-02
7.157018972959572345e-02
7.273156669793245932e-02
7.368514991492847166e-02
7.446403321065875325e-02
7.509695213002554048e-02
7.560865247818981949e-02
7.602027789461263119e-02
7.634975974682167710e-02
7.661219674113239897e-02
