-1.785083854726421393e-03
-1.842083259819382590e-03
-1.917353938374555256e-03
-2.016198481650688379e-03
1.190614705136968654e-01
1.188938754453993107e-01
1.186774998682135207e-01
1.183997482377979749e-01
1.180452758154796333e-01
1.175955389817840979e-01
1.170283164273856480e-01
1.163172141783920255e-01
1.154311733305465326e-01
1.143340063558270225e-01
1.129839957703023812e-01
1.113335975046739756e-01
1.093292999553902023e-01
1.069116975778640066e-01
1.040158438397146279e-01
1.005719508590724454e-01
9.650650029398544216e-02
9.174382005844095023e-02
8.620816237283157601e-02
7.982628918841749854e-02
7.253053087380345598e-02
6.426223453974710953e-02
5.497546292054911188e-02
4.464074905249237890e-02
3.324866389160752167e-02
2.081292250792754484e-02
7.372748309425580793e-03
-7.005759628083141344e-03
-2.222945137199672239e-02
-3.817924805064287774e-02
-5.471255444259182088e-02
-7.166683767854975518e-02
-8.886413944411508670e-02
-1.061162069300282118e-01
-1.232298831263630712e-01
-1.400123948893703396e-01
-1.562762152048006170e-01
-1.718432456035569045e-01
-1.865481531403031523e-01
-2.002407899993913221e-01
-2.127877104498718808e-01
-2.240728706743899679e-01
-2.339976471650595524e-01
-2.424803379768031286e-01
-2.494553201695002276e-01
-2.548720300444935472e-01
-2.586939147228415337e-01
-2.608974784210317255e-01
-2.614715178719797528e-01
-2.604166111262263827e-01
-2.577448938862162420e-01
-2.534801282394546496e-01
-2.476580403562025356e-01
-2.403268764602387586e-01
-2.315481004136742404e-01
-2.213971322949473963e-01
-2.099640067710936142e-01
-1.973538149740139414e-01
-1.836867866998053156e-01
-1.690978740583104489e-01
-1.912460823268026244e-01
-1.752712629571732128e-01
-1.588538273488927510e-01
-1.421700790689429672e-01
-1.253987562093297203e-01
-1.087167518790350673e-01
-9.229460656201748936e-02
-7.629204181188553591e-02
-6.085382032896324844e-02
-4.610620240973739570e-02
-3.215422371183562777e-02
-1.907994975213023192e-02
-6.941777992045539136e-03
4.225229693894938521e-03
1.440808150650929598e-02
2.361381748912561029e-02
3.186689906946726936e-02
3.920624265353245264e-02
4.568210702215580454e-02
5.135302017512710648e-02
5.628289565393806981e-02
6.053844742931091538e-02
6.418697150913788008e-02
6.729452548158953995e-02
6.992450670371375132e-02
7.213660682611333641e-02
7.398610475721456581e-02
7.552345122222758889e-02
7.679409456352792596e-02
7.783849802972619969e-02
7.869230223655776513e-02
7.938659165065375944e-02
7.994822996411943272e-02
8.040023543683449958e-02
8.076217323252476987e-02
8.105054718258331015e-02
