5.213675452869237503e-02
5.073749917263459253e-02
4.932873179586261259e-02
4.791035624282580230e-02
4.648227503828827878e-02
4.504438936427535012e-02
4.359659903652257640e-02
4.213880248043011534e-02
4.067089670648815769e-02
3.919277728518455461e-02
3.770433832135822172e-02
3.620547242800231658e-02
3.469607069949187661e-02
3.317602268422570333e-02
3.164521635666295296e-02
3.010353808875132486e-02
2.855087262071043241e-02
2.698710303116858000e-02
2.541211070663385030e-02
2.382577531027951778e-02
2.222797475002069589e-02
2.061858514587289193e-02
1.899748079656937705e-02
1.736453414541205831e-02
1.571961574534208594e-02
1.406259422320799146e-02
1.239333624320426708e-02
1.071170646946484339e-02
9.017567527780823156e-03
7.310779966425595688e-03
5.591202216056689878e-03
3.858690548669496678e-03
2.113099035582877150e-03
3.542795044171320740e-04
-1.417918504954318593e-03
-3.203647785506635870e-03
-5.003063509265714970e-03
-6.816323274617008821e-03
-8.643587154775644876e-03
-1.048501774743915149e-02
-1.234078022565743282e-02
-1.421104238996617752e-02
-1.609597472179880029e-02
-1.799575043824663823e-02
-1.991054554817361932e-02
-2.184053890975024004e-02
-2.378591228943749414e-02
-2.574685042246915856e-02
-2.772354107487062791e-02
-2.971617510707513787e-02
-3.172494653916579921e-02
-3.375005261781449661e-02
-3.579169388495540005e-02
-3.785007424824682332e-02
-3.992540105338893142e-02
-4.201788515834437021e-02
-4.412774100952221445e-02
-4.625518671998962716e-02
-4.840044414978361687e-02
-5.056373898836996617e-02
-5.274530083933903768e-02
-5.494536330739174801e-02
-5.716416408771074487e-02
-5.940194505777229850e-02
-6.165895237169616294e-02
-6.393543655720357322e-02
-6.623165261528196623e-02
-6.854786012263458517e-02
-7.088432333701799593e-02
-7.324131130555233682e-02
-7.561909797612154094e-02
-7.801796231194968456e-02
-8.043818840947736248e-02
-8.288006561963978669e-02
-8.534388867266873291e-02
-8.782995780654667684e-02
-9.033857889922281004e-02
-9.287006360474769906e-02
-9.542472949343716593e-02
-9.800290019623281168e-02
-1.006049055533879688e-01
-1.032310817676571624e-01
-1.058817715621263034e-01
-1.085573243428683554e-01
-1.112580963665954492e-01
-1.139844509134979589e-01
-1.160687819501315943e-01
-1.160687819501311502e-01
-1.160687819501315943e-01
-1.160687819501313722e-01
-1.160687819501313722e-01
-1.160687819501315943e-01
-1.160687819501315943e-01
-1.160687819501315943e-01
-1.160687819501313722e-01
-1.160687819501313722e-01
-1.160687819501313722e-01
-1.160687819501313722e-01
-1.160687819501315943e-01
-1.160687819501313722e-01
