1.101621194147884619e+00
1.101621194147884619e+00
1.101621194147884619e+00
1.101621194147884619e+00
9.804144518036329581e-01
9.804144518036329581e-01
9.804144518036329581e-01
9.804144518036329581e-01
9.804144518036329581e-01
9.804144518036329581e-01
9.804144518036329581e-01
9.804144518036329581e-01
9.804144518036329581e-01
9.804144518036329581e-01
9.804144518036329581e-01
9.804144518036329581e-01
9.804144518036329581e-01
9.804144518036329581e-01
9.804144518036329581e-01
9.804144518036329581e-01
9.804144518036329581e-01
9.804144518036329581e-01
9.804144518036329581e-01
9.804144518036329581e-01
9.804144518036329581e-01
9.804144518036329581e-01
9.804144518036329581e-01
9.804144518036329581e-01
9.804144518036329581e-01
9.804144518036329581e-01
9.804144518036329581e-01
9.804144518036329581e-01
9.804144518036329581e-01
9.804144518036329581e-01
9.804144518036329581e-01
9.804144518036329581e-01
9.804144518036329581e-01
9.804144518036329581e-01
9.804144518036329581e-01
9.804144518036329581e-01
9.804144518036329581e-01
9.804144518036329581e-01
9.804144518036329581e-01
9.804144518036329581e-01
9.804144518036329581e-01
9.804144518036329581e-01
9.804144518036329581e-01
9.804144518036329581e-01
9.804144518036329581e-01
9.804144518036329581e-01
9.804144518036329581e-01
9.804144518036329581e-01
9.804144518036329581e-01
9.804144518036329581e-01
9.804144518036329581e-01
9.804144518036329581e-01
9.804144518036329581e-01
9.804144518036329581e-01
9.804144518036329581e-01
9.804144518036329581e-01
9.804144518036329581e-01
9.804144518036329581e-01
9.804144518036329581e-01
9.804144518036329581e-01
1.017924818191129788e+00
1.017924818191129788e+00
1.017924818191129788e+00
1.017924818191129788e+00
1.017924818191129788e+00
1.017924818191129788e+00
1.017924818191129788e+00
1.017924818191129788e+00
1.017924818191129788e+00
1.017924818191129788e+00
1.017924818191129788e+00
1.017924818191129788e+00
1.017924818191129788e+00
1.017924818191129788e+00
1.017924818191129788e+00
1.017924818191129788e+00
1.017924818191129788e+00
1.017924818191129788e+00
1.017924818191129788e+00
1.017924818191129788e+00
1.017924818191129788e+00
1.017924818191129788e+00
1.017924818191129788e+00
1.017924818191129788e+00
1.017924818191129788e+00
1.017924818191129788e+00
1.017924818191129788e+00
1.017924818191129788e+00
1.017924818191129788e+00
1.017924818191129788e+00
1.017924818191129788e+00
1.017924818191129788e+00
1.017924818191129788e+00
1.017924818191129788e+00
1.017924818191129788e+00
1.017924818191129788e+00
