3.766477803037737715e-04
3.812917613150723639e-04
3.971158271318664390e-04
4.097473621311742420e-04
4.201539334887094412e-04
4.285215493942118314e-04
4.348149373645249227e-04
4.384998544377793905e-04
4.390017723276962158e-04
4.404565545148564354e-04
4.407252366389613485e-04
4.302265248754544302e-04
4.134332072260882285e-04
3.907705363817015609e-04
3.579248304985682694e-04
3.198524613159392516e-04
2.688522383325064880e-04
1.957935441048164193e-04
1.088274431246816221e-04
-7.621278742764303615e-06
-1.502875786609791930e-04
-3.497601658115634393e-04
-5.828689505555928463e-04
-8.420580862305016012e-04
-1.156663435397664585e-03
-1.483256624649875732e-03
-1.894993120426180511e-03
-2.313727875486559782e-03
-2.859926437002613397e-03
-3.465870212806754225e-03
-4.180610140147367204e-03
-4.925989326211688279e-03
-5.739450548734703617e-03
-6.838503298588927137e-03
-7.860819013202124950e-03
-8.994815304429248926e-03
-1.010450444692811978e-02
-1.111339150284673671e-02
-1.235775590927357115e-02
-1.354787739896035070e-02
-1.456568804308711051e-02
-1.557091125719023417e-02
-1.677774284065192134e-02
-1.779086895836057280e-02
-1.863715338832250268e-02
-1.934703850852526053e-02
-2.068993944752939296e-02
-2.167458244070563644e-02
-2.239577704312667450e-02
-2.294000023971243252e-02
-2.336968392787863724e-02
-2.361156074978809638e-02
-2.357149434768479601e-02
-2.346291817719314832e-02
-2.329387111342362537e-02
-2.302086724421148478e-02
-2.256557924320090613e-02
-2.182789055562772695e-02
-2.065528167109587088e-02
-1.973677256992378837e-02
-1.911824997257460801e-02
-1.825443698025663863e-02
-1.709171869065095883e-02
-1.552877902475002792e-02
-1.462575311606828521e-02
-1.366224563118834112e-02
-1.247345310857683742e-02
-1.120365523465904900e-02
-1.033095311673193351e-02
-9.308843407890732280e-03
-8.194637600829279833e-03
-7.367602540646833731e-03
-6.425484441661577506e-03
-5.550328630306022859e-03
-4.824725922832007186e-03
-4.014330903625573654e-03
-3.455210185400847678e-03
-2.847174464049473386e-03
-2.348005138910647105e-03
-1.882031560743069321e-03
-1.522024488454842839e-03
-1.193613237534751903e-03
-8.929063409954807184e-04
-6.231914081160638830e-04
-3.985134029576009596e-04
-1.938651333563967682e-04
-5.325343286566308620e-05
6.787641038430436424e-05
1.321199152410912347e-04
1.870243582677844074e-04
2.108917574203950096e-04
2.437558322729849181e-04
2.746774791990702624e-04
3.047239099358556302e-04
3.383244596397716464e-04
3.680099189322660891e-04
3.838008116727742447e-04
3.923286996321273534e-04
3.936382652058867393e-04
3.777284954038506726e-04
