1.004989968022809377e+00
1.004988620607929928e+00
1.004986127805974183e+00
1.004980941797063876e+00
1.004974025228011270e+00
1.004965552789800265e+00
1.004955475032677015e+00
1.004943239501674190e+00
1.004928253592930698e+00
1.004910145658875154e+00
1.004887987326846366e+00
1.004852002793052979e+00
1.004806104133104228e+00
1.004749932410625268e+00
1.004678107471376425e+00
1.004600683191497312e+00
1.004519385723784852e+00
1.004412423045449865e+00
1.004287453198521973e+00
1.004128012925322944e+00
1.003936506165722831e+00
1.003686422432636283e+00
1.003408181692308165e+00
1.003099370181880667e+00
1.002729696201287934e+00
1.002342222127434290e+00
1.001862414194225170e+00
1.001385711307420490e+00
1.000781324942414674e+00
1.000113090292451101e+00
9.993309989947380956e-01
9.985132279341296657e-01
9.976358321637404103e-01
9.964814802392873982e-01
9.954022418152614904e-01
9.942095507948254252e-01
9.930394683961704105e-01
9.919707466934160056e-01
9.906690842821280762e-01
9.894218574485913464e-01
9.883463994292689403e-01
9.872844004791104799e-01
9.860363024775179452e-01
9.849876409132229949e-01
9.841075107976819947e-01
9.833660221734472628e-01
9.820052195185879906e-01
9.810080165708542355e-01
9.802755704900100175e-01
9.797226894748967130e-01
9.792882041574166863e-01
9.790443873096532634e-01
9.790837587966956246e-01
9.791969874508199556e-01
9.793766762645734758e-01
9.796660819991108715e-01
9.801407802113897283e-01
9.808992746456739464e-01
9.820933717037125810e-01
9.830447744869121873e-01
9.837073220390541994e-01
9.846107979084773865e-01
9.858142148487326617e-01
9.874193238611157497e-01
9.883752152008247194e-01
9.893941355820556893e-01
9.906344462688505548e-01
9.919583665886581025e-01
9.928891145067033630e-01
9.939708121871914104e-01
9.951471213412754757e-01
9.960402041986220478e-01
9.970489957820916072e-01
9.979911507607844845e-01
9.987834393519867682e-01
9.996606987075368211e-01
1.000291410812113702e+00
1.000970180210601690e+00
1.001538133451648438e+00
1.002071285172092541e+00
1.002496315119217440e+00
1.002879010592861331e+00
1.003221867823309132e+00
1.003531874629261411e+00
1.003794862727267034e+00
1.004036118620778684e+00
1.004211305945559962e+00
1.004367735743463497e+00
1.004467359038117014e+00
1.004555689222252912e+00
1.004610932921596422e+00
1.004673623968428409e+00
1.004732830873072080e+00
1.004789724557838770e+00
1.004831486542933305e+00
1.004867464683512734e+00
1.004890845551424716e+00
1.004908898077457646e+00
1.004922596099776744e+00
1.004923446585632041e+00
