2.544138131721496165e-06
1.286851051718329586e-06
3.396155969781489148e-07
1.007529526475536841e-06
2.023110303728259396e-06
2.831456104912533078e-06
3.011113093087658399e-06
2.535468901720960844e-06
1.290241468776542888e-06
-1.209403662327801499e-06
-5.064890999495474944e-06
-1.728857503602299062e-06
3.433114672768411424e-06
9.074605330283702642e-06
1.859239404944368346e-05
1.964691018141451195e-05
7.903090117666877745e-06
2.205171007796380422e-06
-8.399856193053167885e-06
-1.108947492634015930e-05
-1.224046934611422444e-05
1.038128251917846967e-05
2.182204434664214432e-05
1.977049156676180530e-05
2.969004118069662468e-05
3.698458593381914739e-06
1.165382388323976670e-05
-4.625487463294497559e-05
-4.312635979197843028e-05
-4.599839405350358845e-05
-7.167158593279765455e-06
-5.995945193348894975e-06
-1.838966098877126143e-05
1.746765844186093375e-04
2.245538137509717203e-04
3.251053155550742702e-04
3.475463323540095573e-04
2.224255613685333088e-04
2.953471463845724898e-04
2.921424457773547090e-04
1.104147497020813162e-04
-7.511629440082323583e-05
-4.734066283917925944e-05
-1.734992768729348711e-04
-4.041051491483482749e-04
-6.908942390582151205e-04
-2.582615378188268807e-04
-7.271308535272691387e-05
-2.073609859676306399e-05
-4.659882322566311075e-06
4.658209749708319691e-05
6.772175504377031530e-05
-2.986567353269187208e-05
-3.617758844010054986e-05
5.362426176125367761e-05
1.905947272671237869e-04
2.905424194200589838e-04
2.437141171004464368e-04
-1.152082933713050039e-04
-1.232699781494872582e-04
2.489906570610767034e-04
4.542272577711115034e-04
4.154951261156059061e-04
1.321769085216306649e-05
2.810250249286605495e-04
4.903258135783294946e-04
4.676771223083298068e-04
3.373001808451014938e-04
5.641270810228249388e-04
5.940106092069408206e-04
4.751357916349396859e-04
5.790433877513878613e-04
5.022877757607790983e-04
4.243754434853919122e-04
4.272197889091389200e-04
2.760160340642414667e-04
3.034749965693528395e-04
2.171512872868319732e-04
1.788517496625896541e-04
1.160855592541309989e-04
1.061166029070470529e-04
8.736717037449714951e-05
6.168165299436090265e-05
2.642895969717784510e-05
5.535688885061063047e-08
-3.860190199733715133e-05
-4.129433235422474979e-05
-5.167354253909905992e-05
-2.831046274409665386e-05
-1.363206652316151235e-05
1.694366791915591364e-05
2.537792332635291359e-05
2.481409167964798712e-05
1.602527020772015476e-05
1.352455398229146510e-05
9.429781668846004550e-06
1.181261123650578782e-05
1.447648338737117513e-05
1.735518679724101787e-05
2.970478334574089274e-05
