4.603443116851402284e-03
4.596207369927995945e-03
4.576960341081792727e-03
4.559833118545242314e-03
4.543554794362747451e-03
4.527561005031044417e-03
4.511418402862177324e-03
4.495084947805927378e-03
4.478431643782920801e-03
4.456470159796888098e-03
4.430314399610613130e-03
4.408322728711278060e-03
4.384575167201476553e-03
4.356948205501254279e-03
4.327779953737675989e-03
4.289836679151948218e-03
4.248219229878058556e-03
4.209118785398979767e-03
4.161096783833251322e-03
4.116093387535046944e-03
4.066873429688921959e-03
4.039747496172196861e-03
4.007003641131268168e-03
3.956344332216144011e-03
3.912249560704239570e-03
3.826429834891120763e-03
3.767307263977892617e-03
3.652288036761763834e-03
3.597852685067959300e-03
3.532959860643503092e-03
3.504213271498191062e-03
3.432106026931336373e-03
3.354050245041539924e-03
3.489056984538274619e-03
3.478024213161567957e-03
3.514481782282308231e-03
3.469556508943982820e-03
3.275930943687388464e-03
3.281119017155775808e-03
3.208610813407508644e-03
2.955362481522616491e-03
2.697689945071468642e-03
2.667623484367886988e-03
2.488524650300139029e-03
2.206308999349815281e-03
1.870334647113613968e-03
2.268255350612036203e-03
2.425811293100599286e-03
2.453071015620977846e-03
2.449526615904140669e-03
2.487956592634898989e-03
2.502431597616427972e-03
2.402905536335930847e-03
2.403527544328265542e-03
2.509668766900174930e-03
2.671900992985976053e-03
2.802900232503846567e-03
2.790818685129758947e-03
2.469073943169419749e-03
2.510757554430531613e-03
2.944469390535831010e-03
3.206812388494295618e-03
3.225738754410789610e-03
2.881682132057195034e-03
3.217162146276209000e-03
3.495197306075503718e-03
3.535753995851820264e-03
3.469490307900890969e-03
3.762670688484792691e-03
3.858841889085029564e-03
3.807284359346629898e-03
3.981122470744002939e-03
3.973764990059081015e-03
3.964598228422655524e-03
4.035073370199926401e-03
3.951043642630214237e-03
4.049919119664568967e-03
4.033801641348144784e-03
4.063518006207189615e-03
4.067013479576608859e-03
4.121075748822367046e-03
4.155599983720392743e-03
4.171076740477452915e-03
4.175179212743795887e-03
4.186248951169702082e-03
4.183413012166958822e-03
4.214594643074498492e-03
4.238898308057681419e-03
4.297105144650537056e-03
4.344748784483876136e-03
4.406309135763564200e-03
4.444240214283468049e-03
4.471685661870505868e-03
4.489515166203439378e-03
4.494987344595191558e-03
4.497031019746966507e-03
4.506878458780061436e-03
4.518965686604037302e-03
4.534151497124661034e-03
4.563196375840572472e-03
