3.277451417598868488e+00
3.224626686672824150e+00
3.171590214777169514e+00
3.118326387122619003e+00
3.064818879641850735e+00
3.011050681355331271e+00
2.957004125311387011e+00
2.902660928829514209e+00
2.848002243731158956e+00
2.793008717175716527e+00
2.737660563629166877e+00
2.681937648376792716e+00
2.625819582848634148e+00
2.569285831856188196e+00
2.512315832641861313e+00
2.454889125420194773e+00
2.396985494844720233e+00
2.338585121570449399e+00
2.279668742804869197e+00
2.220217820456770852e+00
2.160214715210383218e+00
2.099642864581297896e+00
2.038486962760764243e+00
1.976733139836512443e+00
1.914369137802008902e+00
1.851384480641909969e+00
1.787770635718423984e+00
1.723521163688584323e+00
1.658631854261036986e+00
1.593100845255251752e+00
1.526928722655291670e+00
1.460118599650539917e+00
1.392676173019851582e+00
1.324609755633336938e+00
1.255930284304535682e+00
1.186651302710257205e+00
1.116788919589724038e+00
1.046361742922041316e+00
9.753907912453256834e-01
9.038993837066673365e-01
8.319130108064718421e-01
7.594591881127890076e-01
6.865672954633743608e-01
6.132684043408533903e-01
5.395950961982247662e-01
4.655812745298812949e-01
3.912619734318476539e-01
3.166731652810064190e-01
2.418515699952945575e-01
1.668344681251308081e-01
9.165951978116915200e-02
1.636459113536847809e-02
-5.901241004836554893e-02
-1.344336886818240373e-01
-2.098617055253386710e-01
-2.852593086397727795e-01
-3.605898527409077126e-01
-4.358173063068524478e-01
-5.109063464914869179e-01
-5.858224420728630477e-01
-6.605319248141423571e-01
-7.350020497365452599e-01
-8.092010448999165106e-01
-8.830981513586118048e-01
-9.566636540105162290e-01
-1.029868904087551940e+00
-1.102686334049368888e+00
-1.175089465640703157e+00
-1.247052911859439117e+00
-1.318552373559160884e+00
-1.389564631378972237e+00
-1.460067533656622007e+00
-1.530039980940153477e+00
-1.599461907669939453e+00
-1.668314261558303979e+00
-1.736578981149041301e+00
-1.804238971994908791e+00
-1.871278081848180008e+00
-1.937681075218287141e+00
-2.003433607611653233e+00
-2.068522199732403699e+00
-2.132934211888889209e+00
-2.196657818819912400e+00
-2.259681985126201997e+00
-2.321996441467104599e+00
-2.383591661659423711e+00
-2.444458840794804910e+00
-2.504589874473939215e+00
-2.563977339239837505e+00
-2.622614474278532892e+00
-2.680495164443511324e+00
-2.737613924649779040e+00
-2.793965885674695837e+00
-2.849546781395246864e+00
-2.904352937485169761e+00
-2.958381261590256273e+00
-3.011629234995845117e+00
-3.064094905797119406e+00
-3.115776883580010814e+00
-3.166674335618230529e+00
