-1.177534862655590864e+01
-1.147486908365212166e+01
-1.117949106100137158e+01
-1.088921455860365839e+01
-1.060403957645897854e+01
-1.032396611456733382e+01
-1.004899417292872421e+01
-9.779123751543153276e+00
-9.514354850410615683e+00
-9.254687469531114985e+00
-9.000121608904647630e+00
-8.750657268531215394e+00
-8.506294448410820053e+00
-8.267033148543459831e+00
-8.032873368929134728e+00
-7.803815109567845631e+00
-7.579858370459590766e+00
-7.361003151604371908e+00
-7.147249453002189057e+00
-6.938597274653041325e+00
-6.735046616556927823e+00
-6.536597478713851217e+00
-6.343249861123808842e+00
-6.155003763786803361e+00
-5.971859186702831224e+00
-5.793816129871896869e+00
-5.620874593293995858e+00
-5.453034576969131741e+00
-5.290296080897300968e+00
-5.132659105078507977e+00
-4.980123649512748329e+00
-4.832689714200025577e+00
-4.690357299140337943e+00
-4.553126404333685429e+00
-4.420997029780068921e+00
-4.293969175479487532e+00
-4.172042841431940374e+00
-4.055218027637430112e+00
-3.943494734095954524e+00
-3.836872960807514943e+00
-3.735352707772110037e+00
-3.638933974989741582e+00
-3.547616762460407358e+00
-3.461401070184109141e+00
-3.380286898160846043e+00
-3.304274246390618508e+00
-3.233363114873426980e+00
-3.167553503609269683e+00
-3.106845412598147949e+00
-3.051238841840062221e+00
-3.000733791335012057e+00
-2.955330261082996568e+00
-2.915028251084017086e+00
-2.879827761338072722e+00
-2.849728791845163922e+00
-2.824731342605290685e+00
-2.804835413618452566e+00
-2.790041004884649567e+00
-2.780348116403882130e+00
-2.775756748176150257e+00
-2.776266900201454391e+00
-2.781878572479793199e+00
-2.792591765011167571e+00
-2.808406477795577061e+00
-2.829322710833022558e+00
-2.855340464123503175e+00
-2.886459737667018910e+00
-2.922680531463570208e+00
-2.964002845513157069e+00
-3.010426679815779050e+00
-3.061952034371437037e+00
-3.118578909180129699e+00
-3.180307304241857924e+00
-3.247137219556622156e+00
-3.319068655124421063e+00
-3.396101610945255089e+00
-3.478236087019126010e+00
-3.565472083346032051e+00
-3.657809599925972321e+00
-3.755248636758948599e+00
-3.857789193844959996e+00
-3.965431271184007400e+00
-4.078174868776088147e+00
-4.196019986621206677e+00
-4.318966624719359437e+00
-4.447014783070549981e+00
-4.580164461674772980e+00
-4.718415660532031097e+00
-4.861768379642326998e+00
-5.010222619005657130e+00
-5.163778378622022380e+00
-5.322435658491423638e+00
-5.486194458613859126e+00
-5.655054778989334174e+00
-5.829016619617839901e+00
-6.008079980499380746e+00
-6.192244861633961150e+00
-6.381511263021574010e+00
-6.575879184662224652e+00
-6.775348626555907749e+00
