-1.150266934764130689e+01
-1.137640794963026281e+01
-1.117398329563241255e+01
-1.084667896433451517e+01
-1.052754052729200041e+01
-1.023962486152000828e+01
-9.978783312394224225e+00
-9.732879306351721382e+00
-9.496574107600224579e+00
-9.268948171314521645e+00
-9.046565047097468337e+00
-8.760807931916854585e+00
-8.484134479707911680e+00
-8.222004200386811235e+00
-7.963620322251474093e+00
-7.742238104126784037e+00
-7.555524808847167151e+00
-7.349107562702832830e+00
-7.152481132985794687e+00
-6.943470035816806885e+00
-6.738834263123614221e+00
-6.519383666072130268e+00
-6.318047977989824204e+00
-6.136568925287845033e+00
-5.949690037508652551e+00
-5.785189673558669199e+00
-5.613087872705162518e+00
-5.464201480660247690e+00
-5.296523558668141618e+00
-5.147342583429061591e+00
-4.988127851068263396e+00
-4.839206753755757262e+00
-4.694584150718583260e+00
-4.538747803194301156e+00
-4.408398140180475266e+00
-4.272599962381999461e+00
-4.149236986174105191e+00
-4.044204768927804672e+00
-3.921580104331263694e+00
-3.810850005400247653e+00
-3.717978662599340289e+00
-3.625779805079603957e+00
-3.521870746774576677e+00
-3.436755664925092990e+00
-3.365781527465590894e+00
-3.305797894226371714e+00
-3.201066980670311590e+00
-3.124429811573508520e+00
-3.066654437731632488e+00
-3.021757330481273041e+00
-2.986099082325460508e+00
-2.957335625908383392e+00
-2.944533817810682130e+00
-2.934412666396418068e+00
-2.924287161652688649e+00
-2.914398297946955818e+00
-2.905043206667490718e+00
-2.896568370323144403e+00
-2.889352910105960959e+00
-2.883780653506873293e+00
-2.880202227999598907e+00
-2.878891913150673609e+00
-2.880007295988017191e+00
-2.883561252437405464e+00
-2.889414073668080452e+00
-2.897288680803382643e+00
-2.906805570460429422e+00
-2.917529057351206934e+00
-2.929014526724572409e+00
-2.940848034706621483e+00
-2.952697048533928115e+00
-2.986554238232714376e+00
-3.030803751018821934e+00
-3.089956622349440796e+00
-3.171763943261069141e+00
-3.290876510043641456e+00
-3.370814011674015287e+00
-3.458624657307112660e+00
-3.566845917598769677e+00
-3.686658951726658806e+00
-3.787271363996693285e+00
-3.906302681883188743e+00
-4.039501182034902271e+00
-4.148625395439306196e+00
-4.272445165778649745e+00
-4.403799073559576449e+00
-4.521979919042637519e+00
-4.653402697672113675e+00
-4.783521612633245823e+00
-4.889989230994761016e+00
-5.003072436854292704e+00
-5.116994516228702494e+00
-5.206002472835633554e+00
-5.297219362899877382e+00
-5.390431868383187108e+00
-5.471805653047010054e+00
-5.538188912354343074e+00
-5.603857225361451810e+00
-5.668495933991907876e+00
-5.731807305588418444e+00
