1.421504610432709021e-03
1.612808861678622415e-03
1.974671286864094870e-03
2.739310588674214418e-03
3.769131923058285840e-03
5.026683293252572071e-03
6.524745383152155166e-03
8.343693105416251365e-03
1.056779464760179525e-02
1.326908736648405376e-02
1.657375128543062473e-02
2.205583761250661315e-02
2.908581980228959127e-02
3.780271943322381645e-02
4.894831379329964149e-02
6.107771923141491061e-02
7.361585577478065023e-02
9.049346882296720185e-02
1.101567234162330045e-01
1.357636094121734971e-01
1.665925448578133294e-01
2.074730759990189022e-01
2.537468877135886647e-01
3.042398339442199395e-01
3.667554237484224045e-01
4.323327600145244198e-01
5.135243101936700638e-01
5.959660858095683356e-01
7.047630763629831874e-01
8.181475175718202486e-01
9.593513624987223265e-01
1.113405359472150913e+00
1.286654981976217194e+00
1.503629964367386496e+00
1.712975340853666539e+00
1.962128791074642109e+00
2.219746450657968495e+00
2.465575367814559105e+00
2.787234428022073551e+00
3.113601076404542756e+00
3.416618439406414964e+00
3.746605233988562045e+00
4.156856823227608189e+00
4.526161816371760516e+00
4.859076681606425474e+00
5.159460758645019851e+00
5.729125970772070531e+00
6.185452428900883426e+00
6.553344476223191606e+00
6.854275606160368461e+00
7.103096969249626191e+00
7.310373290662350421e+00
7.404560886078369819e+00
7.479884103814662843e+00
7.556006443974071729e+00
7.631097432206614073e+00
7.702822017170065649e+00
7.768379575567387008e+00
7.824634718653563858e+00
7.868357294674150459e+00
7.896564062927988736e+00
7.906917829941078502e+00
7.898103506083856473e+00
7.870083810072292074e+00
7.824156150757498374e+00
7.762785945161801315e+00
7.689258797717525518e+00
7.607243661847779670e+00
7.520370740882426297e+00
7.431902848804016415e+00
7.344361791009102802e+00
7.099864688355949305e+00
6.792548571868247897e+00
6.402402699893946725e+00
5.899490674676199475e+00
5.237024293343806924e+00
4.834684882090320990e+00
4.428253696096473568e+00
3.974043326341784255e+00
3.525319295316367452e+00
3.187887909326443836e+00
2.830143118365841648e+00
2.477199732471511595e+00
2.221104442245999788e+00
1.962432545456303190e+00
1.720871572295403107e+00
1.529055225619281089e+00
1.340747462723300476e+00
1.177164230273644474e+00
1.058275538745008904e+00
9.451208531500606691e-01
8.433573128627173121e-01
7.715355657844492621e-01
7.042728697957594264e-01
6.415925049797174262e-01
5.914514437689025739e-01
5.534637904392459840e-01
5.182864168542552497e-01
4.858448377862113476e-01
4.560388200201640485e-01
