2.325030905591916192e-02
2.596647205312534526e-02
2.871164440831118492e-02
3.314233971452121286e-02
3.791200823582373952e-02
4.512632463717193565e-02
5.383454303218908332e-02
6.480628488440937085e-02
7.906428886435236392e-02
9.479367163509255789e-02
1.144759443937475307e-01
1.352416847079444540e-01
1.610513519731709975e-01
1.868364688068185619e-01
2.248477923001077072e-01
2.623227473702423596e-01
3.145710286986618809e-01
3.643659082934997406e-01
4.288923152006068329e-01
4.929650593205828213e-01
5.739221167332918538e-01
6.654457587320319334e-01
7.529473099704911965e-01
8.811571932900323922e-01
9.936116406201416229e-01
1.121163598130563877e+00
1.284364585623158472e+00
1.423319943450667147e+00
1.554176547368354866e+00
1.788159713093137704e+00
1.974762875042870514e+00
2.125955474627617026e+00
2.249943405728866974e+00
2.512069624641014798e+00
2.725948863192489746e+00
2.885014052704210741e+00
3.006302742950648810e+00
3.100299384864987129e+00
3.173782497688439452e+00
3.231300607313947637e+00
3.261992975542896467e+00
3.261992975542896911e+00
3.261992975542896467e+00
3.261992975542896467e+00
3.261992975542896023e+00
3.261992975542896467e+00
3.261992975542896467e+00
3.261992975542896467e+00
3.261992975542896023e+00
3.261992975542896467e+00
3.261992975542896467e+00
3.231131025139929225e+00
3.176996176343692024e+00
3.109296185538888313e+00
3.024705181233005469e+00
2.918443446671854069e+00
2.783455153377739855e+00
2.608939802057982149e+00
2.377560464308715371e+00
2.203164230208679797e+00
2.083590271198541455e+00
1.940847021499833236e+00
1.768680432822638648e+00
1.558268205913015736e+00
1.439300341693631635e+00
1.319293353644430900e+00
1.181086317445294576e+00
1.040596017552374519e+00
9.468581728551660470e-01
8.413416801180499949e-01
7.306038039639427550e-01
6.545601883607691240e-01
5.707681453575215169e-01
4.961068658318437685e-01
4.372137680303933016e-01
3.734496105320120884e-01
3.268495368114678890e-01
2.766606391878241866e-01
2.361248279395079530e-01
1.983855146427389859e-01
1.683026155456485429e-01
1.417058354313627533e-01
1.181659051882754524e-01
9.669383749846394149e-02
7.877867260115795078e-02
6.245410505069431267e-02
5.072815788684729293e-02
4.036222129063205682e-02
3.391592565550322069e-02
2.814267124267598105e-02
2.463019423902720190e-02
2.058360047583552080e-02
1.673090853137966169e-02
1.304364847469204405e-02
1.035297674546095670e-02
8.031982209165719477e-03
6.537788396121130795e-03
5.398365031733185111e-03
4.549008458312600763e-03
4.549008458312601630e-03
