3.162847570106851247e+00
3.146135960078516369e+00
3.096397632718008719e+00
3.049962727687638875e+00
3.006486218103621155e+00
2.965674460104879451e+00
2.927275419118500643e+00
2.891071116804783347e+00
2.856871719462121817e+00
2.814914416362926275e+00
2.768440878814089956e+00
2.717742591188354595e+00
2.662166968196717054e+00
2.600903567261711125e+00
2.532929035820816743e+00
2.467465541079378433e+00
2.419241860700756863e+00
2.367245030771216729e+00
2.310960905315360137e+00
2.249763468998953186e+00
2.182879743766022784e+00
2.116640337696128249e+00
2.059986022921876714e+00
1.999339481820673337e+00
1.934168941219114757e+00
1.863825602822361871e+00
1.787506399532731161e+00
1.724343237428992870e+00
1.662681944754000885e+00
1.597094473935519066e+00
1.527070043713568470e+00
1.451986564821480030e+00
1.385928322582125727e+00
1.328057460775172505e+00
1.267058503742514830e+00
1.202577238660633707e+00
1.134191978745354046e+00
1.064253178283005585e+00
9.929438997914292742e-01
9.179679025871050335e-01
8.388434275679985674e-01
7.549854662778971992e-01
6.821577048695761647e-01
6.129613937180806715e-01
5.414675793067686982e-01
4.674022195451148498e-01
3.904453809605286096e-01
3.217075937831217480e-01
2.515332933292757644e-01
1.797152597072795288e-01
1.060379049959290221e-01
3.125959502419384251e-02
-4.321882045385372351e-02
-1.194087396649079480e-01
-1.975615089723570250e-01
-2.779636349214160695e-01
-3.556772367563794113e-01
-4.319760243131121058e-01
-5.094789354786954938e-01
-5.884148076475361755e-01
-6.690373893850836140e-01
-7.402894517796085871e-01
-8.113405628403120851e-01
-8.829018394197354347e-01
-9.551282649002703629e-01
-1.027078364652994402e+00
-1.092826550826064835e+00
-1.158704719915073511e+00
-1.224823379000378409e+00
-1.291295588677206396e+00
-1.358901195041646304e+00
-1.429705809560074758e+00
-1.500527480772866795e+00
-1.571507711815847141e+00
-1.642789968441358717e+00
-1.714521598998464125e+00
-1.793402458035327385e+00
-1.872632126644240280e+00
-1.952320810823316766e+00
-2.032686269133605617e+00
-2.113957949213784993e+00
-2.184098329166707764e+00
-2.239863462773703073e+00
-2.294875111696596637e+00
-2.349201574506575518e+00
-2.402906073654601737e+00
-2.456047404585905092e+00
-2.512582228548731589e+00
-2.572391923130467717e+00
-2.631346346154292526e+00
-2.689533320449362552e+00
-2.747033964339116174e+00
-2.803923641271955702e+00
-2.860272779936940069e+00
-2.877386806926078844e+00
-2.890653780861280442e+00
-2.907272263120434630e+00
-2.928686193537407778e+00
-2.957311240289928644e+00
-2.997522273755398370e+00
