-8.492909667445999844e+00
-8.245254855468258981e+00
-8.002913304713164422e+00
-7.765900629969999969e+00
-7.534233155306088392e+00
-7.307927891700964906e+00
-7.087002506106299116e+00
-6.871475281202600982e+00
-6.661365065168418198e+00
-6.456691210844359041e+00
-6.257473503764440892e+00
-6.063732078643384149e+00
-5.875487324051147375e+00
-5.692759775176233106e+00
-5.515569994776233997e+00
-5.343938442636612329e+00
-5.177885334103831561e+00
-5.017430488522883536e+00
-4.862593168686281331e+00
-4.713391912685231944e+00
-4.569844359835506076e+00
-4.431967072621514347e+00
-4.299775356852006070e+00
-4.173283082439251501e+00
-4.052502507389783126e+00
-3.937444107718947706e+00
-3.828116416064533123e+00
-3.724525871769508445e+00
-3.626676685125225230e+00
-3.534570718312217252e+00
-3.448207385346418352e+00
-3.367583573038447131e+00
-3.292693584609447388e+00
-3.223529107189309961e+00
-3.160079203964494710e+00
-3.102330331258190910e+00
-3.050266380331177807e+00
-3.003868743204349823e+00
-2.963116401339589867e+00
-2.927986035589808633e+00
-2.898452155454598778e+00
-2.874487245365913601e+00
-2.856061925485994024e+00
-2.843145124332216778e+00
-2.835704260451582304e+00
-2.833705430349698240e+00
-2.837113599930540353e+00
-2.845892796817224291e+00
-2.860006301091814418e+00
-2.879416832203892440e+00
-2.904086730042803932e+00
-2.933978128436589117e+00
-2.969053119621343662e+00
-3.009273908508857787e+00
-3.054602955859463620e+00
-3.105003109734024491e+00
-3.160437724848321306e+00
-3.220870769680463042e+00
-3.286266921384330075e+00
-3.356591648737974332e+00
-3.431811283504557775e+00
-3.511893080705299042e+00
-3.596805268400045108e+00
-3.686517087643149893e+00
-3.780998823332499814e+00
-3.880221826700016141e+00
-3.984158530205348825e+00
-4.092782455593233948e+00
-4.206068215861557213e+00
-4.323991511863900961e+00
-4.446529124239370745e+00
-4.573658901325712733e+00
-4.705359743670972428e+00
-4.841611585715522637e+00
-4.982395375171686069e+00
-5.127693050583257417e+00
-5.277487517502995829e+00
-5.431762623683172642e+00
-5.590503133633220934e+00
-5.753694702859563748e+00
-5.921323852066325166e+00
-6.093377941561858080e+00
-6.269845146084962018e+00
-6.450714430236370589e+00
-6.635975524675425063e+00
-6.825618903218934719e+00
-7.019635760958539805e+00
-7.218017993494932227e+00
-7.420758177371125974e+00
-7.627849551773151049e+00
-7.839286001554494732e+00
-8.055062041630163705e+00
-8.275172802777516878e+00
-8.499614018873542065e+00
-8.728382015591970244e+00
-8.961473700578597601e+00
-9.198886555118768626e+00
-9.440618627307655331e+00
-9.686668526731196494e+00
-9.937035420663100638e+00
