-3.287426500620946435e+00
-3.234601769694902096e+00
-3.181565297799247460e+00
-3.128301470144696950e+00
-3.074793962663928681e+00
-3.021025764377409217e+00
-2.966979208333464513e+00
-2.912636011851592155e+00
-2.857977326753236902e+00
-2.802983800197794473e+00
-2.747635646651244823e+00
-2.691912731398870662e+00
-2.635794665870712095e+00
-2.579260914878266142e+00
-2.522290915663939259e+00
-2.464864208442272719e+00
-2.406960577866798179e+00
-2.348560204592527345e+00
-2.289643825826947143e+00
-2.230192903478848798e+00
-2.170189798232461165e+00
-2.109617947603375843e+00
-2.048462045782842189e+00
-1.986708222858590389e+00
-1.924344220824086849e+00
-1.861359563663987915e+00
-1.797745718740501708e+00
-1.733496246710662048e+00
-1.668606937283114933e+00
-1.603075928277329698e+00
-1.536903805677369395e+00
-1.470093682672617641e+00
-1.402651256041929306e+00
-1.334584838655414885e+00
-1.265905367326613185e+00
-1.196626385732335152e+00
-1.126764002611801985e+00
-1.056336825944119262e+00
-9.853658742674036297e-01
-9.138744667287452828e-01
-8.418880938285502324e-01
-7.694342711348669539e-01
-6.965423784854523070e-01
-6.232434873629313365e-01
-5.495701792203027125e-01
-4.755563575519592412e-01
-4.012370564539256002e-01
-3.266482483030843653e-01
-2.518266530173725037e-01
-1.768095511472087544e-01
-1.016346028032470983e-01
-2.633967415744642437e-02
4.903732702628760265e-02
1.244586056597460910e-01
1.998866225032607247e-01
2.752842256176948332e-01
3.506147697188297663e-01
4.258422232847745015e-01
5.009312634694089716e-01
5.758473590507851014e-01
6.505568417920644109e-01
7.250269667144664254e-01
7.992259618778390085e-01
8.731230683365338585e-01
9.466885709884382827e-01
1.019893821065473993e+00
1.092711251027291386e+00
1.165114382618625211e+00
1.237077828837361171e+00
1.308577290537082938e+00
1.379589548356894735e+00
1.450092450634544061e+00
1.520064897918075975e+00
1.589486824647861951e+00
1.658339178536226477e+00
1.726603898126964243e+00
1.794263888972831289e+00
1.861302998826101618e+00
1.927705992196209639e+00
1.993458524589575731e+00
2.058547116710326197e+00
2.122959128866811707e+00
2.186682735797834898e+00
2.249706902104124495e+00
2.312021358445027097e+00
2.373616578637346208e+00
2.434483757772727408e+00
2.494614791451861713e+00
2.554002256217760003e+00
2.612639391256455390e+00
2.670520081421433822e+00
2.727638841627701538e+00
2.783990802652618335e+00
2.839571698373168473e+00
2.894377854463091371e+00
2.948406178568177882e+00
3.001654151973767615e+00
3.054119822775041904e+00
3.105801800557933312e+00
3.156699252596153471e+00
