9.822080217980114214e-02
9.987602209535320630e-02
1.049693040609260553e-01
1.099584833182832150e-01
1.148445390834907515e-01
1.196285036259508022e-01
1.243114585298527863e-01
1.288945310318918847e-01
1.333788904420069310e-01
1.390941694071304302e-01
1.457109287611883242e-01
1.532886900646653061e-01
1.620489791002121815e-01
1.722870585269468124e-01
1.844053939476131276e-01
1.968811125121962269e-01
2.066080948440956189e-01
2.176352653954513605e-01
2.302359591862099264e-01
2.447658719276981365e-01
2.616966095823146099e-01
2.796182444400007738e-01
2.959171672933845199e-01
3.144188820107008953e-01
3.355921745859203331e-01
3.600489502185308388e-01
3.886033658277117664e-01
4.139405483231849425e-01
4.402680091150815156e-01
4.701120750932363812e-01
5.042113644889730795e-01
5.435268096006723448e-01
5.806436765146202328e-01
6.152373553962489083e-01
6.539344349854587790e-01
6.974901273076199448e-01
7.468569138888140335e-01
8.009611304211858851e-01
8.601628209958543936e-01
9.271336178657729743e-01
1.003472907926816315e+00
1.091251117906093304e+00
1.173689978854445037e+00
1.257780833828391120e+00
1.350996866482527370e+00
1.454857706077929524e+00
1.571239719334383222e+00
1.683041755553376539e+00
1.805390705219867220e+00
1.939819755395424616e+00
2.088137277691886950e+00
2.250271158518204473e+00
2.424266827086742904e+00
2.616189993758111232e+00
2.828854410758170790e+00
3.065693946761230748e+00
3.313442090752827252e+00
3.576148356577093512e+00
3.864333624451761207e+00
4.181730376405194960e+00
4.532835619639937974e+00
4.867594003973615635e+00
5.226024638652046583e+00
5.613711898912452369e+00
6.034171627741550914e+00
6.484331208946710667e+00
6.924991812084481779e+00
7.396560085276043139e+00
7.902140703374475272e+00
8.445264816496475646e+00
9.035954054876548014e+00
9.698935414814913614e+00
1.041073827237836724e+01
1.117655220569040786e+01
1.200232387534173562e+01
1.289490043217475623e+01
1.395325447715445222e+01
1.510374075893988532e+01
1.635659417842790830e+01
1.772536364259090291e+01
1.922609110158493095e+01
2.062303485745638909e+01
2.180575185710586084e+01
2.303893084773370958e+01
2.432517672932417696e+01
2.566726366346939869e+01
2.706814901224295511e+01
2.864252631213693334e+01
3.040789388598619780e+01
3.225447086255728379e+01
3.418693793283299698e+01
3.621032442269363827e+01
3.833004142538673875e+01
4.055191880050244890e+01
4.125189808080697418e+01
4.180283247260487656e+01
4.250333663878615198e+01
4.342331515512293549e+01
4.468427094035602920e+01
4.651768638445552284e+01
