-7.860768958042553045e+00
-7.750281213279621717e+00
-7.649784613722672155e+00
-7.506275772288008241e+00
-7.371819480814737702e+00
-7.197621611652700757e+00
-7.021172057786973397e+00
-6.835684795103237121e+00
-6.636826078097117332e+00
-6.455384730586594344e+00
-6.266722674424557660e+00
-6.100023947781157752e+00
-5.925364112231478408e+00
-5.776853646816707766e+00
-5.591663688091980333e+00
-5.437511776879647485e+00
-5.255877485655606307e+00
-5.108928777431934520e+00
-4.945881508814824912e+00
-4.806649084773319203e+00
-4.654593680735407801e+00
-4.506630252736673725e+00
-4.383092130842404899e+00
-4.225851346713243473e+00
-4.105740956004707343e+00
-3.984965030834896726e+00
-3.849067993580800540e+00
-3.746339972616675063e+00
-3.658386249895478670e+00
-3.518145105974894715e+00
-3.418883775857658236e+00
-3.345110767293459464e+00
-3.288427040842545335e+00
-3.178225138695600194e+00
-3.096515529551663981e+00
-3.039802332830273901e+00
-2.998621104582458674e+00
-2.967833421142278993e+00
-2.944408010225081807e+00
-2.926447382743210035e+00
-2.916993752956961838e+00
-2.916993752956962282e+00
-2.916993752956961838e+00
-2.916993752956962282e+00
-2.916993752956962282e+00
-2.916993752956962282e+00
-2.916993752956961838e+00
-2.916993752956962282e+00
-2.916993752956962282e+00
-2.916993752956961838e+00
-2.916993752956961838e+00
-2.926499865209161833e+00
-2.943395951989546955e+00
-2.964935710053946405e+00
-2.992518477749361416e+00
-3.028281695791521511e+00
-3.075639086815636691e+00
-3.140388171030640052e+00
-3.233257156733220672e+00
-3.309437490253636316e+00
-3.365239606082180757e+00
-3.436207616923354191e+00
-3.529098353363576024e+00
-3.655757023530946004e+00
-3.735174982044031200e+00
-3.822235848627645982e+00
-3.932897480750729979e+00
-4.059538460935034898e+00
-4.153938065417522196e+00
-4.272089526870484377e+00
-4.413216061737560203e+00
-4.523123840767227399e+00
-4.660104305681915804e+00
-4.800296023891373665e+00
-4.926665135530893025e+00
-5.084304298804665834e+00
-5.217587449786292630e+00
-5.384295756898167085e+00
-5.542726785577794857e+00
-5.716875201403218476e+00
-5.881323740666912769e+00
-6.053334055276158310e+00
-6.234997769536830603e+00
-6.435537710327448480e+00
-6.640445074753948518e+00
-6.872655414906208016e+00
-7.080606243902280994e+00
-7.309193151810944755e+00
-7.483202695294344231e+00
-7.669800408644611878e+00
-7.803114284335922690e+00
-7.982592717376418179e+00
-8.189829563669238865e+00
-8.438786074346982247e+00
-8.669813296098126898e+00
-8.923656034762665001e+00
-9.129488440167808250e+00
-9.320991246890976356e+00
-9.492178094750681083e+00
-9.492178094750681083e+00
