-3.172822653128928749e+00
-3.156111043100591651e+00
-3.106372715740084445e+00
-3.059937810709714157e+00
-3.016461301125697769e+00
-2.975649543126956065e+00
-2.937250502140576813e+00
-2.901046199826859961e+00
-2.866846802484197987e+00
-2.824889499385002001e+00
-2.778415961836166570e+00
-2.727717674210431653e+00
-2.672142051218794112e+00
-2.610878650283787294e+00
-2.542904118842893801e+00
-2.477440624101454603e+00
-2.429216943722833921e+00
-2.377220113793294232e+00
-2.320935988337437195e+00
-2.259738552021029800e+00
-2.192854826788098954e+00
-2.126615420718205751e+00
-2.069961105943953328e+00
-2.009314564842750173e+00
-1.944144024241191149e+00
-1.873800685844438929e+00
-1.797481482554807775e+00
-1.734318320451069928e+00
-1.672657027776077499e+00
-1.607069556957597012e+00
-1.537045126735645528e+00
-1.461961647843556644e+00
-1.395903405604203229e+00
-1.338032543797249563e+00
-1.277033586764592332e+00
-1.212552321682711209e+00
-1.144167061767431104e+00
-1.074228261305083088e+00
-1.002918982813505888e+00
-9.279429856091820916e-01
-8.488185105900760696e-01
-7.649605492999733691e-01
-6.921327878916532228e-01
-6.229364767401577296e-01
-5.514426623288457563e-01
-4.773773025671910197e-01
-4.004204639826052237e-01
-3.316826768051983620e-01
-2.615083763513528226e-01
-1.896903427293565869e-01
-1.160129880180065243e-01
-4.123467804627134470e-02
3.324373743177666540e-02
1.094336566428304458e-01
1.875864259502799669e-01
2.679885518993385674e-01
3.457021537343027973e-01
4.220009412910350477e-01
4.995038524566184357e-01
5.784397246254595615e-01
6.590623063630065559e-01
7.303143687575310850e-01
8.013654798182354710e-01
8.729267563976588207e-01
9.451531818781955252e-01
1.017103281630918676e+00
1.082851467803988665e+00
1.148729636892996897e+00
1.214848295978302239e+00
1.281320505655130670e+00
1.348926112019570578e+00
1.419730726537999033e+00
1.490552397750789737e+00
1.561532628793768751e+00
1.632814885419278994e+00
1.704546515976387511e+00
1.783427375013251659e+00
1.862657043622161890e+00
1.942345727801240152e+00
2.022711186111528114e+00
2.103982866191709267e+00
2.174123246144631150e+00
2.229888379751625127e+00
2.284900028674516026e+00
2.339226491484501569e+00
2.392930990632521571e+00
2.446072321563830698e+00
2.502607145526656307e+00
2.562416840108392435e+00
2.621371263132220353e+00
2.679558237427285494e+00
2.737058881317040449e+00
2.793948558249879088e+00
2.850297696914860790e+00
2.867411723904000898e+00
2.880678697839202052e+00
2.897297180098356684e+00
2.918711110515327167e+00
2.947336157267852474e+00
2.987547190733330194e+00
