1.018114266842800397e+01
1.001241318006525560e+01
9.526594550151390450e+00
9.094341517110835937e+00
8.707423165092869510e+00
8.359211807302694197e+00
8.044310732303545208e+00
7.758281068981704109e+00
7.497438287918590127e+00
7.189373963426092473e+00
6.862903205009025953e+00
6.523638499214442277e+00
6.170973773192325318e+00
5.804266487279980957e+00
5.422834867206140608e+00
5.079207381754580197e+00
4.840081414789632497e+00
4.594843570884355799e+00
4.343370182201740093e+00
4.085536893376185752e+00
3.821218783063597524e+00
3.576304550522904080e+00
3.379324049180829626e+00
3.180470567177854591e+00
2.979807265273330064e+00
2.777400126824570048e+00
2.573317906987336201e+00
2.415805854369330596e+00
2.271343770831669051e+00
2.127152338730444736e+00
1.983295241695946620e+00
1.839835648097466914e+00
1.722226626151540207e+00
1.625388951481891775e+00
1.529205294139674987e+00
1.433712049602907435e+00
1.338944557389305956e+00
1.248500035793434826e+00
1.162570591974959155e+00
1.078593183042983350e+00
9.965391114205656153e-01
9.163793590597313354e-01
8.520137498115381014e-01
7.950510717803153105e-01
7.401941668477838299e-01
6.873524440378750988e-01
6.364401228500172758e-01
5.941623234838909751e-01
5.538967255723281635e-01
5.155118135170011495e-01
4.788957175772207142e-01
4.443908887222718374e-01
4.124958477453189443e-01
3.822352361204157112e-01
3.534999879092354802e-01
3.261904212768715339e-01
3.018009588249050967e-01
2.796304572098765040e-01
2.587768286031132958e-01
2.391354558970026634e-01
2.206124562883299001e-01
2.054403056589475807e-01
1.913500354751354049e-01
1.781352548914616751e-01
1.657228301897470668e-01
1.542179089526239943e-01
1.444045028695843391e-01
1.351979823689462012e-01
1.265479871261933620e-01
1.184095492241594716e-01
1.106690000775645416e-01
1.031040992883118929e-01
9.605466719427463440e-02
8.947303082348255499e-02
8.331719843475107745e-02
7.755003656366728226e-02
7.166786799719694623e-02
6.620876350834481450e-02
6.113742195296768128e-02
5.641633199542252231e-02
5.201265273925420596e-02
4.848946854388141992e-02
4.585945976791116346e-02
4.340479194147870562e-02
4.110967049191040917e-02
3.896013276332355169e-02
3.694378952723002818e-02
3.491312145801413885e-02
3.288619737195488946e-02
3.100345388585674933e-02
2.925093794491625751e-02
2.761643304618626935e-02
2.608919695395062535e-02
2.465974557010623333e-02
2.424130880089768111e-02
2.392182397341952732e-02
2.352756463565393308e-02
2.302910306197615553e-02
2.237923947186669024e-02
2.149719983352767552e-02
