4.980090897155176055e-03
4.977499131243068309e-03
4.974076168213659166e-03
4.969580480676416556e-03
4.963708727851456892e-03
4.956082554425256248e-03
4.946233340226702246e-03
4.933584802243706768e-03
4.917433416110617017e-03
4.896926714311744533e-03
4.871039636249574478e-03
4.838549253586732490e-03
4.798008374427564782e-03
4.747718741882955840e-03
4.685704784236244258e-03
4.609689140467887469e-03
4.517071468210565044e-03
4.404912329503796187e-03
4.269924226957932945e-03
4.108472108792282640e-03
3.916585851027942766e-03
3.689987330360633422e-03
3.424134690575675322e-03
3.114286245985642410e-03
2.755586125306574985e-03
2.343173210241245030e-03
1.872314143551712107e-03
1.338560161275204052e-03
7.379262480653459022e-04
6.708964783674886689e-05
-6.763968686491761417e-04
-1.493883299280351906e-03
-2.385400303693163693e-03
-3.349446314050652518e-03
-4.382794800040556993e-03
-5.480333522146940695e-03
-6.634947937984136956e-03
-7.837460559159348250e-03
-9.076636892117795341e-03
-1.033926658555284206e-02
-1.161032556156449402e-02
-1.287322131211876552e-02
-1.411011935628403435e-02
-1.530234430806043378e-02
-1.643084438897268740e-02
-1.747670386141164656e-02
-1.842168409691735675e-02
-1.924877114760503716e-02
-1.994270602750569665e-02
-2.049047362380829185e-02
-2.088172733524373825e-02
-2.110912915217166841e-02
-2.116858881134886516e-02
-2.105939063286488278e-02
-2.078420234652345044e-02
-2.034896625122550873e-02
-1.976267901069705957e-02
-1.903707187049796801e-02
-1.818620772792645113e-02
-1.722601501549325675e-02
-1.617378058203877700e-02
-1.504762459176234302e-02
-1.386597993624016922e-02
-1.264709689269283288e-02
-1.140859096979207621e-02
-1.016704832511283740e-02
-8.937699112725017159e-03
-7.734164926758158032e-03
-6.568282428247140814e-03
-5.450001518805702716e-03
-4.387353241482649935e-03
-3.386480069902830792e-03
-2.451719451602496491e-03
-1.585730401883367335e-03
-7.896525526320807842e-04
-6.328726099535941785e-05
5.947089342637212894e-04
1.186627177298671398e-03
1.715512867296542510e-03
2.184981918833539538e-03
2.599051260367524208e-03
2.961986746185640840e-03
3.278170399481972197e-03
3.551987804627732004e-03
3.787735548212101122e-03
3.989547878810562054e-03
4.161341210208835406e-03
4.306774718441985783e-03
4.429225059891628291e-03
4.531773142751660544e-03
4.617200893183959209e-03
4.687996046556452967e-03
4.746363141069576130e-03
4.794239076139295008e-03
4.833311804234963205e-03
4.865040938679232596e-03
4.890679270452835681e-03
4.911294386236164655e-03
4.927789762330547774e-03
4.940924871244423144e-03
