4.992512160941098287e-03
4.989907458981646116e-03
4.986467421571161296e-03
4.981949326590351390e-03
4.976048338314997821e-03
4.968384245905177465e-03
4.958486145770102382e-03
4.945774970575911311e-03
4.929543834399474633e-03
4.908936255212825728e-03
4.882922435846870357e-03
4.850273935549376247e-03
4.809537247776995983e-03
4.759007015955551978e-03
4.696699865425868481e-03
4.620330101678726820e-03
4.527288813902519138e-03
4.414628216457661125e-03
4.279053342328920095e-03
4.116923450396603457e-03
3.924265696376716406e-03
3.696803715155461134e-03
3.430003736654807511e-03
3.119140673447429180e-03
2.759386242468631067e-03
2.345920586027672172e-03
1.874068018108410172e-03
1.339456432787544671e-03
7.381985826226955538e-04
6.709189839759766016e-05
-6.761681638551841900e-04
-1.492768011063683176e-03
-2.382557497248360967e-03
-3.343843176293992414e-03
-4.373204370987537892e-03
-5.465343889619500573e-03
-6.612985271475579907e-03
-7.806827745215461078e-03
-9.035568571487351264e-03
-1.028600010563129885e-02
-1.154318582102897839e-02
-1.279071581529034329e-02
-1.401103818532123402e-02
-1.518585836364994002e-02
-1.629659435146635360e-02
-1.732487206561095228e-02
-1.825304201923083625e-02
-1.906469651449849145e-02
-1.974516560858674552e-02
-2.028197040742585333e-02
-2.066521374508623055e-02
-2.088789093530296626e-02
-2.094610687683706729e-02
-2.083919013762014494e-02
-2.056969947366527052e-02
-2.014332327362200470e-02
-1.956867736919021272e-02
-1.885701123722560713e-02
-1.802183658965872404e-02
-1.707849549123729993e-02
-1.604368730388472386e-02
-1.493497483375150203e-02
-1.377029002515173239e-02
-1.256745844803208723e-02
-1.134375977424662008e-02
-1.011553860436598118e-02
-8.897876608841115420e-03
-7.704333230496795970e-03
-6.546758412273812056e-03
-5.435177203601648799e-03
-4.377742867089584600e-03
-3.380752413626564312e-03
-2.448716442147613748e-03
-1.584473795730123591e-03
-7.893408591040929068e-04
-6.328525839893739402e-05
5.948858086830544067e-04
1.187331497888521881e-03
1.716985201311027609e-03
2.187370731346671704e-03
2.602431722124487479e-03
2.966377763235827913e-03
3.283549476303493364e-03
3.558303588958589003e-03
3.794918084155884941e-03
3.997516718781346512e-03
4.170011613205737433e-03
4.316062200924397629e-03
4.439048575372916972e-03
4.542057155729750662e-03
4.627876589515578232e-03
4.699001891754761573e-03
4.757644964751728267e-03
4.805749828046490535e-03
4.845011096915596838e-03
4.876894465181580429e-03
4.902658162661222008e-03
4.923374560845017456e-03
4.939951286573984746e-03
4.953151368977781743e-03
