1.004992512160941098e+00
1.004989907458981646e+00
1.004986467421571161e+00
1.004981949326590351e+00
1.004976048338314998e+00
1.004968384245905177e+00
1.004958486145770102e+00
1.004945774970575911e+00
1.004929543834399475e+00
1.004908936255212826e+00
1.004882922435846870e+00
1.004850273935549376e+00
1.004809537247776996e+00
1.004759007015955552e+00
1.004696699865425868e+00
1.004620330101678727e+00
1.004527288813902519e+00
1.004414628216457661e+00
1.004279053342328920e+00
1.004116923450396603e+00
1.003924265696376716e+00
1.003696803715155461e+00
1.003430003736654808e+00
1.003119140673447429e+00
1.002759386242468631e+00
1.002345920586027672e+00
1.001874068018108410e+00
1.001339456432787545e+00
1.000738198582622696e+00
1.000067091898397598e+00
9.993238318361448158e-01
9.985072319889363168e-01
9.976174425027516390e-01
9.966561568237060076e-01
9.956267956290124621e-01
9.945346561103804994e-01
9.933870147285244201e-01
9.921931722547845389e-01
9.909644314285126487e-01
9.897139998943687011e-01
9.884568141789710216e-01
9.872092841847096567e-01
9.859889618146787660e-01
9.848141416363500600e-01
9.837034056485336464e-01
9.826751279343890477e-01
9.817469579807691638e-01
9.809353034855015085e-01
9.802548343914132545e-01
9.797180295925741467e-01
9.793347862549137695e-01
9.791121090646970337e-01
9.790538931231629327e-01
9.791608098623798551e-01
9.794303005263347295e-01
9.798566767263779953e-01
9.804313226308097873e-01
9.811429887627743929e-01
9.819781634103412760e-01
9.829215045087627001e-01
9.839563126961152761e-01
9.850650251662484980e-01
9.862297099748482676e-01
9.874325415519679128e-01
9.886562402257533799e-01
9.898844613956340188e-01
9.911021233911588846e-01
9.922956667695032040e-01
9.934532415877261879e-01
9.945648227963983512e-01
9.956222571329104154e-01
9.966192475863734357e-01
9.975512835578523863e-01
9.984155262042698764e-01
9.992106591408959071e-01
9.999367147416010626e-01
1.000594885808683054e+00
1.001187331497888522e+00
1.001716985201311028e+00
1.002187370731346672e+00
1.002602431722124487e+00
1.002966377763235828e+00
1.003283549476303493e+00
1.003558303588958589e+00
1.003794918084155885e+00
1.003997516718781347e+00
1.004170011613205737e+00
1.004316062200924398e+00
1.004439048575372917e+00
1.004542057155729751e+00
1.004627876589515578e+00
1.004699001891754762e+00
1.004757644964751728e+00
1.004805749828046491e+00
1.004845011096915597e+00
1.004876894465181580e+00
1.004902658162661222e+00
1.004923374560845017e+00
1.004939951286573985e+00
1.004953151368977782e+00
