-5.500000000000000028e-02
-7.749999999999999944e-02
-4.000000000000000083e-02
-5.500000000000000028e-02
-7.374999999999999611e-02
-5.500000000000000028e-02
-7.000000000000000666e-02
-4.000000000000000083e-02
-6.625000000000000333e-02
-7.749999999999999944e-02
-4.374999999999999722e-02
-5.500000000000000028e-02
-7.749999999999999944e-02
-6.625000000000000333e-02
-4.750000000000000056e-02
-7.000000000000000666e-02
-6.250000000000000000e-02
-6.250000000000000000e-02
-5.500000000000000028e-02
-7.000000000000000666e-02
-4.750000000000000056e-02
-6.625000000000000333e-02
-7.374999999999999611e-02
-7.000000000000000666e-02
-6.625000000000000333e-02
-4.750000000000000056e-02
-5.500000000000000028e-02
-6.250000000000000000e-02
-6.250000000000000000e-02
-6.250000000000000000e-02
-5.500000000000000028e-02
-5.124999999999999695e-02
-8.500000000000000611e-02
-6.250000000000000000e-02
-5.874999999999999667e-02
-6.250000000000000000e-02
-6.625000000000000333e-02
-6.625000000000000333e-02
-5.874999999999999667e-02
-5.874999999999999667e-02
-6.250000000000000000e-02
-6.250000000000000000e-02
-5.874999999999999667e-02
-5.874999999999999667e-02
-6.250000000000000000e-02
-5.124999999999999695e-02
-5.500000000000000028e-02
-6.625000000000000333e-02
-5.500000000000000028e-02
-5.874999999999999667e-02
-5.500000000000000028e-02
-6.250000000000000000e-02
-5.874999999999999667e-02
-6.250000000000000000e-02
-6.250000000000000000e-02
-7.000000000000000666e-02
-4.750000000000000056e-02
-5.874999999999999667e-02
-3.250000000000000111e-02
-6.625000000000000333e-02
-4.750000000000000056e-02
-6.625000000000000333e-02
-6.250000000000000000e-02
-5.500000000000000028e-02
-6.250000000000000000e-02
-7.374999999999999611e-02
-6.250000000000000000e-02
-7.000000000000000666e-02
-5.874999999999999667e-02
-6.625000000000000333e-02
-7.374999999999999611e-02
-6.625000000000000333e-02
-7.374999999999999611e-02
-5.124999999999999695e-02
-5.500000000000000028e-02
-5.500000000000000028e-02
-5.874999999999999667e-02
-5.124999999999999695e-02
-5.500000000000000028e-02
-8.874999999999999556e-02
-6.625000000000000333e-02
-5.874999999999999667e-02
-4.000000000000000083e-02
-4.750000000000000056e-02
-5.874999999999999667e-02
-7.000000000000000666e-02
-6.250000000000000000e-02
-5.500000000000000028e-02
-7.000000000000000666e-02
-6.625000000000000333e-02
-6.250000000000000000e-02
-7.749999999999999944e-02
-5.500000000000000028e-02
-8.125000000000000278e-02
-6.625000000000000333e-02
-3.250000000000000111e-02
-7.374999999999999611e-02
-7.374999999999999611e-02
-6.625000000000000333e-02
-5.124999999999999695e-02
-6.625000000000000333e-02
-6.250000000000000000e-02
-4.000000000000000083e-02
-8.125000000000000278e-02
-5.500000000000000028e-02
-6.250000000000000000e-02
-5.874999999999999667e-02
-6.625000000000000333e-02
-3.250000000000000111e-02
-5.874999999999999667e-02
-7.749999999999999944e-02
-7.749999999999999944e-02
-6.250000000000000000e-02
-5.874999999999999667e-02
-5.874999999999999667e-02
-5.500000000000000028e-02
-7.000000000000000666e-02
-5.874999999999999667e-02
-5.500000000000000028e-02
-6.625000000000000333e-02
-6.250000000000000000e-02
-3.624999999999999750e-02
-6.625000000000000333e-02
-6.250000000000000000e-02
-7.374999999999999611e-02
-7.749999999999999944e-02
-5.124999999999999695e-02
-6.250000000000000000e-02
-4.374999999999999722e-02
-6.625000000000000333e-02
-3.624999999999999750e-02
-5.874999999999999667e-02
-5.874999999999999667e-02
-6.250000000000000000e-02
-5.874999999999999667e-02
-7.000000000000000666e-02
-7.374999999999999611e-02
-6.625000000000000333e-02
-5.124999999999999695e-02
-6.250000000000000000e-02
-7.374999999999999611e-02
-7.374999999999999611e-02
-8.125000000000000278e-02
-5.874999999999999667e-02
-5.874999999999999667e-02
-6.625000000000000333e-02
-4.000000000000000083e-02
-7.749999999999999944e-02
-6.250000000000000000e-02
-5.500000000000000028e-02
-5.874999999999999667e-02
-4.750000000000000056e-02
-7.000000000000000666e-02
-5.874999999999999667e-02
-8.125000000000000278e-02
-6.625000000000000333e-02
-8.500000000000000611e-02
-7.374999999999999611e-02
-5.874999999999999667e-02
-5.124999999999999695e-02
-5.500000000000000028e-02
-5.874999999999999667e-02
-7.000000000000000666e-02
-7.000000000000000666e-02
-5.500000000000000028e-02
-6.625000000000000333e-02
-6.625000000000000333e-02
-4.374999999999999722e-02
-4.374999999999999722e-02
-4.750000000000000056e-02
-7.374999999999999611e-02
-5.874999999999999667e-02
-6.625000000000000333e-02
-6.625000000000000333e-02
-5.124999999999999695e-02
-5.124999999999999695e-02
-7.374999999999999611e-02
-7.000000000000000666e-02
-5.124999999999999695e-02
-6.625000000000000333e-02
-7.000000000000000666e-02
-4.374999999999999722e-02
-6.625000000000000333e-02
-3.624999999999999750e-02
-4.750000000000000056e-02
-4.750000000000000056e-02
-5.124999999999999695e-02
-4.374999999999999722e-02
-4.750000000000000056e-02
-3.250000000000000111e-02
-4.374999999999999722e-02
-7.374999999999999611e-02
-5.874999999999999667e-02
-5.500000000000000028e-02
-5.124999999999999695e-02
-7.000000000000000666e-02
-5.500000000000000028e-02
-7.374999999999999611e-02
-7.374999999999999611e-02
-7.749999999999999944e-02
-6.250000000000000000e-02
-8.125000000000000278e-02
-5.500000000000000028e-02
-5.874999999999999667e-02
-4.750000000000000056e-02
-6.250000000000000000e-02
-3.624999999999999750e-02
-7.374999999999999611e-02
-6.250000000000000000e-02
-6.250000000000000000e-02
-5.874999999999999667e-02
-6.625000000000000333e-02
-6.250000000000000000e-02
-8.125000000000000278e-02
-7.000000000000000666e-02
-6.625000000000000333e-02
-5.874999999999999667e-02
-4.750000000000000056e-02
-7.374999999999999611e-02
-6.625000000000000333e-02
-7.374999999999999611e-02
-7.000000000000000666e-02
-7.374999999999999611e-02
-6.250000000000000000e-02
-7.000000000000000666e-02
-6.625000000000000333e-02
-5.874999999999999667e-02
-5.124999999999999695e-02
-5.124999999999999695e-02
-8.500000000000000611e-02
-5.500000000000000028e-02
-5.874999999999999667e-02
-5.500000000000000028e-02
-6.625000000000000333e-02
-7.000000000000000666e-02
-5.874999999999999667e-02
-5.500000000000000028e-02
-6.625000000000000333e-02
-6.250000000000000000e-02
-4.000000000000000083e-02
-5.874999999999999667e-02
-5.874999999999999667e-02
-7.000000000000000666e-02
-7.000000000000000666e-02
-6.250000000000000000e-02
-5.874999999999999667e-02
-7.000000000000000666e-02
-6.250000000000000000e-02
-6.625000000000000333e-02
-5.874999999999999667e-02
-5.500000000000000028e-02
-4.000000000000000083e-02
-6.250000000000000000e-02
-6.625000000000000333e-02
-4.750000000000000056e-02
-7.374999999999999611e-02
-7.000000000000000666e-02
-6.625000000000000333e-02
-5.124999999999999695e-02
-5.500000000000000028e-02
-7.000000000000000666e-02
-6.625000000000000333e-02
-6.250000000000000000e-02
-5.500000000000000028e-02
-5.874999999999999667e-02
-6.250000000000000000e-02
-5.874999999999999667e-02
-7.374999999999999611e-02
-5.124999999999999695e-02
-6.625000000000000333e-02
-6.625000000000000333e-02
-5.874999999999999667e-02
-7.749999999999999944e-02
-3.250000000000000111e-02
-5.874999999999999667e-02
-5.874999999999999667e-02
-6.625000000000000333e-02
-8.500000000000000611e-02
-5.500000000000000028e-02
-5.500000000000000028e-02
-5.124999999999999695e-02
-7.374999999999999611e-02
-5.124999999999999695e-02
-6.625000000000000333e-02
-6.250000000000000000e-02
-8.500000000000000611e-02
-6.250000000000000000e-02
-7.000000000000000666e-02
-7.374999999999999611e-02
-6.250000000000000000e-02
-7.000000000000000666e-02
-7.000000000000000666e-02
-5.124999999999999695e-02
-5.500000000000000028e-02
-5.124999999999999695e-02
-5.124999999999999695e-02
-6.625000000000000333e-02
-6.250000000000000000e-02
-6.250000000000000000e-02
-6.625000000000000333e-02
