1.613559948386136966e+01
1.158964237963846244e+01
8.674164065349941666e+00
6.497604879398750199e+00
4.802932640513972729e+00
3.465194786425854545e+00
2.410135961295964080e+00
1.588409968250743987e+00
9.647822850456577726e-01
5.128009041136465385e-01
2.118585480202455074e-01
4.543825644668686436e-02
0.000000000000000000e+00
6.423947621988190804e-02
2.285752178413531510e-01
4.847821711982760462e-01
8.257228005204524379e-01
1.245145200129627483e+00
1.737528500786538643e+00
2.297962442001335148e+00
2.922052134050318273e+00
3.605841727674487629e+00
4.345752505031668989e+00
5.138532126970858371e+00
5.981212623735700618e+00
