7.836446578921651973e-01
7.765297053545858752e-01
7.727412490359812924e-01
7.721844557493000583e-01
7.747201238842463811e-01
7.800475843760246164e-01
7.875083031190670546e-01
7.960096430919820776e-01
8.039631516501575259e-01
8.096368969480820521e-01
8.118625279888036506e-01
8.104842019466734770e-01
8.063953337871110350e-01
8.010823620270919321e-01
7.961087214865421036e-01
7.929038162234740561e-01
7.928389443918213431e-01
7.979285795405086645e-01
8.117259045832146969e-01
8.420609777540789542e-01
9.122125831144256569e-01
9.232040266593051214e-01
9.337502280402429911e-01
9.258149844105534321e-01
9.095247164613800006e-01
9.109110436350849049e-01
9.252368041684831956e-01
9.340297384785647417e-01
9.366125223818236867e-01
9.369855472783514827e-01
9.350643422196611709e-01
9.312584366912374234e-01
9.262780111026314156e-01
9.208778755894267976e-01
9.454237020918501155e-01
9.911868318226582097e-01
9.518669083523261243e-01
9.312325686163133165e-01
9.279671393627999532e-01
1.044795779160482052e+00
1.028109506265116657e+00
1.067309202461304896e+00
1.037143785768458670e+00
1.057500116407003921e+00
1.061633101347838837e+00
1.085109844908551668e+00
1.080009225188080846e+00
1.071062510365694109e+00
1.070961114624013000e+00
1.084061025149630098e+00
1.076517469273426286e+00
1.070016413231920538e+00
1.065635295499120616e+00
1.062394615301681888e+00
1.060640685355636936e+00
1.060510658282340257e+00
1.061915832588671282e+00
1.065914477704756003e+00
1.071520131945746357e+00
1.075385551021936781e+00
1.078340105157270523e+00
1.080254278474760410e+00
1.080673755977717754e+00
1.079418054736654753e+00
1.076568170625600729e+00
1.072448030903980776e+00
1.067571194598740725e+00
1.062568324439913559e+00
1.058046699128593282e+00
1.054566420925096670e+00
1.052560196487154487e+00
1.052287392043746328e+00
1.053800569047078195e+00
1.056927067004411303e+00
1.061278463218141344e+00
1.066288250929756432e+00
1.071252671330011896e+00
1.075472925501818944e+00
1.078353449412585929e+00
1.079510115917590163e+00
1.078846040022237940e+00
1.076575732668340502e+00
1.073192819573707713e+00
1.069392211664235592e+00
1.065967147999128395e+00
1.063701319260724976e+00
1.063268329398217471e+00
1.065140141445107380e+00
1.069498187839031278e+00
1.076097876946843890e+00
1.083918119685140624e+00
1.090635649832529364e+00
1.086016629501487696e+00
1.090547369643708464e+00
1.077847384102082806e+00
1.037266192260552833e+00
9.877563145195711325e-01
8.520346052741245568e-01
8.063853543634730281e-01
1.024852842557803623e+00
