-1.802246706037298196e-01
-1.587068224564801566e-01
-1.398742577476355109e-01
-1.234685320271534659e-01
-1.091806994263132546e-01
-9.653348960735619322e-02
-8.468458496055086826e-02
-7.235061538263720671e-02
-5.774643743093421655e-02
-3.893947299725186717e-02
-1.456008768938110709e-02
1.574448835726438567e-02
5.126634104697014305e-02
9.068354478425266763e-02
1.325637576104762294e-01
1.755596892450108637e-01
2.183144800156775478e-01
2.587389883050386086e-01
2.930931018330850124e-01
3.132245105320098366e-01
2.953766455494897247e-01
3.378792019095253618e-01
3.811982143487120389e-01
4.423911383355823013e-01
5.102239715338949821e-01
5.574792191216533244e-01
5.876979361320729955e-01
6.182256308202811468e-01
6.487639389096834241e-01
6.745604395194819691e-01
6.952240757391714432e-01
7.101718644818565407e-01
7.188179365014937261e-01
7.207980595723916251e-01
6.863516707007091266e-01
6.249642867223446085e-01
6.437802544487707390e-01
6.399030975304026425e-01
6.155013725941569369e-01
4.686457426241628088e-01
4.536617550374963947e-01
3.817736874321058238e-01
3.787629845573641241e-01
3.251812814369867688e-01
2.881273230146594866e-01
2.323121121945896927e-01
2.058695403243999689e-01
1.842259421145364673e-01
1.548018810705082959e-01
1.133163064105200402e-01
9.365937398978019246e-02
7.416732636809020285e-02
5.376709171899718420e-02
3.342908453041193440e-02
1.278801982221833278e-02
-8.319245644902828474e-03
-2.983473474913678203e-02
-5.285036832078149338e-02
-7.641484202047310603e-02
-9.721646012987861241e-02
-1.161196570576303877e-01
-1.330288035305335903e-01
-1.475217350065139987e-01
-1.594479182901221703e-01
-1.689156925102344164e-01
-1.762733433252248183e-01
-1.820554229344962804e-01
-1.869098105522751796e-01
-1.914567513364737739e-01
-1.962644939651022602e-01
-2.017683630802699080e-01
-2.082239152340811250e-01
-2.156723160410484175e-01
-2.239204134052613648e-01
-2.325482106108706093e-01
-2.409439049533216304e-01
-2.483411780944835279e-01
-2.539566057446067671e-01
-2.570813474344390004e-01
-2.571802096437296736e-01
-2.539546086623537535e-01
-2.473484476626536255e-01
-2.374895082216269548e-01
-2.245733070118035579e-01
-2.087040581210464207e-01
-1.897050342242472265e-01
-1.669018709491071339e-01
-1.388789820268908626e-01
-1.032405649632933686e-01
-5.651560832608648610e-02
5.275910323520927037e-03
8.334474782977907559e-02
1.723182090568438074e-01
2.077187671452018769e-01
1.629900532785844014e-01
6.009092698861606685e-02
-4.595320844714434472e-02
-2.962838750506613383e-02
-6.303076646243577219e-02
-3.313889441032911165e-01
