7.462946659919956538e+00
6.737500849933103275e+00
6.067295276510541235e+00
5.449827860508093202e+00
4.882407458279486967e+00
4.362236250699657703e+00
3.886475384039874470e+00
3.452296521583104294e+00
3.056921631059857702e+00
2.697653022463308847e+00
2.371895367715769698e+00
2.077171179583366722e+00
1.811131002037210003e+00
1.571559366707833361e+00
1.356377398290098180e+00
1.163642803495945177e+00
9.915478510536553935e-01
8.384158419512001137e-01
7.026964773498001193e-01
5.829604542341498830e-01
4.778935539792723008e-01
3.862904348533370835e-01
3.070482944849615703e-01
2.391605311306384263e-01
1.817105019832161994e-01
1.338654517239888930e-01
9.487066413943186227e-02
6.404387312658055276e-02
4.076995613800610263e-02
2.449592250594377976e-02
1.472620065803620197e-02
1.101822159054424710e-02
1.297829075786810678e-02
2.025773648273423294e-02
3.254931984797277550e-02
4.958388859556638051e-02
7.112725566115975229e-02
9.697728146924482207e-02
1.269611378852023020e-01
1.609327306636102739e-01
1.987702562616595614e-01
2.403738679291499980e-01
2.856634249801844883e-01
3.345762980433585887e-01
3.870652018319422072e-01
4.430960255353395549e-01
5.026456292769985179e-01
5.656995731877491052e-01
6.322497434909022385e-01
7.022918375787304823e-01
7.758226673826875697e-01
8.528372374191285354e-01
9.333255507634458104e-01
1.017269092926575302e+00
1.104636940266760181e+00
1.195381436293192490e+00
1.289433376183803048e+00
1.386696637289000833e+00
1.487042191651828604e+00
1.590301436074821106e+00
1.696258776573175808e+00
1.804643407914488629e+00
1.915120236319385549e+00
2.027279905526085724e+00
2.140627904898819267e+00
2.254572765123246558e+00
2.368413384879003214e+00
2.481325584010575458e+00
2.592348049314646907e+00
2.700367933410893428e+00
2.804106491931224632e+00
2.902105307842129722e+00
2.992713864651843636e+00
3.074079505777051136e+00
3.144141172022189235e+00
3.200628763681464761e+00
3.241070554094081846e+00
3.262811819856505480e+00
3.263048789552312812e+00
3.238883197865700669e+00
3.187404227531675183e+00
3.105806505014399477e+00
2.991555182928047341e+00
2.842612111743063164e+00
2.657740822163350281e+00
2.436912689291058420e+00
2.181842454465742431e+00
1.896688516832522930e+00
1.588962414538243939e+00
1.270703113365610148e+00
9.599856222563282193e-01
6.828506901567779064e-01
4.757636773253215434e-01
3.887370775004793666e-01
4.892837417327495220e-01
8.674080143519323771e-01
1.641891427231541911e+00
2.968190354857189295e+00
5.048337574342948386e+00
8.143330961563810533e+00
