1.049776723160788183e+00
1.050859318819482136e+00
1.050979826286437824e+00
1.048271813829225962e+00
1.041831722745087063e+00
1.031657880300635766e+00
1.018501375736805992e+00
1.003649282637217199e+00
9.886697474269342534e-01
9.751517088584361614e-01
9.644697769815345767e-01
9.575987210938089467e-01
9.549940186226262284e-01
9.565467467964909876e-01
9.616133844366255845e-01
9.691141250247129468e-01
9.776867141455382049e-01
9.858767346866722514e-01
9.923401617710682077e-01
9.960311651100242081e-01
9.963486712672610102e-01
9.932200509016633205e-01
9.871092672507061350e-01
9.789483552626552232e-01
9.700029636606678496e-01
9.616923134741354184e-01
9.553896920998097286e-01
9.522308564935292319e-01
9.529551280307942962e-01
9.577986504284669023e-01
9.664526226084582117e-01
9.780918939580632854e-01
9.914716919696647812e-01
1.005082359615151244e+00
1.017344176134806766e+00
1.026817701734983768e+00
1.032400766603876807e+00
1.033483048114457237e+00
1.030034104579419907e+00
1.022610422154953236e+00
1.012279948065733626e+00
1.000475807911427761e+00
9.888017131823536587e-01
9.788177110645859269e-01
9.718360959081958628e-01
9.687539234272629640e-01
9.699423793989371267e-01
9.752055695445686068e-01
9.838131394579376909e-01
9.946029362111852290e-01
1.006141747711879253e+00
1.016924477007930427e+00
1.025585674027665650e+00
1.031093807665142581e+00
1.032899238627654537e+00
1.031012684501429799e+00
1.026001367485775750e+00
1.018903323497695190e+00
1.011073380026301205e+00
1.003984720709342637e+00
9.990154871676306669e-01
9.972503514237116562e-01
9.993234052750398222e-01
1.005322116174362179e+00
1.014764421482574397e+00
1.026652514106200398e+00
1.039598219079657548e+00
1.052006002034223675e+00
1.062291230877590031e+00
1.069104617331451568e+00
1.071530308950956245e+00
1.069226796981395777e+00
1.062487237963522846e+00
1.052208036736477004e+00
1.039769308444504325e+00
1.026844728712909438e+00
1.015168418353759483e+00
1.006291361949534169e+00
1.001359386322394185e+00
1.000940453220621418e+00
1.004922577523532423e+00
1.012496414802377398e+00
1.022228821594221682e+00
1.032225278802180846e+00
1.040369255237728385e+00
1.044615868524613855e+00
1.043306661211386155e+00
1.035464751434083119e+00
1.021027981408922702e+00
1.000984062071222702e+00
9.773859438165241054e-01
9.532447173715019595e-01
9.323164574873060717e-01
9.188134257428000051e-01
9.170759337868122918e-01
9.312385393748896512e-01
9.649156523564705878e-01
1.020920749353760870e+00
1.101024119906713228e+00
1.205748957629030338e+00
