2.128515663880350406e+00
2.132978592450987865e+00
2.134563401984299613e+00
2.133348688133456683e+00
2.131030613108812144e+00
2.128959183055695537e+00
2.128541480450251822e+00
2.128540687971268053e+00
2.129046165878652364e+00
2.131465334961545111e+00
2.134774479459539798e+00
2.138184248862113890e+00
2.140271350753850665e+00
2.139573748929257224e+00
2.135879962066943083e+00
2.130572620569657349e+00
2.128908778968528814e+00
2.129850518214453370e+00
2.130718426170714608e+00
2.130653466481496672e+00
2.129294945658085414e+00
2.139540713984223963e+00
2.410315782243262817e+00
4.035776198387216240e+00
5.875682916216106833e+00
6.622580637462633035e+00
8.500000000000000000e+00
8.500000000000000000e+00
8.500000000000000000e+00
8.500000000000000000e+00
8.500000000000000000e+00
8.500000000000000000e+00
8.500000000000000000e+00
8.500000000000000000e+00
5.928589409156860945e+00
2.955216278609386737e+00
4.987285719237068982e+00
6.401709623326429899e+00
6.736966603554563449e+00
7.726123884665798691e-01
1.488307381599103696e+00
3.396406634293636650e-01
1.526477612410912066e+00
9.753629507077286043e-01
9.677557101286693442e-01
3.116483980755087035e-01
4.787460718236287160e-01
7.090684815227435989e-01
6.164121155865649460e-01
1.131865806914696265e-01
1.831923712035781748e-01
2.249770431588613284e-01
2.249770431588613284e-01
2.249770431588613284e-01
2.249770431588613284e-01
2.249770431588613284e-01
2.249770431588613284e-01
1.854969411985582517e-01
1.216635186546249775e-01
1.116137681820740246e-01
1.129931033099389054e-01
1.131329492142376103e-01
1.131892431285298900e-01
1.131772753303021684e-01
1.131135320116806869e-01
1.130159876810697961e-01
1.127850409694390738e-01
1.119709408302865389e-01
1.112151301446441670e-01
1.107255516345572316e-01
1.106614068758991071e-01
1.110235963945123278e-01
1.116614138313354598e-01
1.123841544881750837e-01
1.129435797537935854e-01
1.130324509903960911e-01
1.131056451470459912e-01
1.131566187207853347e-01
1.131822953267177106e-01
1.131829053211464570e-01
1.131617207199930863e-01
1.131247179193731744e-01
1.130800842331857875e-01
1.130374323025127720e-01
1.130066286407917925e-01
1.129962895424324876e-01
1.130122064207960686e-01
1.130561210824892332e-01
1.131252497345591468e-01
1.143686403404192142e-01
1.261201833531736261e-01
1.780617807208335901e-01
5.191469894583743416e-01
4.764001420072025428e-01
4.561323901388042446e-01
4.810303326459460793e-01
5.348303676793231265e-01
1.286456995298607686e-01
1.131196481241489304e-01
1.123607156426239539e-01
