4.404123465643754898e+00
4.632441356205917238e+00
4.745732377122627632e+00
4.762942057661361694e+00
4.702114657460104041e+00
4.582996889235898763e+00
4.429975914446731444e+00
4.273439303854905447e+00
4.147279183035585959e+00
4.081338173992793195e+00
4.091210895514937107e+00
4.171534519996824564e+00
4.297675351251949216e+00
4.434264697308871739e+00
4.544163520232895159e+00
4.592603583193593408e+00
4.545115541454562091e+00
4.359424541644414397e+00
3.968849062122162152e+00
3.245165260557254516e+00
1.894512182033555758e+00
1.710521446031967985e+00
1.464725338249029285e+00
1.139337585051372281e+00
1.018114385592895355e+00
9.124515863623275935e-01
4.999761639429743942e-01
4.123302576223909499e-01
3.814656627425714319e-01
3.562715251828819651e-01
3.388075865143710952e-01
3.282999877289026758e-01
3.226785033626767829e-01
3.205420961186832840e-01
3.208235559042073581e-01
3.226208301022392977e-01
3.251291745411267198e-01
3.276443072531090572e-01
3.296109763342424670e-01
3.306831098132645419e-01
3.307583246874681859e-01
3.299625259238692654e-01
3.285859824897456871e-01
3.269943333040380429e-01
3.255433681219694897e-01
3.245164390456063419e-01
3.240890105488237194e-01
3.243155453039842651e-01
3.251319650132059036e-01
3.263697317035367251e-01
3.277812787371356951e-01
3.290780043113820663e-01
3.299796879911953695e-01
3.302685516183759273e-01
3.298353984321909516e-01
3.287039489611044973e-01
3.270252563125869982e-01
3.250446355909369922e-01
3.230527387563054686e-01
3.213352159058159851e-01
3.201316145789329659e-01
3.196075753934348729e-01
3.198391395760652456e-01
3.208060634321961424e-01
3.223921526179204244e-01
3.243932902793365547e-01
3.265362192943701558e-01
3.285113800113498295e-01
3.300198377460018540e-01
3.308278038757775930e-01
3.308154095862141375e-01
3.300041018363676359e-01
3.285525323598454395e-01
3.267221206831100178e-01
3.248239937494935559e-01
3.231627894481593488e-01
3.219891591856777757e-01
3.214657788985746945e-01
3.216461506307786156e-01
3.224640312953259702e-01
3.237338365006016128e-01
3.251668913968855379e-01
3.264116844817508412e-01
3.271242396175493838e-01
3.270645469033570674e-01
3.261995560747198430e-01
3.247837071381169394e-01
3.233978399520263114e-01
3.229595870433765725e-01
3.247626151704309239e-01
3.306559383138654717e-01
3.435893763973066339e-01
3.691555567295463636e-01
4.059428888345337771e-01
5.823856400297391378e-01
1.029231273205275743e+00
1.560537051127639518e+00
4.258591853622457180e+00
5.141694146564116608e+00
0.000000000000000000e+00
