9.860413217022470089e-01
9.695374602464855718e-01
9.659908630513788230e-01
9.705934004678583582e-01
9.793568756424809729e-01
9.890321909456908367e-01
9.971670557674622293e-01
1.002194754031368484e+00
1.003466453847573492e+00
1.001176413396807297e+00
9.961777169201442295e-01
9.897271046424116481e-01
9.832151688488756092e-01
9.779307445618670158e-01
9.748867092594741823e-01
9.747126313706100387e-01
9.776065212858302544e-01
9.833348519800299004e-01
9.912733715880817087e-01
1.000486101523208271e+00
1.009841682782864680e+00
1.018162347951875546e+00
1.024391587103566037e+00
1.027755580873041197e+00
1.027886903168871546e+00
1.024882302214294105e+00
1.019280655168933958e+00
1.011967474990262739e+00
1.004029965938495916e+00
9.965946351704076944e-01
9.906764186089623836e-01
9.870582368024998221e-01
9.862087845271019226e-01
9.882388598528843993e-01
9.928938973426140180e-01
9.995814951904790080e-01
1.007434629916496682e+00
1.015411071688921973e+00
1.022425030860946160e+00
1.027498475339617023e+00
1.029909484022534460e+00
1.029308810862087364e+00
1.025778075872084916e+00
1.019815224113757912e+00
1.012251016645960178e+00
1.004116817364390846e+00
9.964924712516530780e-01
9.903615018949523119e-01
9.864924699875917691e-01
9.853552510299133926e-01
9.870737473740459622e-01
9.914136717688336597e-01
9.978047309264796993e-01
1.005398316546130211e+00
1.013161670185519503e+00
1.020005380769125836e+00
1.024932721943402791e+00
1.027189242706112227e+00
1.026384078237915221e+00
1.022555655287616272e+00
1.016165687353945524e+00
1.008023113410880134e+00
9.991567266319354435e-01
9.906648020545831823e-01
9.835694889779698080e-01
9.786957536188551909e-01
9.765844208954863603e-01
9.774409615420319719e-01
9.811181666348597341e-01
9.871312773247790107e-01
9.947061347325216740e-01
1.002861769236421452e+00
1.010526169424331489e+00
1.016677039459817466e+00
1.020489708894487979e+00
1.021466212809246876e+00
1.019517922111301989e+00
1.014981899398145648e+00
1.008566747767264404e+00
1.001240986293267188e+00
9.940888539259442602e-01
9.881609852426628260e-01
9.843416623716276792e-01
9.832448932894491955e-01
9.851433634914399384e-01
9.899303238914719527e-01
9.971150915382597235e-01
1.005856152337703646e+00
1.015038705739510938e+00
1.023402351145386913e+00
1.029716816536129231e+00
1.032989405663855109e+00
1.032671827861354918e+00
1.028824646404811638e+00
1.022202843427373553e+00
1.014247597151173519e+00
1.006999712361198895e+00
1.002976191612944712e+00
1.005063219611807890e+00
1.016475725874218972e+00
