-3.878278423029055677e-01
-3.748242155667116382e-01
-3.612310517107152341e-01
-3.467730071661964120e-01
-3.311784160700625979e-01
-3.141846194798009195e-01
-2.955428552060552772e-01
-2.750223860014058275e-01
-2.524136843031032917e-01
-2.275306917226513903e-01
-2.002124240667151334e-01
-1.703244407192615606e-01
-1.377609229581602257e-01
-1.024482325400866145e-01
-6.435084398955681628e-02
-2.348041329786421105e-02
2.009157287694640637e-02
6.621762143839493575e-02
1.146553025153721483e-01
1.650472377631505561e-01
2.169026929936096471e-01
2.695844425063765870e-01
3.223052406621398358e-01
3.741382889769078179e-01
4.240451149842308087e-01
4.709221360777836596e-01
5.136639195865490004e-01
5.512373695231547188e-01
5.827577355534081516e-01
6.075555559341550005e-01
6.252242894445196875e-01
6.356415018279384377e-01
6.389613484492184803e-01
6.355812956544104608e-01
6.260901751055518716e-01
6.112067486082297663e-01
5.917178487968537404e-01
5.684233222031283006e-01
5.420922906937903907e-01
5.134325081442772110e-01
4.830723749649733501e-01
4.515537473486928022e-01
4.193330070304980284e-01
3.867877633263294701e-01
3.542268498835678958e-01
3.219017258585051833e-01
2.900178807370210610e-01
2.587452830840156759e-01
2.282272777064177083e-01
1.985876093620729810e-01
1.699354479999370948e-01
1.423684646553624589e-01
1.159740995318128132e-01
9.082929130939576545e-02
6.699900711791317853e-02
4.453399147951264681e-02
2.346820230267687712e-02
3.816406878670575153e-03
-1.442759877124477619e-02
-3.129178272368204894e-02
-4.682541538532491998e-02
-6.109724240507152793e-02
-7.419233315521356342e-02
-8.620778897113645645e-02
-9.724760469494664328e-02
-1.074170361909929650e-01
-1.168168508649781723e-01
-1.255378083769121966e-01
-1.336556592584914327e-01
-1.412268801040035271e-01
-1.482852797948466250e-01
-1.548395388757590752e-01
-1.608716603991554583e-01
-1.663362481188510600e-01
-1.711604360734120256e-01
-1.752442023942150096e-01
-1.784606625445273043e-01
-1.806557789317153606e-01
-1.816466862088571554e-01
-1.812175380020195625e-01
-1.791113611656186544e-01
-1.750158242428704325e-01
-1.685399694221653144e-01
-1.591777241579096502e-01
-1.462522643136889844e-01
-1.288333041777842691e-01
-1.056187184821731906e-01
-7.477924988557982378e-02
-3.380441138201051299e-02
2.046138699801136607e-02
9.090657933877333008e-02
1.763526332690404930e-01
2.611351030225934622e-01
3.012159221728299974e-01
2.436246130235659724e-01
9.965050087256122069e-02
-5.673245238872082208e-02
-1.772825455679929441e-01
-2.577868714446722720e-01
-3.093926443968120221e-01
