-2.977028770110160538e-01
-2.843035758156885473e-01
-2.706347218572081603e-01
-2.569576619187170508e-01
-2.423404890571490000e-01
-2.253491125304668552e-01
-2.052837138353141855e-01
-1.828775291108866163e-01
-1.588360862838997800e-01
-1.332423940826023001e-01
-1.058776134390746471e-01
-7.646707201706504087e-02
-4.476095261243218104e-02
-1.055507804435695807e-02
2.629929792720331339e-02
6.588299911308703738e-02
1.081910937432315478e-01
1.531104275587159558e-01
2.003958748723463357e-01
2.496544850643744873e-01
3.003599220683669246e-01
3.519374045850561794e-01
4.039299825139076594e-01
4.560515842143626486e-01
5.077581744696445520e-01
5.576964889734939979e-01
6.039885421645703190e-01
6.449540554126664826e-01
6.793941217119779941e-01
7.065353051163636433e-01
7.259493654777140481e-01
7.375162360164903008e-01
7.413996148595650704e-01
7.380114232795051965e-01
7.279600447171459265e-01
7.119872845596866284e-01
6.909022499331008982e-01
6.655206891884095644e-01
6.366195300142386548e-01
6.049232580630764522e-01
5.711548882149509732e-01
5.361870636949687130e-01
5.012062577455811407e-01
4.674952657666823219e-01
4.356726761142099003e-01
4.053984015644892525e-01
3.760626146059713459e-01
3.473613994089473911e-01
3.192899404656860396e-01
2.919616715822740405e-01
2.654970262286862059e-01
2.399849917181294812e-01
2.154777529577109885e-01
1.919955517221988428e-01
1.695330892700367409e-01
1.480651378427194631e-01
1.275515728377882851e-01
1.079435564663939751e-01
8.919440317270255214e-02
7.128069388260571682e-02
5.423798908319699130e-02
3.820047430032846858e-02
2.339700416291179419e-02
1.004161997766828129e-02
-1.835986612830908804e-03
-1.243683387535743368e-02
-2.205600871613688785e-02
-3.092948110242166315e-02
-3.918661001636902785e-02
-4.687744166473173379e-02
-5.401294986178728497e-02
-6.059387706521002226e-02
-6.662992693800040556e-02
-7.215959389782422573e-02
-7.728820491759380573e-02
-8.229038999853632852e-02
-8.796107442702161272e-02
-9.734837342605462407e-02
-1.366176948719949324e-01
-1.123044598292522345e+00
-1.120483067185093162e+00
-1.116147208643676336e+00
-1.109671180549384406e+00
-1.100555590118346583e+00
-1.088111411888448954e+00
-7.639884977924260578e-02
-1.382544657637396757e-02
2.207406193279004558e-02
6.412733191506003738e-02
1.186494468271841463e-01
1.048052165385312540e+00
1.132838533038962536e+00
1.258334838558331503e+00
1.298266136788910341e+00
1.240837437380667208e+00
1.097357119249168900e+00
9.418031060724267878e-01
8.224062177690584230e-01
7.433545879010372559e-01
6.934638984545125062e-01
