1.000693822504591157e+00
1.000905998481566028e+00
1.000837799179695287e+00
1.000547639243664300e+00
1.000100671241678452e+00
9.995631758878000817e-01
9.989976329343078776e-01
9.984588379933139191e-01
9.979911876472497001e-01
9.976270768986114090e-01
9.973862570489302470e-01
9.972759800140252873e-01
9.972917821651102743e-01
9.974188089224298448e-01
9.976336227164384063e-01
9.979064556395509378e-01
9.982038516745799228e-01
9.984915944179296732e-01
9.987377448896168630e-01
9.989155431407542585e-01
9.990058823538490174e-01
9.989990692581075526e-01
9.988956499065608785e-01
9.987061982835370166e-01
9.984501096915110452e-01
9.981535769185010398e-01
9.978470218931542179e-01
9.975622921250807407e-01
9.973299097331045360e-01
9.971766005802731314e-01
9.971232532561572492e-01
9.971833880874539924e-01
9.973621665783478640e-01
9.976559479381816864e-01
9.980523953616595723e-01
9.985311404441595817e-01
9.990650156204452514e-01
9.996218481645889886e-01
1.000166768301286480e+00
1.000664916994842724e+00
1.001084356813899845e+00
1.001398911784632473e+00
1.001590615681223095e+00
1.001651454694230781e+00
1.001584162019164559e+00
1.001401947295883055e+00
1.001127198485711967e+00
1.000789337622719266e+00
1.000422113384942913e+00
1.000060652582988929e+00
9.997385715924812510e-01
9.994853853309394465e-01
9.993243707849844837e-01
9.992709685696268274e-01
9.993317548571083453e-01
9.995039918953390057e-01
9.997757619787247529e-01
1.000126697420642419e+00
1.000529320404765832e+00
1.000950988626279514e+00
1.001356396145228977e+00
1.001710502678084369e+00
1.001981671349634340e+00
1.002144707870503471e+00
1.002183442475075292e+00
1.002092507395726750e+00
1.001878047607472455e+00
1.001557249080922363e+00
1.001156744536244370e+00
1.000710116143459505e+00
1.000254821021800522e+00
9.998288978985064857e-01
9.994677791405548462e-01
9.992014534052842123e-01
9.990521335094694200e-01
9.990325084429109159e-01
9.991446143601148133e-01
9.993793503048659099e-01
9.997166803357059317e-01
1.000126587124744448e+00
1.000570850579053594e+00
1.001005695570067022e+00
1.001385271752503359e+00
1.001665794742664373e+00
1.001810014352769063e+00
1.001791526372022956e+00
1.001598364507920058e+00
1.001235347675083043e+00
1.000724827330713884e+00
1.000105749535439736e+00
9.994312435196046618e-01
9.987651887287133379e-01
9.981783317620406271e-01
9.977445050954631967e-01
9.975373670706260132e-01
9.976278912912689423e-01
9.980826387520185250e-01
9.989626873838050036e-01
1.000322987637993100e+00
1.002211857212753188e+00
