5.026601398567457579e+00
5.018473000896275238e+00
5.012190280367375017e+00
5.008041464553099509e+00
5.008491539501716439e+00
5.012717372774927682e+00
5.017384968567316861e+00
5.021966412439977212e+00
5.025712153597906351e+00
5.027291908761782224e+00
5.026549148425120350e+00
5.022409642960530718e+00
5.015247958607949030e+00
5.001223819544612148e+00
4.982249080013683162e+00
4.962370657677735331e+00
4.947997649478144133e+00
4.950982765849495593e+00
4.976119420352159928e+00
5.015007533074110846e+00
5.031301736195242569e+00
4.959326661579829931e+00
4.714930525592261112e+00
4.242361079390653877e+00
3.576746506352306287e+00
2.857234329650606419e+00
2.243812913248707908e+00
1.819275314492968532e+00
1.566995119475213416e+00
1.435666114181649800e+00
1.391136191376294295e+00
1.433809678815948674e+00
1.612303905255871195e+00
2.117958778798379793e+00
3.378418457049960466e+00
4.959502860933258539e+00
3.582479053139952629e+00
6.567725252079991138e-01
2.013401929295965120e-01
1.222383840772533370e+00
2.469768824546727970e+00
1.830719659767276575e+00
1.348766257116277290e+00
9.472879855880114164e-01
6.478930808490764859e-01
5.051338623958082641e-01
4.856920286504573525e-01
5.868670420539600086e-01
8.588164377188138854e-01
7.297858004703023926e-01
3.101342731358637250e-01
1.640546780490891032e-01
1.194255347481740087e-01
1.063511308180703496e-01
1.044461738567601938e-01
1.058627773179606907e-01
1.071048114539356610e-01
1.070731908952789746e-01
1.060846004821993371e-01
1.049594113899817438e-01
1.044038194002903791e-01
1.047015440457142732e-01
1.057427243258701605e-01
1.071257063156297873e-01
1.083676933596070813e-01
1.090727009556318045e-01
1.090651818900269521e-01
1.084196956505036197e-01
1.073864800262876590e-01
1.062898908707810564e-01
1.053789785539492735e-01
1.047780686884407786e-01
1.044877942963789857e-01
1.043964362981741889e-01
1.043966445296051759e-01
1.043963337182162721e-01
1.044425671082862273e-01
1.047166368127434716e-01
1.055135943404382909e-01
1.071793878595710542e-01
1.100331833570879631e-01
1.143105322938765267e-01
1.200704124791951155e-01
1.271022832419488879e-01
1.348993416212953822e-01
1.426110506956067558e-01
1.491617485613730143e-01
1.534582564176160402e-01
1.546781075108993042e-01
1.525386803697783011e-01
1.473871823545014892e-01
1.401024404384039190e-01
1.318323146461458928e-01
1.236882393162698907e-01
1.165546542391873719e-01
1.109731781817194091e-01
1.071605263181322210e-01
1.050587312502665183e-01
1.043961559780318404e-01
1.047396008861010003e-01
