8.376691848131418983e-01
8.374593124110155662e-01
8.371212446136486740e-01
8.373233673769387986e-01
8.375839695790634476e-01
8.376944109373138936e-01
8.377436139433316331e-01
8.377686181595831449e-01
8.377825965977386824e-01
8.377908280424042342e-01
8.377956836436989407e-01
8.377983097637899945e-01
8.377992638155759009e-01
8.377987733721447006e-01
8.377968387372024539e-01
8.377932563775084551e-01
8.377875890321350161e-01
8.377790896780931140e-01
8.377665955053652524e-01
8.377484902430112346e-01
8.377231411146079942e-01
8.376909545967338167e-01
8.376591871765896036e-01
8.376438692795137309e-01
8.376552628623296082e-01
8.376836919579934149e-01
8.377136255696446820e-01
8.377377255216439389e-01
8.377551898127126861e-01
8.377673054771046512e-01
8.377754728678583618e-01
8.377807329210343879e-01
8.377837641027898741e-01
8.377849661232579237e-01
8.377845325713448865e-01
8.377824996500545796e-01
8.377787804574746700e-01
8.377732043880922186e-01
8.377655966536030618e-01
8.377559571520334369e-01
8.377448049907050276e-01
8.377336402447908004e-01
8.377250898210756302e-01
8.377219601217553713e-01
8.377253309798499137e-01
8.377336662775147769e-01
8.377441025565124377e-01
8.377542361258795145e-01
8.377627789594045415e-01
8.377693017693024213e-01
8.377737978661832230e-01
8.377763849438322197e-01
8.377771531872750810e-01
8.377760963893471358e-01
8.377730793922320007e-01
8.377678241069855813e-01
8.377599285826343722e-01
8.377489873430620237e-01
8.377349779958298548e-01
8.377191517385265129e-01
8.377052546244451170e-01
8.376992670973062438e-01
8.377052281010092250e-01
8.377208036519491197e-01
8.377396663625525930e-01
8.377569176647993165e-01
8.377706985756728786e-01
8.377809916913575572e-01
8.377883937239763990e-01
8.377935376519505262e-01
8.377969159590880066e-01
8.377988581151850633e-01
8.378052012343122357e-01
8.377990402076156418e-01
8.377972642111054524e-01
8.377940106967317613e-01
8.377889036795586053e-01
8.377813716587911852e-01
8.377706813144891740e-01
8.377562410656442804e-01
8.377386630577543514e-01
8.377219329736286246e-01
8.377142228836441662e-01
8.377214512810768898e-01
8.377394546611226511e-01
8.377593197061413699e-01
8.377758877715960617e-01
8.377881850030802768e-01
8.377969070575282950e-01
8.380556327357550073e-01
8.385754469782918941e-01
8.392202629464793340e-01
8.398819346891255311e-01
8.402918778341696981e-01
8.401684817021523033e-01
8.395503389331325783e-01
8.387597921160656611e-01
8.380527984686135801e-01
8.377926491324253488e-01
8.377671417366644446e-01
