1.057595698721592115e+01
1.054393978646313457e+01
1.017902114964610050e+01
9.908102303488787399e+00
9.897035216260436030e+00
1.012066247818731313e+01
1.042739212003632865e+01
1.062540231317740158e+01
1.058493942309613089e+01
1.033982150835885427e+01
1.007357722185278703e+01
1.000842041949836592e+01
1.025706484191949741e+01
1.061277232492374978e+01
1.029516130696873510e+01
8.212135814344383888e+00
4.726147204832638948e+00
2.382915507520733112e+00
1.816257934834559773e+00
1.497276076151492497e+00
1.156716626038770013e+00
9.580459227607438510e-01
8.723235744027726390e-01
8.507985412433251016e-01
8.233725228169100907e-01
8.038005661661186130e-01
8.369828683601083785e-01
9.092498083389449759e-01
1.031251019322999563e+00
8.067693693921526021e-01
3.186488429279707435e-01
1.783058007732145622e-01
1.536206547402818035e-01
1.606238505248984982e-01
1.734142050608250551e-01
1.800292224232355465e-01
1.778769233198458088e-01
1.703692634626717550e-01
1.622777644912639927e-01
1.564800861404284371e-01
1.538367904842125045e-01
1.537425774658984501e-01
1.549940010396505252e-01
1.563333721635987716e-01
1.569665813396808607e-01
1.566979942038488338e-01
1.557222058951505395e-01
1.547095477042736977e-01
1.539089433102606153e-01
1.535388959263650210e-01
1.535666042494600592e-01
1.539017180607437640e-01
1.541270340921803150e-01
1.541781155566485095e-01
1.540646003348894177e-01
1.538149951267331617e-01
1.535642118684353019e-01
1.535430345674473063e-01
1.536656781610103994e-01
1.539859619347075936e-01
1.542919908650285110e-01
1.546365210822546465e-01
1.547849544976775127e-01
1.547420964518521347e-01
1.545356398636623663e-01
1.542108875417336211e-01
1.540113887874921261e-01
1.538193614395934883e-01
1.536519552346576334e-01
1.535315776067216198e-01
1.535332473437627243e-01
1.535325181493668589e-01
1.535665959238743383e-01
1.537059432997086306e-01
1.538870007092714709e-01
1.540875091134307207e-01
1.543774157062244301e-01
1.547143026402925392e-01
1.549438136723616521e-01
1.550319446955283065e-01
1.549617819953229281e-01
1.547371955079742956e-01
1.543844345127005357e-01
1.540740545196156996e-01
1.538551477935737044e-01
1.536698637850053006e-01
1.535649972229114202e-01
1.535911665908931967e-01
1.538006206101655560e-01
1.543013541602167304e-01
1.559238961085190334e-01
1.597835733104483458e-01
1.679305776594862964e-01
1.839321748172739468e-01
2.137268005455182918e-01
2.681024143887772992e-01
3.658745018201652321e-01
5.301519492103959896e-01
7.564491733604223889e-01
9.568229404351432654e-01
