1.453116204742224138e-01
6.195805608520887908e-02
5.352939992240100808e-02
5.313265031193828980e-01
8.753441315434148384e-01
9.230234471570071264e-01
9.215647394134830472e-01
8.858688596475159382e-01
7.921123826822288327e-01
5.197015086422964725e-01
5.136922545829916698e-02
5.188714706829648804e-02
5.198284062004734918e-02
5.156827396145317183e-02
4.507759478676908182e-01
8.325444497853402570e-01
9.484766629869508803e-01
9.995325359775996121e-01
1.026317947897555483e+00
1.041790831196657052e+00
1.051167200276713176e+00
1.056249580100871777e+00
1.056136418607473093e+00
1.056075727607284742e+00
1.056082223654327690e+00
1.056148573795439027e+00
1.056251179026774789e+00
1.052327400848111383e+00
1.046269077639348843e+00
1.038709523018542358e+00
1.030101869257801894e+00
1.021526620913426386e+00
1.014688970098518439e+00
1.011306587877934593e+00
1.012078198851597888e+00
1.016212403079039595e+00
1.022040502236232218e+00
1.027970192610962341e+00
1.032955890523519216e+00
1.036459811618452687e+00
1.038231127264246156e+00
1.038105776023809934e+00
1.035867981569019936e+00
1.031151066553553264e+00
1.023351225018468647e+00
1.011551378447583138e+00
9.945186200150291089e-01
9.710244258110354298e-01
9.411408904882899717e-01
9.093431358296387712e-01
8.874485006310448565e-01
8.885930173099216844e-01
9.123988721778742983e-01
9.453675570479231904e-01
9.758535680970111814e-01
9.996756879989053823e-01
1.016966531805687524e+00
1.029069466268308863e+00
1.037283647984440726e+00
1.042572111369428400e+00
1.045576962036642188e+00
1.046695621304853940e+00
1.046152521788122014e+00
1.044059944987291599e+00
1.040479964548425507e+00
1.035506102245378424e+00
1.029381814553359309e+00
1.022649250079018524e+00
1.016253680059307607e+00
1.011438243814349658e+00
1.009300941172956767e+00
1.010207253141134354e+00
1.013560055934190185e+00
1.018150063677237815e+00
1.022719787871122721e+00
1.026292894773366937e+00
1.028182436964968138e+00
1.027816518207230967e+00
1.024484031849103971e+00
1.016968100547455345e+00
1.002834221574415929e+00
9.765911133422482404e-01
9.235251280313652167e-01
7.898119339045764908e-01
1.472776110880063827e-01
5.201301682348963284e-02
5.256160165651447419e-02
5.226913882825511698e-02
5.106103001389593332e-02
8.859213100466797330e-01
1.006416102804001511e+00
1.048897313600384074e+00
1.055504388993323772e+00
1.020803705251115190e+00
2.938039083129652118e-01
3.175064194106713330e+04
0.000000000000000000e+00
0.000000000000000000e+00
0.000000000000000000e+00
0.000000000000000000e+00
