9.011228642994514315e-01
9.021264587137942659e-01
9.035017131455539419e-01
9.056735856408636431e-01
9.078799135150821265e-01
9.088632072991352784e-01
9.081074319938303718e-01
9.065365568202314872e-01
9.050528005031230894e-01
9.039398180334324850e-01
9.031800537384971905e-01
9.026957623210029036e-01
9.024226274465133590e-01
9.023209848557015578e-01
9.023731811698150196e-01
9.025805063553978824e-01
9.029623306642673430e-01
9.035571402868313173e-01
9.044231315439533736e-01
9.056310032217143036e-01
9.072293065955484570e-01
9.091458239837743038e-01
9.110184598750473706e-01
9.121545385317730847e-01
9.119905135256304307e-01
9.106937737832442314e-01
9.089461981359858722e-01
9.073013138861794058e-01
9.059823395795291168e-01
9.050106816814698085e-01
9.043390524811185660e-01
9.039140651566036633e-01
9.036963327445600713e-01
9.036645118823132261e-01
9.038153280754133156e-01
9.041638339853161899e-01
9.047449128679959651e-01
9.056149769583063946e-01
9.068489819427182352e-01
9.085182637215684087e-01
9.106163730876620788e-01
9.128958261984420064e-01
9.147005125802416536e-01
9.151861320773083674e-01
9.140877482482884231e-01
9.120235555386521087e-01
9.098161509065094688e-01
9.079270530712831855e-01
9.064730552288352561e-01
9.054156599778760972e-01
9.046798170345202728e-01
9.041987478818812596e-01
9.039246342604068118e-01
9.038281481098949799e-01
9.038956159078185282e-01
9.041262747947179657e-01
9.045295250017462152e-01
9.051205529175805342e-01
9.059108867525706987e-01
9.068883970094524516e-01
9.079824590164431442e-01
9.090250006438983510e-01
9.097550168082919608e-01
9.099285164688643013e-01
9.094884647281972212e-01
9.086115214541133911e-01
9.075717803803813322e-01
9.065879949900600421e-01
9.057765578084885361e-01
9.051793686247261439e-01
9.048047832686718639e-01
9.046573538748752252e-01
9.047581799440301831e-01
9.051662474969741634e-01
9.060184575248645400e-01
9.076347359749711297e-01
9.108725676625499812e-01
9.188646931832668008e-01
9.578897968501418614e-01
1.945374504566382834e+00
1.945374498544977460e+00
1.945374493649363323e+00
1.945374491901465053e+00
1.945374494770778728e+00
1.945374501766530928e+00
9.503951348157203549e-01
9.101919050254843047e-01
9.041870974854264720e-01
9.021302909606778719e-01
9.009328217935732575e-01
4.114186462334895600e-02
4.114186462334592370e-02
0.000000000000000000e+00
0.000000000000000000e+00
0.000000000000000000e+00
0.000000000000000000e+00
0.000000000000000000e+00
0.000000000000000000e+00
0.000000000000000000e+00
0.000000000000000000e+00
