6.558582489276811867e-01
6.659253925774328842e-01
6.745285579764366268e-01
6.341056588920053194e-01
6.091219656703390495e-01
6.012240514590615481e-01
5.949382756092396196e-01
5.932086909046119239e-01
6.002323025441480553e-01
6.255997452784635149e-01
6.764950067324941863e-01
6.779264138467340217e-01
6.729355944871170392e-01
6.662070805832893683e-01
6.332561873089079807e-01
6.524909433698385941e-01
7.603122011101353106e-01
8.772056513559705060e-01
9.126909485924402654e-01
9.342243646722174777e-01
9.597708209764989062e-01
9.768210858504646765e-01
9.877902252654011672e-01
9.971927383084068230e-01
1.011127699913195288e+00
1.026757572604247049e+00
1.037154757056581555e+00
1.041425467162153229e+00
1.038232871759952491e+00
1.061430332517062425e+00
1.108201391371594013e+00
1.121772486272955227e+00
1.120207258431256347e+00
1.107109171420701088e+00
1.078501637931874813e+00
1.050339566102777678e+00
1.073410785940429824e+00
1.144501941013151392e+00
1.159646764726024015e+00
1.128145149046818396e+00
1.097186630801098239e+00
1.112231851343127076e+00
1.124890085506833781e+00
1.136689983573186957e+00
1.146733190153254478e+00
1.152880897883099998e+00
1.155880187281517202e+00
1.155735980000632157e+00
1.150795384451944958e+00
1.159356427206384099e+00
1.177686685802066258e+00
1.183147267025004057e+00
1.181138887698036655e+00
1.176561373730537152e+00
1.172076228722548130e+00
1.168566529687891764e+00
1.166067221322760084e+00
1.164359733012612530e+00
1.163234482753111809e+00
1.162510287424527444e+00
1.162087230954441885e+00
1.161889669907810063e+00
1.161911060304636312e+00
1.162150588172174093e+00
1.162617757009838160e+00
1.163313045891018138e+00
1.164187442008892681e+00
1.165176266813347405e+00
1.166135686865172216e+00
1.166872756589514060e+00
1.167210070391402787e+00
1.167100656945890602e+00
1.166624103980905547e+00
1.165961119891777198e+00
1.165293957123767488e+00
1.164769121662583728e+00
1.164473785386589189e+00
1.164485709684532244e+00
1.164911292572107682e+00
1.165918592444890045e+00
1.167858812381464162e+00
1.171561196059177634e+00
1.179392195897377871e+00
1.201099967074686692e+00
1.363179861514671520e+00
1.399758557483303134e+00
1.398845904795844142e+00
1.398510715311562347e+00
1.398862393919755753e+00
1.183845229845069014e+00
1.165488662857375290e+00
1.159080311240443972e+00
1.157309591272129845e+00
1.160627574000458795e+00
1.308703816982413892e+00
8.268746281876308002e-01
1.405198760592714091e+00
1.390366401297197463e+00
1.370252687379980738e+00
1.353079607984409627e+00
