-5.243826163924580896e-02
-4.810250967932716559e-02
-4.166156668809084529e-02
1.461026483014127297e-02
5.641745878759407695e-02
8.229004330960687508e-02
1.078854425492765667e-01
1.304503368047329470e-01
1.459844116750752541e-01
1.450976786723666700e-01
1.208074335669283572e-01
1.483022764572038410e-01
1.847260803469641388e-01
2.255588262280552314e-01
2.954162917881103523e-01
3.159725620986463257e-01
2.508412232973635803e-01
1.794619164895767671e-01
1.921280578238594439e-01
2.210611236138713132e-01
2.478184076874164754e-01
2.842621427183658067e-01
3.271582171235538627e-01
3.710133844377289103e-01
4.086209880820796947e-01
4.416326901524911808e-01
4.757799832439746357e-01
5.108299021366926596e-01
5.471435895315546194e-01
5.501156542807710270e-01
5.220870265872386007e-01
5.196578149001387370e-01
5.248886891728687942e-01
5.345667637411173345e-01
5.532737348606844296e-01
5.658115524422251408e-01
5.222363768606670398e-01
4.266337251335645675e-01
3.838217472309328748e-01
3.852963727378264647e-01
3.845846305015148126e-01
3.368510385502836435e-01
2.910166848189890132e-01
2.459914142708037321e-01
2.030272342092438453e-01
1.645410592200413635e-01
1.299985782309636129e-01
9.955247247959841950e-02
7.496761124257633746e-02
3.802090435376603850e-02
-7.509842538859778927e-03
-3.896352742499331612e-02
-6.173650047991885437e-02
-8.073767389844332953e-02
-9.864752354469286111e-02
-1.163751170504543353e-01
-1.339861234832255832e-01
-1.512956236286380207e-01
-1.681291928278385583e-01
-1.843411965324692758e-01
-1.998667828548017500e-01
-2.146641949635832436e-01
-2.287590393334325567e-01
-2.421804517256415101e-01
-2.549652788944718473e-01
-2.671383583122621808e-01
-2.786716703446482368e-01
-2.895177529257090265e-01
-2.995457390730527081e-01
-3.085708296295196496e-01
-3.164182369845182086e-01
-3.230371801362253992e-01
-3.284958509748757693e-01
-3.329544662926272602e-01
-3.365637045164967533e-01
-3.394247756861489274e-01
-3.415622921510608201e-01
-3.429693899273200675e-01
-3.436391905939607527e-01
-3.435886861710295559e-01
-3.429673810215799756e-01
-3.423339110534907581e-01
-3.436888845452971131e-01
-3.562810624222546574e-01
-5.059167716365895462e-01
-5.257622724468253850e-01
-5.024794463467338046e-01
-4.722495558933458293e-01
-4.326047710440178440e-01
-1.642629612243116100e-01
-7.629463284871373929e-02
1.490008642186446686e-02
1.010252472862016582e-01
1.376385627884515461e-01
-6.786637960174668471e-02
2.704824910615380995e-01
-4.633956545202873034e-01
-5.679601835281390398e-01
-6.268980994789434824e-01
-6.596157095298971207e-01
