1.049894216675876235e+00
1.049880847834417041e+00
1.049857292619243099e+00
1.049796681443741164e+00
1.049713289567093755e+00
1.049652318169575604e+00
1.049548861562207724e+00
1.049377629967890968e+00
1.049246568041649841e+00
1.049097954742787664e+00
1.048852926201629288e+00
1.048447139163977804e+00
1.047919609499693872e+00
1.047443130776858133e+00
1.046757219133361394e+00
1.045852518183398194e+00
1.044958364720633526e+00
1.043891826933057709e+00
1.042543928587007729e+00
1.040879498724950780e+00
1.039029760852458795e+00
1.036344498683308579e+00
1.033479411865652065e+00
1.030312656678446404e+00
1.026558834036113810e+00
1.022510636062918588e+00
1.017918581577542447e+00
1.013326175193357992e+00
1.007481017479343155e+00
1.000962129992410299e+00
9.933364725637893189e-01
9.853893553871643229e-01
9.770604029034728466e-01
9.670588187553159631e-01
9.574520984733122519e-01
9.467943158427095662e-01
9.366399282926727299e-01
9.275347721260628342e-01
9.164884733400109340e-01
9.065731329586084186e-01
8.979979250520040424e-01
8.887087867145795350e-01
8.794013049858567799e-01
8.717055090730509992e-01
8.652511887657547973e-01
8.577278278792781485e-01
8.489243543315261320e-01
8.424898227831323361e-01
8.376601524916976738e-01
8.341643345673348531e-01
8.321915064580336363e-01
8.316051530261173719e-01
8.319243477293628564e-01
8.327950110315589516e-01
8.344610820355631287e-01
8.372899641900586332e-01
8.418480777980694718e-01
8.490968626829560328e-01
8.530145774219155541e-01
8.581224933583907477e-01
8.650758627136110324e-01
8.745666768277120529e-01
8.853527210940845826e-01
8.919750770116738892e-01
9.001178824535394085e-01
9.101809402374851921e-01
9.196391731997599628e-01
9.283578730855329697e-01
9.385460421488952543e-01
9.483488244722599880e-01
9.563940010857278073e-01
9.657870640023917819e-01
9.741626809510778306e-01
9.820303709398446879e-01
9.906152764697901958e-01
9.972272680405372958e-01
1.003874700254453911e+00
1.009739475618547377e+00
1.015391294356047691e+00
1.020295796731158333e+00
1.024238583605120212e+00
1.028126355380166945e+00
1.031700139114509085e+00
1.035024895784864007e+00
1.037693242210721234e+00
1.040071502517411872e+00
1.041752653206486467e+00
1.043226515386560971e+00
1.044304791765298779e+00
1.045227439037097916e+00
1.045936931894313249e+00
1.046612612125449093e+00
1.047178648770172638e+00
1.047768815706708878e+00
1.048221260378826347e+00
1.048617427050619444e+00
1.048848371489499609e+00
1.049026401276922593e+00
1.049180558161429300e+00
1.049189807262610463e+00
