3.919722216212395693e-03
3.907505257014332045e-03
3.886038753810439061e-03
3.830945332852220275e-03
3.824108541083948154e-03
3.931603751567536165e-03
4.019807061046876129e-03
4.069338703591718343e-03
4.182544834864021510e-03
4.312743916366823527e-03
4.395690682454045373e-03
4.310055389698863593e-03
4.065904116648422217e-03
3.897280884872955653e-03
3.572694390125086272e-03
3.090018046838505228e-03
2.667681312057634813e-03
2.110936804764929065e-03
1.192865186698810476e-03
1.427344805948749240e-05
-1.297911873431534246e-03
-3.341360063607190511e-03
-5.504830118376879966e-03
-7.974920835986054612e-03
-1.104857451686047654e-02
-1.437039503846460065e-02
-1.818497425835685632e-02
-2.197161441186357145e-02
-2.692958892470076471e-02
-3.271124838555361514e-02
-3.958362081519006814e-02
-4.679183972284861603e-02
-5.440439185355216978e-02
-6.373949151684277226e-02
-7.293413384052538362e-02
-8.327126853695210329e-02
-9.319967868869705185e-02
-1.021415247049115571e-01
-1.132157535003706084e-01
-1.232653785287161075e-01
-1.319992542377010913e-01
-1.416039076149837594e-01
-1.513563299041313925e-01
-1.595150882231290979e-01
-1.664510273958944575e-01
-1.746835675874813809e-01
-1.844965172614172477e-01
-1.917166895776737379e-01
-1.971681712401213149e-01
-2.011316941481703369e-01
-2.033612964432927050e-01
-2.040083938147184695e-01
-2.036355855351671407e-01
-2.026567395297647067e-01
-2.007911873244278000e-01
-1.976217531481200274e-01
-1.925136075541777902e-01
-1.843911596258078767e-01
-1.801809154318542161e-01
-1.746901969877618921e-01
-1.672122574124164096e-01
-1.570268365656724008e-01
-1.455175777087365230e-01
-1.386883848450015666e-01
-1.303073255417388499e-01
-1.199977397446059246e-01
-1.104836547784608936e-01
-1.018840232101558829e-01
-9.189094550413101636e-02
-8.243102221659914797e-02
-7.486321008106711083e-02
-6.599954940065555498e-02
-5.821510759734738194e-02
-5.099912615029378316e-02
-4.315059613179328402e-02
-3.726727638344295990e-02
-3.144847764831770753e-02
-2.642801545329787061e-02
-2.163388022151835344e-02
-1.756979516454793000e-02
-1.442087277636794340e-02
-1.129972273090107393e-02
-8.361442527250240175e-03
-5.654318368542021744e-03
-3.547508419797562595e-03
-1.702066832403037466e-03
-4.881466637089992844e-04
5.386855838440673949e-04
1.207409167820916451e-03
1.748270993218170588e-03
2.109114308630033463e-03
2.452620003205119303e-03
2.708798851401184038e-03
3.016280042500429914e-03
3.361448293242919050e-03
3.641660104211741356e-03
3.753436294718248689e-03
3.792550282216478053e-03
3.775074782730758471e-03
3.574080882029928574e-03
