4.479593830636963148e-02
4.478223964651689704e-02
4.476948014003684362e-02
4.477962304245552971e-02
4.472775334694922833e-02
4.454401537214269791e-02
4.435735216097802525e-02
4.418138933725634931e-02
4.390675946314170908e-02
4.357164156530046739e-02
4.323006505433968361e-02
4.299118419946823533e-02
4.283054327006974304e-02
4.249723983667219596e-02
4.220319442926678821e-02
4.192803183692905833e-02
4.142771323761107460e-02
4.086815496509821344e-02
4.044419520481534747e-02
4.001977862947958542e-02
3.942978458322832225e-02
3.923112960753671885e-02
3.876983981451243011e-02
3.818859239759109236e-02
3.774023860352726523e-02
3.702637421242815918e-02
3.625114410922591901e-02
3.485764586270589938e-02
3.401503453619358908e-02
3.335357686357331986e-02
3.312822743871413067e-02
3.258396840430988206e-02
3.180280134426638483e-02
3.213159004467858182e-02
3.175220082703478219e-02
3.200928735374208856e-02
3.143022890125002355e-02
2.953213301134649527e-02
2.954408466084923468e-02
2.843266335097638375e-02
2.604140047994674134e-02
2.469981794541764586e-02
2.383305290142412325e-02
2.184954633576685623e-02
1.926819170761129296e-02
1.875107537482434417e-02
2.071584795248027078e-02
2.111112265841541547e-02
2.086784249751449938e-02
2.035614267950880407e-02
1.939995382730019813e-02
1.819950951248416882e-02
1.734411036762828484e-02
1.725170357676830690e-02
1.762311129623184147e-02
1.800062431570148558e-02
1.768793331579288086e-02
1.552858384444943951e-02
1.835084448408774715e-02
2.084883345405974531e-02
2.219037895831288409e-02
2.152058557546920881e-02
2.008244404248027415e-02
2.373647102738929426e-02
2.610788322359680613e-02
2.668086206761333123e-02
2.804690607152005022e-02
3.020169077723378059e-02
3.072551394153699711e-02
3.144640420778244128e-02
3.363922346396308605e-02
3.404711142687433245e-02
3.499162466817096195e-02
3.592358974701959085e-02
3.561794996434852756e-02
3.666169113222994547e-02
3.715525218166626509e-02
3.784391079126692148e-02
3.817577878242328637e-02
3.868165779273802229e-02
3.957903573097221184e-02
4.001663362479890296e-02
4.018797693684073025e-02
4.018084751340955663e-02
4.040390394501347515e-02
4.055683301048329525e-02
4.104686535856316709e-02
4.146457614438858741e-02
4.201356837644221187e-02
4.249353022855340001e-02
4.298380110611121907e-02
4.334611962856493861e-02
4.367219515648912420e-02
4.384253919890035434e-02
4.388748818416488007e-02
4.392417312010943320e-02
4.406852742767952691e-02
4.423540414049753622e-02
4.441773251560743319e-02
4.475001466518468973e-02
