2.755740902538050818e-05
1.371723032517202512e-05
1.339358874696827684e-06
1.475990510546587586e-05
3.652284875754752136e-05
1.746146972836370992e-05
1.757278155833930100e-05
5.611484008150036118e-05
1.778691551046485131e-05
-4.859176656801800220e-05
-7.484351242803555238e-05
-9.346680066579793333e-06
9.386942627087613289e-05
4.445422970422718834e-05
8.255703427373362047e-05
1.942225770057426359e-04
1.236805438500354626e-04
2.424125197997284431e-05
-2.788887064264500282e-05
-3.328215993647631876e-05
-1.615386391520257092e-04
1.970830587116889632e-04
3.450645864038204280e-04
3.620796291559091884e-04
4.922431690228545875e-04
4.039390291308286862e-04
3.117687335958407857e-04
-3.567610669119591904e-04
-3.704107071866857837e-04
-3.195951772771987720e-04
2.289253488504394696e-04
5.032287823643066815e-04
5.915090890565855020e-04
1.827587788354678722e-03
2.202422752466182132e-03
3.235432167164153938e-03
3.459673678646302264e-03
2.429238631694530248e-03
3.244710249797666535e-03
2.951938524085706561e-03
1.464631191857579395e-03
9.617309503422433181e-04
8.716204946188632618e-04
-3.154225759371964699e-04
-2.115037869387159652e-03
-2.110878650812497703e-03
3.843139137815754225e-06
6.642529688658527220e-04
7.060075776889052079e-04
4.583329390183132901e-04
-2.235415478958335811e-04
-1.172864562818398682e-03
-1.892721616959414099e-03
-2.027286131243699607e-03
-1.832882900492438516e-03
-1.703233022224415194e-03
-2.244705288304782442e-03
-4.471895345921739207e-03
-2.428845934498990999e-03
-7.144669554420834956e-04
-7.249474638071351507e-05
-1.292972741663067637e-03
-3.239739087728454869e-03
-5.660696793111652525e-04
9.276904281146913789e-04
7.238689212948345997e-04
1.230509013148695097e-03
2.468669167592474345e-03
2.121568641761384377e-03
1.944463350719849437e-03
3.220164057774366206e-03
2.765583307724694961e-03
2.881425742434995385e-03
3.007159660807445789e-03
1.880376641175240948e-03
2.167330037988635105e-03
1.848388936608325039e-03
1.741829720210752441e-03
1.288178944467865961e-03
1.040497878672441701e-03
1.238716613242596409e-03
1.006861451578799915e-03
6.382754654317146503e-04
1.045933271670573816e-04
-1.492280345407603903e-04
-4.520177431768246379e-04
-3.601960933221626249e-04
-3.286349918854014618e-04
-1.361845921366011680e-04
7.624412876161557051e-06
1.881246423005578094e-04
2.510854548118945928e-04
2.947672676005819170e-04
2.052291576963849451e-04
1.616969800883882868e-04
9.781210373094317845e-05
1.355100236777317946e-04
1.735834174869665958e-04
1.924044251218059998e-04
3.209347068258150415e-04
