3.233648794940475746e+00
3.180824064014431407e+00
3.127787592118776328e+00
3.074523764464226261e+00
3.021016256983457993e+00
2.967248058696938529e+00
2.913201502652993824e+00
2.858858306171121466e+00
2.804199621072766213e+00
2.749206094517323784e+00
2.693857940970773690e+00
2.638135025718399973e+00
2.582016960190241406e+00
2.525483209197795453e+00
2.468513209983468570e+00
2.411086502761802031e+00
2.353182872186327046e+00
2.294782498912056212e+00
2.235866120146476455e+00
2.176415197798378109e+00
2.116412092551990476e+00
2.055840241922905154e+00
1.994684340102371500e+00
1.932930517178119478e+00
1.870566515143615938e+00
1.807581857983517004e+00
1.743968013060031019e+00
1.679718541030191359e+00
1.614829231602644244e+00
1.549298222596859009e+00
1.483126099996898706e+00
1.416315976992146952e+00
1.348873550361458395e+00
1.280807132974944196e+00
1.212127661646142496e+00
1.142848680051864463e+00
1.072986296931330852e+00
1.002559120263648573e+00
9.315881685869329409e-01
8.600967610482745940e-01
7.881103881480790996e-01
7.156565654543962651e-01
6.427646728049816183e-01
5.694657816824606478e-01
4.957924735398320237e-01
4.217786518714885524e-01
3.474593507734544673e-01
2.728705426226136765e-01
1.980489473369018150e-01
1.230318454667380657e-01
4.785689712277640950e-02
-2.743803152302426440e-02
-1.028150327067582914e-01
-1.782363113402167798e-01
-2.536643281837314134e-01
-3.290619312981655220e-01
-4.043924753993004551e-01
-4.796199289652451903e-01
-5.547089691498796604e-01
-6.296250647312557902e-01
-7.043345474725350996e-01
-7.788046723949380024e-01
-8.530036675583092531e-01
-9.269007740170045473e-01
-1.000466276668908971e+00
-1.073671526745944682e+00
-1.146488956707761631e+00
-1.218892088299095899e+00
-1.290855534517831860e+00
-1.362354996217553627e+00
-1.433367254037364980e+00
-1.503870156315014750e+00
-1.573842603598546219e+00
-1.643264530328332196e+00
-1.712116884216696722e+00
-1.780381603807434043e+00
-1.848041594653302422e+00
-1.915080704506572751e+00
-1.981483697876679884e+00
-2.047236230270045976e+00
-2.112324822390797330e+00
-2.176736834547281951e+00
-2.240460441478305142e+00
-2.303484607784594740e+00
-2.365799064125498230e+00
-2.427394284317816453e+00
-2.488261463453197653e+00
-2.548392497132331957e+00
-2.607779961898230248e+00
-2.666417096936926523e+00
-2.724297787101904955e+00
-2.781416547308171783e+00
-2.837768508333088580e+00
-2.893349404053639606e+00
-2.948155560143562504e+00
-3.002183884248649015e+00
-3.055431857654238748e+00
-3.107897528455513037e+00
-3.159579506238403557e+00
-3.210476958276623272e+00
