1.442648605032153869e-03
1.622108606480433942e-03
1.948570243509978404e-03
2.813722628375108295e-03
4.002681388428750223e-03
4.864260407459145875e-03
6.336577999924341599e-03
8.806619946523496639e-03
1.066430821492863820e-02
1.275681129653838744e-02
1.626534996471332498e-02
2.217749225962309736e-02
2.995877541255625998e-02
3.696183957502885420e-02
4.718025882475447574e-02
6.074752022754167924e-02
7.418378737388763022e-02
9.025474071679959187e-02
1.109283083541399706e-01
1.364695196542690947e-01
1.654411627729574508e-01
2.079611088586103829e-01
2.543181733281321133e-01
3.056362755367870720e-01
3.672928495455047848e-01
4.359571862018086219e-01
5.134449206702935697e-01
5.924033709183744723e-01
6.994172544719249318e-01
8.168388734237832516e-01
9.583286726437301173e-01
1.114781432422703444e+00
1.288849427309729068e+00
1.505367499830572608e+00
1.714173910844040361e+00
1.968653312091164231e+00
2.228630552172835788e+00
2.476448172134544823e+00
2.806285144255464825e+00
3.125227415269794751e+00
3.421464956092156839e+00
3.780643553411236368e+00
4.179487253987431039e+00
4.538624157261518910e+00
4.862423107481325779e+00
5.266231823042437199e+00
5.778116056186521021e+00
6.194131198330632415e+00
6.536871134477955536e+00
6.822162256013028170e+00
7.061387862027583395e+00
7.222224947045839727e+00
7.338745569223230625e+00
7.453866311666909716e+00
7.565355433815064146e+00
7.670598468339589360e+00
7.766653170454065780e+00
7.850357140511903253e+00
7.918493638901886733e+00
7.968011780948086376e+00
7.996284456531456364e+00
8.001373538637265526e+00
7.982261547840917792e+00
7.939006735819694960e+00
7.872787637570223040e+00
7.785822789234166486e+00
7.681176381110076612e+00
7.562483332820729487e+00
7.433640601375600454e+00
7.298512245909563489e+00
7.160621787013710993e+00
6.892588555018663854e+00
6.559994431498318512e+00
6.144153804512895611e+00
5.618071751862276031e+00
5.001685021481958593e+00
4.630695131358918637e+00
4.216676868175226467e+00
3.756640986923292846e+00
3.367212559137987782e+00
3.034390102960214275e+00
2.684328362453644257e+00
2.378952472849128696e+00
2.127229741337054225e+00
1.874705775347383696e+00
1.660502617175434459e+00
1.478682639225742390e+00
1.301476545286327280e+00
1.159269793211163302e+00
1.047242088074394228e+00
9.413164643231203277e-01
8.477038790478056418e-01
7.800219740335925245e-01
7.169775513859556471e-01
6.585345235316886203e-01
6.080537151147303865e-01
5.760216415824355174e-01
5.463738199692890207e-01
5.190519796307672129e-01
4.939747326294836594e-01
