3.051744283691914639e+00
3.051744283691914195e+00
3.051744283691915083e+00
3.051744283691914639e+00
3.033044199796402385e+00
2.989954113594111895e+00
2.943452298846423343e+00
2.893083020545929251e+00
2.838295202877517465e+00
2.778413884120098487e+00
2.712600120515184177e+00
2.654278257294447663e+00
2.607498453250164161e+00
2.556642749098577916e+00
2.501104212609816635e+00
2.440133793151143760e+00
2.372792355852948454e+00
2.304145757087570079e+00
2.253932000087478293e+00
2.199980873368271972e+00
2.141797206658565766e+00
2.078779893362287190e+00
2.010189190210780907e+00
1.945402112822793184e+00
1.887772568569613618e+00
1.826070688998846725e+00
1.759747930887635592e+00
1.688133539842353592e+00
1.612991755204333799e+00
1.553687026841430896e+00
1.490956756417892937e+00
1.424390424145796530e+00
1.353494996643645365e+00
1.278531104244213790e+00
1.218828911090581890e+00
1.156076589994765591e+00
1.089930628639298682e+00
1.019982618615001169e+00
9.468861589252717259e-01
8.750604571307807333e-01
7.996629770345355936e-01
7.202253418456416867e-01
6.361800044468712834e-01
5.595178844628390102e-01
4.941756323036075038e-01
4.268448694106510288e-01
3.573056061590729193e-01
2.853039057691253433e-01
2.113803444693451716e-01
1.359150100700685648e-01
5.863418126993780177e-02
-2.073095088574872236e-02
-9.940009350362499774e-02
-1.725337049041466564e-01
-2.474108735364866085e-01
-3.242759786898896657e-01
-4.034080924582164052e-01
-4.800424122038293717e-01
-5.560243902630706003e-01
-6.331719345654458486e-01
-7.117093424321265793e-01
-7.899140341892452177e-01
-8.557217172087496770e-01
-9.217106998481674474e-01
-9.879936159538580398e-01
-1.054686277507995040e+00
-1.123705130872556968e+00
-1.195557293438526347e+00
-1.268033461054171696e+00
-1.341298211787959715e+00
-1.415527297788375272e+00
-1.486952875448426248e+00
-1.556000581816906703e+00
-1.625178533997555963e+00
-1.694618023296203368e+00
-1.764453494417680623e+00
-1.837930030247119539e+00
-1.914198451028311876e+00
-1.990757240041000742e+00
-2.067794429972976911e+00
-2.145505525233665001e+00
-2.219955490454299962e+00
-2.277824267497955635e+00
-2.335107468843629519e+00
-2.391877157353346384e+00
-2.448201273765461483e+00
-2.504144279618130131e+00
-2.561060294210922628e+00
-2.618925289971974824e+00
-2.675969797594284660e+00
-2.732272714859139473e+00
-2.787906929919711896e+00
-2.842940131555905747e+00
-2.893601757087518767e+00
-2.908734685346454629e+00
-2.927129619628338286e+00
-2.949959592061850433e+00
-2.979039770496051176e+00
-3.017339859587951256e+00
-3.070085603218820403e+00
