-3.331229123279339177e+00
-3.278404392353294838e+00
-3.225367920457640203e+00
-3.172104092803090136e+00
-3.118596585322321424e+00
-3.064828387035801960e+00
-3.010781830991857255e+00
-2.956438634509984897e+00
-2.901779949411629644e+00
-2.846786422856187215e+00
-2.791438269309637565e+00
-2.735715354057263404e+00
-2.679597288529105281e+00
-2.623063537536659773e+00
-2.566093538322332890e+00
-2.508666831100665462e+00
-2.450763200525190921e+00
-2.392362827250920088e+00
-2.333446448485339886e+00
-2.273995526137241541e+00
-2.213992420890853907e+00
-2.153420570261769029e+00
-2.092264668441234932e+00
-2.030510845516983132e+00
-1.968146843482479591e+00
-1.905162186322381102e+00
-1.841548341398894451e+00
-1.777298869369054790e+00
-1.712409559941507675e+00
-1.646878550935722441e+00
-1.580706428335762581e+00
-1.513896305331010383e+00
-1.446453878700322049e+00
-1.378387461313807627e+00
-1.309707989985005927e+00
-1.240429008390727894e+00
-1.170566625270194727e+00
-1.100139448602512005e+00
-1.029168496925796372e+00
-9.576770893871384693e-01
-8.856907164869429749e-01
-8.132368937932596964e-01
-7.403450011438450495e-01
-6.670461100213240790e-01
-5.933728018786954550e-01
-5.193589802103519837e-01
-4.450396791123183426e-01
-3.704508709614771078e-01
-2.956292756757652462e-01
-2.206121738056014969e-01
-1.454372254616398408e-01
-7.014229681583961096e-02
5.234704367894416066e-03
8.065598300135334853e-02
1.560839998448679822e-01
2.314816029593020907e-01
3.068121470604370238e-01
3.820396006263813149e-01
4.571286408110157851e-01
5.320447363923919148e-01
6.067542191336712243e-01
6.812243440560736829e-01
7.554233392194458219e-01
8.293204456781411160e-01
9.028859483300455402e-01
9.760911984070812508e-01
1.048908628368898199e+00
1.121311759960232024e+00
1.193275206178968428e+00
1.264774667878690195e+00
1.335786925698501548e+00
1.406289827976150875e+00
1.476262275259682788e+00
1.545684201989469209e+00
1.614536555877833734e+00
1.682801275468571056e+00
1.750461266314438102e+00
1.817500376167708431e+00
1.883903369537816896e+00
1.949655901931182989e+00
2.014744494051933454e+00
2.079156506208418964e+00
2.142880113139441711e+00
2.205904279445731753e+00
2.268218735786634355e+00
2.329813955978953466e+00
2.390681135114334221e+00
2.450812168793468526e+00
2.510199633559366816e+00
2.568836768598062648e+00
2.626717458763041080e+00
2.683836218969308351e+00
2.740188179994225592e+00
2.795769075714775731e+00
2.850575231804698184e+00
2.904603555909785140e+00
2.957851529315374872e+00
3.010317200116649161e+00
3.061999177899540570e+00
3.112896629937760284e+00
