-6.234127197110346685e+00
-5.986472385132605822e+00
-5.744130834377510375e+00
-5.507118159634346810e+00
-5.275450684970437010e+00
-5.049145421365311748e+00
-4.828220035770647733e+00
-4.612692810866949600e+00
-4.402582594832766816e+00
-4.197908740508705883e+00
-3.998691033428788177e+00
-3.804949608307730990e+00
-3.616704853715495105e+00
-3.433977304840579503e+00
-3.256787524440580839e+00
-3.085155972300959171e+00
-2.919102863768179290e+00
-2.758648018187230821e+00
-2.603810698350628172e+00
-2.454609442349578341e+00
-2.311061889499852917e+00
-2.173184602285861189e+00
-2.040992886516352911e+00
-1.914500612103598343e+00
-1.793720037054130856e+00
-1.678661637383294547e+00
-1.569333945728879964e+00
-1.465743401433855286e+00
-1.367894214789572072e+00
-1.275788247976564094e+00
-1.189424915010765194e+00
-1.108801102702793973e+00
-1.033911114273794229e+00
-9.647466368536568027e-01
-9.012967336288415510e-01
-8.435478609225377511e-01
-7.914839099955255364e-01
-7.450862728686966641e-01
-7.043339310039371526e-01
-6.692035652541554747e-01
-6.396696851189465072e-01
-6.157047750302604427e-01
-5.972794551503413096e-01
-5.843626539965636191e-01
-5.769217901159291451e-01
-5.749229600140455254e-01
-5.783311295948871944e-01
-5.871103264815715761e-01
-6.012238307561617034e-01
-6.206343618682397256e-01
-6.453042597071512176e-01
-6.751956581009364022e-01
-7.102706492856909470e-01
-7.504914381732046280e-01
-7.958204855238109054e-01
-8.462206393983713326e-01
-9.016552545126681473e-01
-9.620882993448103271e-01
-1.027484451048677361e+00
-1.097809178402322061e+00
-1.173028813168904616e+00
-1.253110610369646327e+00
-1.338022798064391949e+00
-1.427734617307496734e+00
-1.522216352996846656e+00
-1.621439356364362983e+00
-1.725376059869695666e+00
-1.833999985257581233e+00
-1.947285745525904055e+00
-2.065209041528247802e+00
-2.187746653903717142e+00
-2.314876430990059575e+00
-2.446577273335319269e+00
-2.582829115379869922e+00
-2.723612904836033355e+00
-2.868910580247604702e+00
-3.018705047167343114e+00
-3.172980153347519483e+00
-3.331720663297567775e+00
-3.494912232523909257e+00
-3.662541381730672896e+00
-3.834595471226204921e+00
-4.011062675749309747e+00
-4.191931959900717430e+00
-4.377193054339773681e+00
-4.566836432883281560e+00
-4.760853290622886647e+00
-4.959235523159279069e+00
-5.161975707035473704e+00
-5.369067081437497890e+00
-5.580503531218841573e+00
-5.796279571294512323e+00
-6.016390332441865496e+00
-6.240831548537888906e+00
-6.469599545256317086e+00
-6.702691230242946219e+00
-6.940104084783114580e+00
-7.181836156972002172e+00
-7.427886056395543335e+00
-7.678252950327446591e+00
