-9.229122039586396653e+00
-9.111875860942571848e+00
-8.928506877576376510e+00
-8.561094387385162818e+00
-8.208638289122010434e+00
-8.013688091818302439e+00
-7.749263897679892210e+00
-7.420099067443002738e+00
-7.228700287932932511e+00
-7.049537424470397440e+00
-6.806565696644256036e+00
-6.496524860373645183e+00
-6.195780489033407612e+00
-5.985716755180284565e+00
-5.741627212902504773e+00
-5.488876510679025600e+00
-5.289057145472087385e+00
-5.092966648215420555e+00
-4.886718650802237995e+00
-4.679501482312923955e+00
-4.486987153104939452e+00
-4.258251687189116730e+00
-4.057016638762691585e+00
-3.873207019846333754e+00
-3.689443287744357036e+00
-3.518058731024255703e+00
-3.354460011721277279e+00
-3.211415000115277252e+00
-3.045355278050203562e+00
-2.890160914708274298e+00
-2.730411971543593719e+00
-2.579189132820968844e+00
-2.434097590219743701e+00
-2.278810439458448744e+00
-2.148916213853143020e+00
-2.010497782717658666e+00
-1.886460199115277181e+00
-1.781022148825668339e+00
-1.655985897789260530e+00
-1.548340440357809378e+00
-1.457778684691185322e+00
-1.357953246419264737e+00
-1.257658921282360787e+00
-1.175223576721418528e+00
-1.106310598336608386e+00
-1.026532411073683093e+00
-9.337698060672319222e-01
-8.642452309386903231e-01
-8.103888625994462025e-01
-7.676710258416674648e-01
-7.332058805753205455e-01
-7.106844239420735398e-01
-6.946795691394935801e-01
-6.791146280015656345e-01
-6.642681636672422840e-01
-6.504528542865672947e-01
-6.380081595924318449e-01
-6.272884674186549603e-01
-6.186465031564676309e-01
-6.124124949708451560e-01
-6.088705029254475320e-01
-6.082342745126374517e-01
-6.106257204886520462e-01
-6.160593225952046836e-01
-6.244352834543160924e-01
-6.355430050360020289e-01
-6.490747837314367885e-01
-6.646478743546908596e-01
-6.818317683331285295e-01
-7.001769683309770897e-01
-7.192506748209717138e-01
-7.574007819254893192e-01
-8.068577396860163731e-01
-8.723464649660424008e-01
-9.618589934037991007e-01
-1.078072633827391158e+00
-1.155140500593265784e+00
-1.248800147952104034e+00
-1.364322290203549226e+00
-1.473762225471263232e+00
-1.577837044010885315e+00
-1.700416941452738140e+00
-1.821187240448578049e+00
-1.933026951487348821e+00
-2.059395766490247137e+00
-2.180727155814300655e+00
-2.296695911021842562e+00
-2.424348069788233140e+00
-2.540057175488624974e+00
-2.641687367922250118e+00
-2.748323383319004165e+00
-2.853071397195253489e+00
-2.936280681642069901e+00
-3.020558241742484995e+00
-3.105585825422931823e+00
-3.185339547474872024e+00
-3.239457540585024553e+00
-3.292299379330747566e+00
-3.343598741184807821e+00
-3.393118405410347815e+00
