-5.719132424340577003e+00
-5.574288037393605677e+00
-5.437205778622328900e+00
-5.309276767681189391e+00
-5.146430647940263725e+00
-4.997064394965628153e+00
-4.814367065719538985e+00
-4.638301912550049089e+00
-4.436555141410789105e+00
-4.231972162047899388e+00
-4.031401088806868316e+00
-3.832066857426301709e+00
-3.654649420016721884e+00
-3.489224141585102856e+00
-3.323615366385515468e+00
-3.142898498925152051e+00
-2.979402144188084467e+00
-2.812252849029896140e+00
-2.665743133556281119e+00
-2.498320443688176962e+00
-2.364335554405291973e+00
-2.201424448807347112e+00
-2.068872733850877665e+00
-1.926729957091439349e+00
-1.785995757358096903e+00
-1.675623985624099088e+00
-1.544484477699983760e+00
-1.435903719548091484e+00
-1.352033974204766231e+00
-1.236590307150822188e+00
-1.124541003646947424e+00
-1.042559636307257342e+00
-9.802867823451721918e-01
-9.086295334817862113e-01
-8.293227957174309495e-01
-7.733974223041335527e-01
-7.323695193120585145e-01
-7.015065824787094506e-01
-6.779618852612827595e-01
-6.599283669006430486e-01
-6.462148771799713920e-01
-6.419724557917634300e-01
-6.419724557917634300e-01
-6.419724557917638741e-01
-6.419724557917634300e-01
-6.419724557917634300e-01
-6.419724557917634300e-01
-6.419724557917634300e-01
-6.419724557917634300e-01
-6.452233726565439476e-01
-6.579674574100708995e-01
-6.744054770545950817e-01
-6.953911510523718142e-01
-7.221737949014159774e-01
-7.566264885064253320e-01
-8.016641631774583665e-01
-8.620662950811714964e-01
-9.462582903101948162e-01
-9.952300044590285388e-01
-1.054004778305604351e+00
-1.128905056096797477e+00
-1.227180826413226011e+00
-1.337898938174048258e+00
-1.406651334540207632e+00
-1.491618501014504439e+00
-1.599229874062681578e+00
-1.703662970441383706e+00
-1.803317584063928170e+00
-1.926491089054170214e+00
-2.052473012452435075e+00
-2.161503555607324323e+00
-2.295162511243653114e+00
-2.422001885548572098e+00
-2.549309470980558601e+00
-2.702632499876293171e+00
-2.827624482160612018e+00
-2.979662152877522008e+00
-3.128890723603775292e+00
-3.291894059586226717e+00
-3.456477881248289474e+00
-3.608734750884510678e+00
-3.782197782815892584e+00
-3.971217337161435434e+00
-4.184627288580808013e+00
-4.390672556145190697e+00
-4.616627468424957748e+00
-4.809906447411933073e+00
-5.013888195767963296e+00
-5.192619680172914087e+00
-5.375673836550746820e+00
-5.540760295334639096e+00
-5.728223581128171205e+00
-5.917866757102174802e+00
-6.163016814120410913e+00
-6.401163294995251718e+00
-6.668620579988949970e+00
-6.863246732121659477e+00
-7.041363988605418456e+00
-7.223717841533499495e+00
-7.223717841533499495e+00
