2.068011246639336193e-02
2.390330837252103990e-02
2.741524193573623494e-02
3.115666368098737524e-02
3.666689353558713615e-02
4.257386287377368933e-02
5.110783675778260426e-02
6.094690039966229461e-02
7.457085677045907635e-02
9.149943069336891055e-02
1.118214970533025904e-01
1.364881851161675874e-01
1.629845632546573497e-01
1.923046379857487054e-01
2.269408806721680827e-01
2.718924037138968353e-01
3.201862213312482441e-01
3.784379274841179752e-01
4.381502021280544446e-01
5.180047793138050638e-01
5.922739954565962028e-01
6.970662549586019718e-01
7.958670732769296263e-01
9.174287821564695022e-01
1.056069371716133576e+00
1.179305431466874943e+00
1.344557759576771261e+00
1.498771711783863037e+00
1.629895103705070403e+00
1.829347464057127226e+00
2.046249549921901778e+00
2.221072077456730742e+00
2.363781934624262338e+00
2.539380363561416498e+00
2.748971488885959324e+00
2.907088925084878817e+00
3.028841230161385845e+00
3.123777638286804770e+00
3.198198709823990793e+00
3.256396664728958168e+00
3.301360830066269791e+00
3.315396345095423136e+00
3.315396345095422692e+00
3.315396345095422248e+00
3.315396345095423136e+00
3.315396345095423136e+00
3.315396345095422692e+00
3.315396345095422692e+00
3.315396345095422692e+00
3.304635767552118075e+00
3.262788428641035576e+00
3.209593059431775419e+00
3.142939417780675093e+00
3.059880425283605376e+00
2.956254646143575915e+00
2.826065524276058838e+00
2.660418226165362832e+00
2.445602082411688638e+00
2.328722022576731110e+00
2.195796509281078723e+00
2.037339066610463600e+00
1.846641912068655467e+00
1.653097325528722683e+00
1.543261908635517043e+00
1.417551563582180041e+00
1.272928000850053420e+00
1.146698177773576299e+00
1.037933844752514823e+00
9.176479527443791584e-01
8.090266835808238577e-01
7.254566776605864131e-01
6.346936243585272752e-01
5.590858430954503966e-01
4.922542943485781475e-01
4.222816094733892744e-01
3.726652002903458327e-01
3.201029809535437809e-01
2.757278114673571423e-01
2.342551375511746359e-01
1.987061362634152673e-01
1.706424038792676845e-01
1.434672992677241132e-01
1.187579722286273426e-01
9.593564708267829366e-02
7.807206857810584932e-02
6.228231044332172700e-02
5.133631851619996356e-02
4.186360009779797886e-02
3.501180296480062293e-02
2.915513560473234275e-02
2.471831871291728724e-02
2.049295833436394487e-02
1.695288719446287964e-02
1.326711077094968293e-02
1.045564074912076410e-02
8.001942561495103620e-03
6.586737648962979336e-03
5.512073806520557083e-03
4.593246492266838885e-03
4.593246492266838885e-03
