9.518493471362429403e+00
9.518493471362429403e+00
9.518493471362431180e+00
9.518493471362431180e+00
9.342150795098014271e+00
8.948146513500677912e+00
8.541568043770558560e+00
8.121991025715184165e+00
7.688975169258090325e+00
7.242063560118311649e+00
6.780781930586000428e+00
6.396625342575533502e+00
6.104283617047447486e+00
5.801607607657056853e+00
5.488179054235807541e+00
5.163559136892355461e+00
4.827287229317987816e+00
4.507028471535851288e+00
4.286301774246682683e+00
4.061178397338915502e+00
3.831626974230174731e+00
3.597618853884352319e+00
3.359128260364513174e+00
3.148400092307510612e+00
2.972088404929908556e+00
2.794247928057382868e+00
2.614937599399567603e+00
2.434218702435162918e+00
2.258010371602848565e+00
2.127993103470162239e+00
1.998604246538993934e+00
1.869895838406141486e+00
1.741918863005884832e+00
1.616112231747987904e+00
1.522450510831783177e+00
1.429849070757872376e+00
1.338330487626028686e+00
1.247915953087800345e+00
1.159951811804436739e+00
1.079559147360861893e+00
1.001155948410707985e+00
9.247032956610983234e-01
8.501625676118782504e-01
7.874229047893462896e-01
7.376158901593132811e-01
6.895867134844848589e-01
6.432626964404384307e-01
5.985747953492227547e-01
5.559219614157687728e-01
5.155130368389058138e-01
4.771742671162351734e-01
4.407671061041777416e-01
4.074211794301839107e-01
3.786884660917454459e-01
3.513689142381183905e-01
3.253728007196352023e-01
3.006177398274097468e-01
2.784407167778965575e-01
2.580680197204197612e-01
2.389073089866680377e-01
2.208620371587043385e-01
2.042477154428269659e-01
1.912393654280474808e-01
1.790270448393804503e-01
1.675453342376502230e-01
1.567357561074799177e-01
1.462829049464067499e-01
1.361408878134982847e-01
1.266229941671600245e-01
1.176776811011691071e-01
1.092588988841882852e-01
1.017271986497422925e-01
9.494017923020693639e-02
8.859443531115926418e-02
8.265121787334604730e-02
7.707616496463129407e-02
7.161593123633970548e-02
6.635699173140875706e-02
6.146637901987307695e-02
5.690898019197383750e-02
5.265399201908861626e-02
4.887627438358575077e-02
4.612814642758850114e-02
4.356003553870081008e-02
4.115602884614578266e-02
3.890202512348004543e-02
3.678548371717583337e-02
3.475026815089140436e-02
3.279651608383377104e-02
3.097801580016297171e-02
2.928205490772338437e-02
2.769745835495559388e-02
2.621436259484683298e-02
2.491938029110481526e-02
2.454511609586383647e-02
2.409773766180278026e-02
2.355381941884374108e-02
2.287873352996625670e-02
2.201904417398446029e-02
2.088773155225543202e-02
