1.050586422114617446e-01
1.050586422114617446e-01
1.050586422114617446e-01
1.050586422114617308e-01
1.070417318166946158e-01
1.117549873028156893e-01
1.170745224852842159e-01
1.231225196917706682e-01
1.300563440493581191e-01
1.380821904832418012e-01
1.474756171540206884e-01
1.563324325631617884e-01
1.638193869641475231e-01
1.723660177706925201e-01
1.822097985721140845e-01
1.936648682601983251e-01
2.071556865161478522e-01
2.218756784687523909e-01
2.333013522305603382e-01
2.462339503862352175e-01
2.609857396676550922e-01
2.779616297930784241e-01
2.976962838243894516e-01
3.176216397792967494e-01
3.364637466171145896e-01
3.578780501038864581e-01
3.824183033008579091e-01
4.108094309683896772e-01
4.428677620688478145e-01
4.699263349910676735e-01
5.003491820512804278e-01
5.347891467860472758e-01
5.740795517159645867e-01
6.187689074776693277e-01
6.568358004974858000e-01
6.993745147310996835e-01
7.471995962475839193e-01
8.013360174822953264e-01
8.621047786841999905e-01
9.263040403526247024e-01
9.988453862632072910e-01
1.081427961479330513e+00
1.176245624185758620e+00
1.269965597797188206e+00
1.355719166765803507e+00
1.450143949188051673e+00
1.554574834719323784e+00
1.670634994606776003e+00
1.798813627461841591e+00
1.939815152167518209e+00
2.095670426746651049e+00
2.268771843794636034e+00
2.454462483758435010e+00
2.640693048617249516e+00
2.846011583490033026e+00
3.073397646601914612e+00
3.326483661856148633e+00
3.591428766496354008e+00
3.874947392099803878e+00
4.185723761409930965e+00
4.527713376479601592e+00
4.896015594749314026e+00
5.229048934364110224e+00
5.585748236514667120e+00
5.968533857120595698e+00
6.380165093370664842e+00
6.836068783063676157e+00
7.345331854820265072e+00
7.897459751108576675e+00
8.497788116170372774e+00
9.152572561251751893e+00
9.830212698996149356e+00
1.053294830606167842e+01
1.128739064127248959e+01
1.209903526808755458e+01
1.297417950748948989e+01
1.396337355022170534e+01
1.507000202853788906e+01
1.626905661185414687e+01
1.757191917034278106e+01
1.899191232523203254e+01
2.045982457975221180e+01
2.167873798202127489e+01
2.295682240919096273e+01
2.429777673007076899e+01
2.570560264731393474e+01
2.718463640952698057e+01
2.877675635934199505e+01
3.049104354388797589e+01
3.228095712943441242e+01
3.415060873122822471e+01
3.610439583244583162e+01
3.814702708798945707e+01
4.012940885038617012e+01
4.074130250981018264e+01
4.149767144262251861e+01
4.245595935918443331e+01
4.370871310207003546e+01
4.541523201908587737e+01
4.787499291142592028e+01
