-3.149324612030778958e+00
-3.149324612030778514e+00
-3.149324612030778514e+00
-3.149324612030778514e+00
-3.130624528135264040e+00
-3.087534441932972662e+00
-3.041032627185285886e+00
-2.990663348884790906e+00
-2.935875531216379120e+00
-2.875994212458961918e+00
-2.810180448854045387e+00
-2.751858585633310650e+00
-2.705078781589025372e+00
-2.654223077437440459e+00
-2.598684540948678734e+00
-2.537714121490005859e+00
-2.470372684191811441e+00
-2.401726085426433066e+00
-2.351512328426340837e+00
-2.297561201707134959e+00
-2.239377534997427865e+00
-2.176360221701149289e+00
-2.107769518549642562e+00
-2.042982441161655949e+00
-1.985352896908476605e+00
-1.923651017337709046e+00
-1.857328259226498357e+00
-1.785713868181216135e+00
-1.710572083543196786e+00
-1.651267355180292995e+00
-1.588537084756755480e+00
-1.521970752484659961e+00
-1.451075324982508352e+00
-1.376111432583077221e+00
-1.316409239429445321e+00
-1.253656918333628134e+00
-1.187510956978161225e+00
-1.117562946953864156e+00
-1.044466487264134713e+00
-9.726407854696432764e-01
-8.972433053733981367e-01
-8.178056701845055620e-01
-7.337603327857342705e-01
-6.570982128017019974e-01
-5.917559606424704910e-01
-5.244251977495144601e-01
-4.548859344979350183e-01
-3.828842341079883305e-01
-3.089606728082077147e-01
-2.334953384089311079e-01
-1.562145096088003449e-01
-7.684937745311382074e-02
1.819765164761122378e-03
7.495337656528411330e-02
1.498305451976240654e-01
2.266956503510262344e-01
3.058277641193538621e-01
3.824620838649672727e-01
4.584440619242085013e-01
5.355916062265828614e-01
6.141290140932631481e-01
6.923337058503826746e-01
7.581413888698862458e-01
8.241303715093053484e-01
8.904132876149963849e-01
9.571059491691329413e-01
1.026124802533694425e+00
1.097976965099663360e+00
1.170453132715310041e+00
1.243717883449098061e+00
1.317946969449513617e+00
1.389372547109562372e+00
1.458420253478043715e+00
1.527598205658692088e+00
1.597037694957342158e+00
1.666873166078814972e+00
1.740349701908258329e+00
1.816618122689449333e+00
1.893176911702136422e+00
1.970214101634115700e+00
2.047925196894799349e+00
2.122375162115437419e+00
2.180243939159094424e+00
2.237527140504767864e+00
2.294296829014485173e+00
2.350620945426599384e+00
2.406563951279266256e+00
2.463479965872062305e+00
2.521344961633109172e+00
2.578389469255423894e+00
2.634692386520278262e+00
2.690326601580848465e+00
2.745359803217041872e+00
2.796021428748655335e+00
2.811154357007591198e+00
2.829549291289477519e+00
2.852379263722985669e+00
2.881459442157192630e+00
2.919759531249092710e+00
2.972505274879952974e+00
