-9.516566156220255479e+00
-9.216086613316468501e+00
-8.920708590665718418e+00
-8.630432088268005231e+00
-8.345257106123327162e+00
-8.065183644231680660e+00
-7.790211702593073717e+00
-7.520341281207501893e+00
-7.255572380074964300e+00
-6.995904999195461826e+00
-6.741339138568993583e+00
-6.491874798195563123e+00
-6.247511978075168670e+00
-6.008250678207806672e+00
-5.774090898593481569e+00
-5.545032639232192473e+00
-5.321075900123938496e+00
-5.102220681268718749e+00
-4.888466982666535898e+00
-4.679814804317388166e+00
-4.476264146221274665e+00
-4.277815008378198058e+00
-4.084467390788155683e+00
-3.896221293451149759e+00
-3.713076716367178953e+00
-3.535033659536243711e+00
-3.362092122958342699e+00
-3.194252106633478583e+00
-3.031513610561647809e+00
-2.873876634742854819e+00
-2.721341179177095615e+00
-2.573907243864372418e+00
-2.431574828804684785e+00
-2.294343933998032714e+00
-2.162214559444415762e+00
-2.035186705143833930e+00
-1.913260371096288548e+00
-1.796435557301776953e+00
-1.684712263760301809e+00
-1.578090490471861784e+00
-1.476570237436457766e+00
-1.380151504654088424e+00
-1.288834292124754644e+00
-1.202618599848455982e+00
-1.121504427825192884e+00
-1.045491776054965793e+00
-9.745806445377738214e-01
-9.087710332736169683e-01
-8.480629422624952340e-01
-7.924563715044095069e-01
-7.419513209993593428e-01
-6.965477907473438535e-01
-6.562457807483643712e-01
-6.210452910024195639e-01
-5.909463215095112076e-01
-5.659488722696375262e-01
-5.460529432827994079e-01
-5.312585345489968525e-01
-5.215656460682294160e-01
-5.169742778404979866e-01
-5.174844298658012320e-01
-5.230961021441404846e-01
-5.338092946755144119e-01
-5.496240074599239023e-01
-5.705402404973693997e-01
-5.965579937878500161e-01
-6.276772673313657513e-01
-6.638980611279170496e-01
-7.052203751775039109e-01
-7.516442094801258911e-01
-8.031695640357838784e-01
-8.597964388444765405e-01
-9.215248339062047656e-01
-9.883547492209689977e-01
-1.060286184788767905e+00
-1.137319140609601931e+00
-1.219453616683472852e+00
-1.306689613010378892e+00
-1.399027129590319163e+00
-1.496466166423294553e+00
-1.599006723509307726e+00
-1.706648800848354242e+00
-1.819392398440435876e+00
-1.937237516285554406e+00
-2.060184154383707167e+00
-2.188232312734896823e+00
-2.321381991339119821e+00
-2.459633190196378827e+00
-2.602985909306674728e+00
-2.751440148670003971e+00
-2.904995908286369222e+00
-3.063653188155772256e+00
-3.227411988278207744e+00
-3.396272308653681016e+00
-3.570234149282186742e+00
-3.749297510163729363e+00
-3.933462391298307992e+00
-4.122728792685920851e+00
-4.317096714326571494e+00
-4.516566156220254591e+00
