9.886110783995127882e-01
9.959970491988701102e-01
1.002472986563196722e+00
1.008151987061042254e+00
1.013125544673068923e+00
1.017468037181413987e+00
1.021240093116926984e+00
1.024491147072847497e+00
1.027261397759172690e+00
1.029583320525097045e+00
1.031482843381011261e+00
1.032980266038022732e+00
1.034090980845047358e+00
1.034826039956959542e+00
1.035192602789008820e+00
1.035194290598776767e+00
1.034831470091190253e+00
1.034101484742609989e+00
1.032998850754287101e+00
1.031515433974781182e+00
1.029640624672633731e+00
1.027361528659852308e+00
1.024663195972268515e+00
1.021528912129253897e+00
1.017940581928142407e+00
1.013879241712607682e+00
1.009325742877041243e+00
1.004261656561194815e+00
9.986704561701426064e-01
9.925390390284648534e-01
9.858596487910414874e-01
9.786322527231099411e-01
9.708674078818863018e-01
9.626908972673124953e-01
9.606548924027950020e-01
9.584429690280497072e-01
9.560617550094013817e-01
9.535273520982122664e-01
9.508683192360325442e-01
9.481286798704163798e-01
9.453703919866642824e-01
9.426744462175837835e-01
9.401395614169251180e-01
9.378774934126996587e-01
9.360044419157376172e-01
9.346290108201410485e-01
9.338384718830897713e-01
9.336862064238203862e-01
9.341835111159587646e-01
9.352980595093383087e-01
9.369594319417668959e-01
9.390700715101139018e-01
9.415187077819187067e-01
9.441931690414209211e-01
9.469903782598005915e-01
9.498226020969282590e-01
9.526201261738854731e-01
9.553311763481924235e-01
9.579200950790541791e-01
9.603646677869843717e-01
9.626532492156419929e-01
9.719145257209249600e-01
9.810358347613885588e-01
9.897547004460883757e-01
9.980518010653512961e-01
1.005919548288260579e+00
1.013359368529985316e+00
1.020379405432239261e+00
1.026992630096549952e+00
1.033215322334144926e+00
1.037630581318032208e+00
1.037294870439807948e+00
1.036852993621501851e+00
1.036246540166632757e+00
1.035364446327068588e+00
1.033966436392005139e+00
1.031418099827422497e+00
1.025321088156574634e+00
1.010849054945540004e+00
1.013439580813829899e+00
1.016057960193547549e+00
1.018702129485705932e+00
1.021370134889886039e+00
1.024060127306115842e+00
1.026770357252399624e+00
1.029499169841910033e+00
1.031678115651482042e+00
1.033731643293745117e+00
1.035775340057918159e+00
1.037808236560920250e+00
1.039829454203140546e+00
1.041838198672870641e+00
1.043833753819383370e+00
1.045180153162444281e+00
1.046016060004913317e+00
1.047027829978671720e+00
1.048277032694619804e+00
1.049857807763701523e+00
1.051921680495458089e+00
1.054729146037820975e+00
