6.131069568538882741e-02
5.389751586587210319e-02
4.738564541492107374e-02
4.165945428780437609e-02
3.662426774278237929e-02
3.220174245788998135e-02
2.832634122683908018e-02
2.494259773512497169e-02
2.200295719798761596e-02
1.946604245112260045e-02
1.729523930818999133e-02
1.545752644588849201e-02
1.392249808091738927e-02
1.266154504960281812e-02
1.164717337862630764e-02
1.085245016162716958e-02
1.025057517329330814e-02
9.814583442427693427e-03
9.517188962077982595e-03
9.330782590233122065e-03
9.227597540673038168e-03
9.180053082167960454e-03
9.161280479787370368e-03
9.145824178348416211e-03
9.110495276994257097e-03
9.035333379441734536e-03
8.904607434097044916e-03
8.707757565251217358e-03
8.440150602013862802e-03
8.103495786668246659e-03
7.705749121598270968e-03
7.260331446418688550e-03
6.784504110643130304e-03
6.195509276358146522e-03
-1.000371177016567970e-03
-8.413221018175986998e-03
-1.596215303808234953e-02
-2.356334134045490192e-02
-3.113513564622394370e-02
-3.860360838772225467e-02
-4.590783574280266066e-02
-5.300392855266200520e-02
-5.986663593644947490e-02
-6.648740691558585603e-02
-7.286829101936997954e-02
-7.901206159167539766e-02
-8.491027441242582352e-02
-9.053213067182219742e-02
-9.581735104657218560e-02
-1.006753920029851423e-01
-1.049914670316290932e-01
-1.086377830468149286e-01
-1.114870816695152644e-01
-1.134254441411056691e-01
-1.143621791247299013e-01
-1.142358709290940411e-01
-1.130167536641207837e-01
-1.107062090111581298e-01
-1.073343635916376160e-01
-1.029566413840357075e-01
-9.764988124841167405e-02
-9.864082163487597477e-02
-9.892285275503243103e-02
-9.834569311372565181e-02
-9.700622818369719624e-02
-9.501473912948055212e-02
-9.248968631707665811e-02
-8.955286317911381744e-02
-8.632501930589331351e-02
-8.292203451116508806e-02
-7.801641617453003441e-02
-6.874222312969147097e-02
-5.980888692798902451e-02
-5.120900956598062326e-02
-4.286879321610315152e-02
-3.457183831347920844e-02
-2.569501063636026039e-02
-1.383978281781650388e-02
5.830418354975552830e-03
7.896713796000875973e-03
9.419340024815259227e-03
1.043108734603981347e-02
1.096827969005476078e-02
1.106936180591522323e-02
1.077365692378084994e-02
1.012031493232501411e-02
9.714341461682263201e-03
9.166237100930452186e-03
8.393267115244018584e-03
7.426826889053828040e-03
6.295602333473260259e-03
5.025498907390346659e-03
3.639662218389849713e-03
2.793891701960982132e-03
2.366897354001418208e-03
1.687409175678666884e-03
7.068488185575372285e-04
-6.578230692919628808e-04
-2.548717908906983354e-03
-5.218404068384696615e-03
