1.049921774084901616e+00
1.049894565064742213e+00
1.049858631978117796e+00
1.049811441348846630e+00
1.049749812415851302e+00
1.049669779639303968e+00
1.049566434343766064e+00
1.049433744807972468e+00
1.049264354957160306e+00
1.049049362976219646e+00
1.048778082689201252e+00
1.048437792483911224e+00
1.048013478925964748e+00
1.047487585006562361e+00
1.046839776167635128e+00
1.046046740760403937e+00
1.045082045264483561e+00
1.043916068185037682e+00
1.042516039716365084e+00
1.040846216565014304e+00
1.038868222213306769e+00
1.036541581742020268e+00
1.033824476452055885e+00
1.030674736307602313e+00
1.027051077205136664e+00
1.022914575092049416e+00
1.018230350311138288e+00
1.012969414126446033e+00
1.007110606772156469e+00
1.000642534815133100e+00
9.935653979126397584e-01
9.858925841695286296e-01
9.776519119925294321e-01
9.688864065436706419e-01
9.596545212257784341e-01
9.500297480098737202e-01
9.400996019713190321e-01
9.299640107577573644e-01
9.197331835898086005e-01
9.095250714826941252e-01
8.994625562438616218e-01
8.896705176649217783e-01
8.802729254804756431e-01
8.713900864971138027e-01
8.631361508963676377e-01
8.556169492284656508e-01
8.489281974706639478e-01
8.431540757519981888e-01
8.383661600693865790e-01
8.346226675063531664e-01
8.319679649101378027e-01
8.304322884632989732e-01
8.300316261124034423e-01
8.307677249003152520e-01
8.326281991350706901e-01
8.355867311678342180e-01
8.396033725097646894e-01
8.446249673370342936e-01
8.505857314874165631e-01
8.574080264029486642e-01
8.650033679672303188e-01
8.732737040860489852e-01
8.821129820063561278e-01
8.914090073323627239e-01
9.010455728816540999e-01
9.109048091587800267e-01
9.208696822129086579e-01
9.308265422531254440e-01
9.406676107906566386e-01
9.502932878229798375e-01
9.596141651435021735e-01
9.685526473101164768e-01
9.770441066935128260e-01
9.850375306006521336e-01
9.924956531109654367e-01
9.993945980785259309e-01
1.005723089191062236e+00
1.011481305338758130e+00
1.016679473300515557e+00
1.021336294609830775e+00
1.025477300218362808e+00
1.029133216831745745e+00
1.032338414579940800e+00
1.035129489112031065e+00
1.037544014176180474e+00
1.039619484774235048e+00
1.041392457113164305e+00
1.042897880394675569e+00
1.044168607173162178e+00
1.045235063449974078e+00
1.046125056536613807e+00
1.046863697580260988e+00
1.047473416037773220e+00
1.047974044864405263e+00
1.048382957358914735e+00
1.048715239154350387e+00
1.048983881513177341e+00
1.049199984694409560e+00
1.049372962586551106e+00
1.049510741969436278e+00
