4.871566052258202717e-02
4.868974490353122908e-02
4.865551889384728268e-02
4.861056837530774999e-02
4.855186188803317648e-02
4.847561912371023407e-02
4.837715922202490137e-02
4.825072804084806766e-02
4.808930429800573059e-02
4.788438548166729092e-02
4.762575573679372898e-02
4.730123958916709892e-02
4.689644738671816526e-02
4.639452072154515161e-02
4.577588881939187448e-02
4.501804988376756356e-02
4.409539454966870942e-02
4.297909176986314250e-02
4.163706039151415794e-02
4.003405207753907291e-02
3.813187270979678800e-02
3.588976954392952834e-02
3.326500969613555014e-02
3.021367156160503775e-02
2.669166408666678869e-02
2.265597917396355854e-02
1.806616985086906269e-02
1.288603145084232793e-02
7.085445611492824369e-03
6.423284780197047183e-04
-6.455393376475937472e-03
-1.420787131853873397e-02
-2.260159050928578495e-02
-3.160790147216419044e-02
-4.118193301349060143e-02
-5.126198118321001473e-02
-6.176944978744702830e-02
-7.260939169356506184e-02
-8.367166883952137368e-02
-9.483271517773972370e-02
-1.059578537577543500e-01
-1.169040896695661136e-01
-1.275232770027072693e-01
-1.376655418873622416e-01
-1.471828356882831645e-01
-1.559324922126570367e-01
-1.637806693089369769e-01
-1.706055669192583224e-01
-1.763003287426068155e-01
-1.807755514686615328e-01
-1.839613426159925069e-01
-1.858088843022343006e-01
-1.862914751675388558e-01
-1.854050359529963998e-01
-1.831680760281959586e-01
-1.796211288324185418e-01
-1.748256742383849094e-01
-1.688625757813584372e-01
-1.618300709477664689e-01
-1.538413635337021468e-01
-1.450218784541035255e-01
-1.355062509902031920e-01
-1.254351336662562488e-01
-1.149519138176122723e-01
-1.041994423181420437e-01
-9.331687767699259339e-02
-8.243674870694084333e-02
-7.168233243292210233e-02
-6.116543156259401925e-02
-5.098461800881670669e-02
-4.122398661710402479e-02
-3.195243797378122252e-02
-2.322348292917641999e-02
-1.507553640327419231e-02
-7.532646167444756458e-03
-6.055852512130144305e-04
5.706774533348557554e-03
1.141589533796905087e-02
1.654189856090493294e-02
2.111186262819009229e-02
2.515816295460426844e-02
2.871691089389782903e-02
3.182653440959049007e-02
3.452652914486753488e-02
3.685639552521591256e-02
3.885476617808025779e-02
4.055871869485416781e-02
4.200326172823265480e-02
4.322097754426312832e-02
4.424180122177157060e-02
4.509291541474125253e-02
4.579873963177005791e-02
4.638099400789030824e-02
4.685881924140078425e-02
4.724893647740779912e-02
4.756583322432117455e-02
4.782196372239777560e-02
4.802795442271401427e-02
4.819280729833819166e-02
4.832409554721461831e-02
