6.016993254503000266e-02
5.270072895719563055e-02
4.618558512993614640e-02
4.049162927788918509e-02
3.551171076352632738e-02
3.115839437201806117e-02
2.735949281930116772e-02
2.405468059869442232e-02
2.119288016890696902e-02
1.873020826930726912e-02
1.662833503522531675e-02
1.485315317913282751e-02
1.337368595945953587e-02
1.216118546706190795e-02
1.118838976337432900e-02
1.042892039841047946e-02
9.856811920483155021e-03
9.446172779672412645e-03
9.170982786783632434e-03
9.005036009042566292e-03
8.922039435661499596e-03
8.895876531882507265e-03
8.901040398403115006e-03
8.913233084790084249e-03
8.910115119402428618e-03
8.872172110077070073e-03
8.783643239186122997e-03
8.633430030486000106e-03
8.415874068935957908e-03
8.131261638656406276e-03
7.785885160210836986e-03
7.391471326837262268e-03
6.963781635497712230e-03
6.414996190602595405e-03
-1.041885500754125005e-03
-8.816762685003087796e-03
-1.683667906056496300e-02
-2.502222333754278161e-02
-3.329197723827848066e-02
-4.156766749895335344e-02
-4.977937466957782497e-02
-5.786980170779409960e-02
-6.579633185657440819e-02
-7.352959934436609224e-02
-8.104777880894942221e-02
-8.832688390973841841e-02
-9.532887129007128202e-02
-1.019907022899477766e-01
-1.082179474007749498e-01
-1.138855311994828590e-01
-1.188460492485110542e-01
-1.229437052906090511e-01
-1.260304142731107913e-01
-1.279805304047052505e-01
-1.287017299479984445e-01
-1.281410823729729476e-01
-1.262866110230491667e-01
-1.231653586815710799e-01
-1.188391583984018673e-01
-1.133991591621461570e-01
-1.069598729240559543e-01
-1.070188361007584632e-01
-1.062888423910763880e-01
-1.046537699350538198e-01
-1.022493431755586712e-01
-9.921897427616199749e-02
-9.570766775518668723e-02
-9.185685667689691414e-02
-8.780018633579800280e-02
-8.366023011724932346e-02
-7.816381333128141762e-02
-6.856867630952390158e-02
-5.941364091390122226e-02
-5.068062506326631578e-02
-4.228613295949434914e-02
-3.400790084156701809e-02
-2.522787674264614921e-02
-1.358992493587629635e-02
5.751272393822365325e-03
7.761791887160529591e-03
9.227767990863111613e-03
1.018751588688551757e-02
1.068153899289059350e-02
1.075128617901136008e-02
1.043809498396303104e-02
9.782325062868302279e-03
9.372003725963834464e-03
8.828051924333696343e-03
8.070710448980000784e-03
7.130776742773264898e-03
6.036202051824535175e-03
4.812087942294956955e-03
3.480756864026379738e-03
2.669553312240613430e-03
2.260217219357318896e-03
1.610321002771197829e-03
6.740685820570413433e-04
-6.267793990152314976e-04
-2.425856047541530280e-03
-4.959904805659554050e-03
