-1.145427202244797549e-02
-4.010984053664401472e-03
2.469933763911136282e-03
8.118939097418564899e-03
1.304015112450684910e-02
1.731722475169217290e-02
2.101766640272373365e-02
2.419604744215364533e-02
2.689642412909876157e-02
2.915417721236002180e-02
3.099742070156841223e-02
3.244808641003427141e-02
3.352276142725862940e-02
3.423333525448324366e-02
3.458749905601754548e-02
3.458912948535708409e-02
3.423858262918555440e-02
3.353291899019072986e-02
3.246607760473052551e-02
3.102901606849650662e-02
2.920983327413528841e-02
2.699389301204702107e-02
2.436396929773243514e-02
2.130043847681495350e-02
1.778154896726436007e-02
1.378380706388648846e-02
9.282526611682939688e-03
4.252601420356327822e-03
-1.330428457443133539e-03
-7.488933160636701558e-03
-1.424127853668677446e-02
-2.159934264537599624e-02
-2.956537214478349718e-02
-3.802289766276678584e-02
-4.014004751273647642e-02
-4.244521849820692694e-02
-4.493277072688206530e-02
-4.758716835602228024e-02
-5.037969160124289303e-02
-5.326504767878637026e-02
-5.617847908817652502e-02
-5.903428796177201399e-02
-6.172694514613286110e-02
-6.413594254299614938e-02
-6.613505687933374233e-02
-6.760560830291861834e-02
-6.845179801886569493e-02
-6.861486462931054575e-02
-6.808238134183186574e-02
-6.689002026917867383e-02
-6.511529336748145269e-02
-6.286517901162524957e-02
-6.026106089442806457e-02
-5.742450554829114928e-02
-5.446634608019751411e-02
-5.148004645944559421e-02
-4.853906321533574264e-02
-4.569721709978735724e-02
-4.299091254936460160e-02
-4.044220437155598979e-02
-3.806200553004757126e-02
-2.848741488944472877e-02
-1.914629127517986085e-02
-1.029814388255845259e-02
-1.950099142583372469e-03
5.902096599169404101e-03
1.327091904824584390e-02
2.017452424397481181e-02
2.663475477320398355e-02
3.267561210843261676e-02
3.693982671417739283e-02
3.661623833574267906e-02
3.619015798472480228e-02
3.560508865999212347e-02
3.475348679204959268e-02
3.340231559035400366e-02
3.093465127599470677e-02
2.500582027384534722e-02
1.079062616708256761e-02
1.335007074102956270e-02
1.593039496374115682e-02
1.852939500701231146e-02
2.114499541669989657e-02
2.377524296585617480e-02
2.641830054125288152e-02
2.907244111521195551e-02
3.118671496889033334e-02
3.317520980389895846e-02
3.515026709528312754e-02
3.711102447899830570e-02
3.905671336291671736e-02
4.098665168947510096e-02
4.290023714386392850e-02
4.418926592916017082e-02
4.498871925805048022e-02
4.595551222154997673e-02
4.714789514034073425e-02
4.865473382172924577e-02
5.061866334587972194e-02
5.328400035287417236e-02
