1.564923138332563468e-03
1.557851169019297544e-03
1.547686525844582661e-03
1.539493315342976842e-03
1.576851646113208716e-03
1.613994851840772071e-03
1.657193826682057392e-03
1.693676570991620167e-03
1.721990978908127801e-03
1.764268462955076444e-03
1.793717774254854902e-03
1.748372687013333149e-03
1.664324887612256276e-03
1.550849696537515143e-03
1.388537481266549634e-03
1.245672939707898053e-03
1.131889333106261830e-03
7.990817985499276688e-04
4.135588567120151993e-04
-3.553012141699340987e-05
-6.373112498079258614e-04
-1.390111767149093680e-03
-2.296600393546288643e-03
-3.297838444738854236e-03
-4.653530147529671979e-03
-6.004526140051424932e-03
-7.522426855738562068e-03
-9.014890232685868199e-03
-1.126766670822121341e-02
-1.346179978185335635e-02
-1.653320340089536877e-02
-1.951053627774168575e-02
-2.292915402310757855e-02
-2.665678695958528799e-02
-3.025573501007894350e-02
-3.467828990956900448e-02
-3.878920581548372937e-02
-4.252135124740119565e-02
-4.748488405698259029e-02
-5.191187244694273062e-02
-5.578355554263314531e-02
-6.013678845772862935e-02
-6.480086961744979668e-02
-6.875713904677582811e-02
-7.205630020970321681e-02
-7.518235734349576482e-02
-7.998483514514742598e-02
-8.334783096118347778e-02
-8.569043037865664569e-02
-8.725292541100071464e-02
-8.820323897191095774e-02
-8.864537478640266421e-02
-8.811554237917107457e-02
-8.729306022967497913e-02
-8.615089481601823085e-02
-8.455278926940357209e-02
-8.230547482002725790e-02
-8.053278572939759350e-02
-7.860236137068321582e-02
-7.587300602050994769e-02
-7.202137057358548589e-02
-6.650197451180561714e-02
-6.316455261526310316e-02
-5.978101704695015783e-02
-5.555156765405744324e-02
-5.057164939474301235e-02
-4.717741014202148087e-02
-4.319774788182750846e-02
-3.852019033164411077e-02
-3.521304114433099208e-02
-3.153118763402962266e-02
-2.760307491077074182e-02
-2.462969027747963224e-02
-2.132601601538208769e-02
-1.838597890911697341e-02
-1.553355830002267624e-02
-1.289022094112524108e-02
-1.101138239439736211e-02
-9.056751464882051295e-03
-7.408133830774321638e-03
-5.803069301919094869e-03
-4.540266067027509678e-03
-3.242673989141131585e-03
-2.300956274373433530e-03
-1.407148867239360612e-03
-7.476679858422485836e-04
-1.524225018592062497e-04
2.476374448017182317e-04
5.726484198929071567e-04
7.547305331718767718e-04
9.157155155019580661e-04
9.796842649834047734e-04
1.058915470056209784e-03
1.228208456609092281e-03
1.397290973104592382e-03
1.490213637926007806e-03
1.538193357534911598e-03
1.557473327014058384e-03
1.496126812185583077e-03
1.422882732778241177e-03
