9.232383756607731584e-06
6.000503908198950853e-06
2.592794154931965522e-06
2.009960441640146200e-06
8.375203636612482683e-06
1.397921930190726414e-05
1.119928018922244917e-05
1.195011171328808075e-05
1.602776957798646151e-05
-1.664433832093692445e-06
-2.079717044489726163e-05
-1.349225462909942053e-05
1.268154010225508443e-05
4.330312885758580421e-05
9.333676236766841328e-05
8.612853929657049434e-05
5.994519438390355504e-06
3.083218237343032797e-05
1.898845804970683560e-05
-1.894527624934916332e-05
-3.476544255587299403e-06
4.910127619095483453e-05
1.227793465961024566e-04
8.844127030127602040e-05
2.403628339864294361e-04
1.932242797753058738e-04
1.076631944294526022e-04
-2.273328054174239554e-04
-8.859589592025152172e-05
-2.938159729137801435e-04
1.220461588258281438e-04
1.756103775816253432e-04
4.130754198694575052e-04
6.627100598162183331e-04
5.103892172187984855e-04
9.540003887997805521e-04
8.917164513948527826e-04
2.999478355241169680e-04
7.832748501137576369e-04
6.636805034877513165e-04
-7.953396301441095773e-06
-1.641735363676621873e-04
8.060532217557536683e-05
-2.310292614503550723e-04
-9.371757479305076188e-04
-1.512042338481456305e-03
-1.521610874920531487e-04
2.385644888009963438e-04
1.132730263760928224e-04
-2.522116885809166931e-04
-6.679724154450283891e-04
-1.015288614035325665e-03
-1.714619815852080897e-03
-2.130385959013603170e-03
-2.298457288098521012e-03
-2.367300916246817266e-03
-2.547823468217802478e-03
-1.815286793023895839e-03
-8.090326035649075820e-04
-1.869871911327480873e-04
-3.189697359621268546e-04
-1.772212284340324295e-03
-9.290161415046460647e-04
1.291924151936019172e-05
2.161368946578257066e-04
-2.965122799239994222e-04
7.062231250656303416e-04
1.052573894548491928e-03
5.772529630968525893e-04
1.288559212826889677e-03
1.427504104318466638e-03
1.097320127246281807e-03
1.482750244796715577e-03
1.279807607564964478e-03
1.180324531325105397e-03
9.014554352978487728e-04
5.386797968978118689e-04
6.991155474940224934e-04
5.407157175834065299e-04
4.673174199749663416e-04
2.232470963545729603e-04
1.927898265674521383e-04
-2.870075217975553983e-05
-4.684040135360945101e-05
-1.629286234743343442e-04
-1.673631264049735279e-04
-2.210590443476601052e-04
-1.854896795390192921e-04
-1.590659243324576977e-04
-5.807609022756565764e-05
1.868566267493321220e-06
1.093527899174162599e-04
1.562300326585219779e-04
1.067540042256620580e-04
5.474290895524092093e-05
4.544518025073607248e-05
4.955163316666677531e-05
5.178312465647927354e-05
1.057093773941808479e-04
1.365024208157539221e-04
