1.019960369902345620e+00
1.019953028024680242e+00
1.019942471194272837e+00
1.019924713640206981e+00
1.019894395149472333e+00
1.019857682366740903e+00
1.019820287744450882e+00
1.019767948080527065e+00
1.019698001372483454e+00
1.019632073278156303e+00
1.019545663259056711e+00
1.019405920675730437e+00
1.019214535900789587e+00
1.018979040600812791e+00
1.018676469012262276e+00
1.018374269902816209e+00
1.018077643308058722e+00
1.017596878400164107e+00
1.017060468559148445e+00
1.016443343551110656e+00
1.015650295091150568e+00
1.014680812184534320e+00
1.013533235918260278e+00
1.012318462791682139e+00
1.010723849107420635e+00
1.009116699030881747e+00
1.007319306778448720e+00
1.005527246402273978e+00
1.003004297269423084e+00
1.000558289171555870e+00
9.972183450262970261e-01
9.939668449758550794e-01
9.902621883263205138e-01
9.862869616890315161e-01
9.824729155726247276e-01
9.778468809678957374e-01
9.735425931663339583e-01
9.696225828792236490e-01
9.645278195594448878e-01
9.599877867619803773e-01
9.560080420793440892e-01
9.515813780598056937e-01
9.468849151188464264e-01
9.429397556139946790e-01
9.396471247705801000e-01
9.365422336778829182e-01
9.318789758334877771e-01
9.286135516418103641e-01
9.263387701289769183e-01
9.248172952121276325e-01
9.238893273929923433e-01
9.234572032474399617e-01
9.239529188865707177e-01
9.247426865428227671e-01
9.258544373539643324e-01
9.274192137470711472e-01
9.296214833153970680e-01
9.314017397088223404e-01
9.333571105099356391e-01
9.360969222712323123e-01
9.399372195377417860e-01
9.453876131453377019e-01
9.487703438246961607e-01
9.522220533404943676e-01
9.565195737201810378e-01
9.615812305106750113e-01
9.651200101248940122e-01
9.692560891241863708e-01
9.741082517822753362e-01
9.776274923872620981e-01
9.815383653160644206e-01
9.857097207415469464e-01
9.889354353880450699e-01
9.925044681781711731e-01
9.957159494330755090e-01
9.988491726137107563e-01
1.001809979524017402e+00
1.003996766149038322e+00
1.006260572170167622e+00
1.008209317280740702e+00
1.010112507624447709e+00
1.011601126097439574e+00
1.013095945589518321e+00
1.014219063587691316e+00
1.015288191469977397e+00
1.016109722695921702e+00
1.016859881533380472e+00
1.017414563518273196e+00
1.017885577508400585e+00
1.018201502770405886e+00
1.018489097732595772e+00
1.018669781695505927e+00
1.018860592151773936e+00
1.019105105292033464e+00
1.019316339385714087e+00
1.019454966689485875e+00
1.019555384364243089e+00
1.019637211607664184e+00
1.019650554465746595e+00
1.019673332720817394e+00
