1.820790203347627534e-02
1.820460721117322933e-02
1.820108048502128151e-02
1.819129179304129762e-02
1.813044792329654431e-02
1.806280255362224807e-02
1.798021102164826246e-02
1.789314135398190064e-02
1.780023342183967294e-02
1.767594890040691258e-02
1.754298343503679636e-02
1.745841872353048885e-02
1.738038530203644960e-02
1.729283141814952351e-02
1.720728915386071645e-02
1.704640075257013443e-02
1.679018438646884270e-02
1.667506274586116888e-02
1.652168398494979762e-02
1.632650689661407917e-02
1.616298043196229273e-02
1.601259373872765401e-02
1.586021257018210839e-02
1.562840761049932858e-02
1.555807088612826128e-02
1.527137922862231711e-02
1.492195268789786589e-02
1.430080871429839640e-02
1.417912566887991055e-02
1.372623801362404805e-02
1.387005154302767274e-02
1.363576892843632038e-02
1.356067024774509910e-02
1.352055497491821967e-02
1.309259209379298738e-02
1.325124294169710559e-02
1.289103418892256769e-02
1.198227533076612339e-02
1.218003208781537339e-02
1.176825950872406601e-02
1.078628237658185718e-02
1.033417668575720150e-02
1.030827390937338883e-02
9.759215189089731624e-03
8.807559238805051649e-03
8.005897331296862873e-03
9.269210656024928774e-03
9.542092040285554688e-03
9.297434482059219185e-03
8.821093397481161169e-03
8.316986950893445751e-03
7.914504569517477606e-03
7.163912420841356266e-03
6.746884803309982637e-03
6.627030924453269911e-03
6.647368204181880458e-03
6.583218707749360910e-03
7.517319713545633775e-03
8.767790653982032723e-03
9.636975681193593601e-03
9.739767135411359078e-03
8.465364317233436964e-03
9.596386017632907439e-03
1.083756234023836029e-02
1.132347752764539806e-02
1.108700837554721375e-02
1.240606642754049638e-02
1.305669907694295695e-02
1.287977107841897784e-02
1.390365188436137878e-02
1.435030736248532612e-02
1.432231560985353092e-02
1.500167496424653635e-02
1.509089376368910607e-02
1.527742632642525855e-02
1.528415525067616798e-02
1.523612647270344844e-02
1.569627283413854713e-02
1.583501493235184299e-02
1.604734286669584620e-02
1.608577532897470519e-02
1.626517580348396663e-02
1.622527892549818773e-02
1.637369237269403754e-02
1.641916541782784122e-02
1.656428282560318266e-02
1.665433636231394843e-02
1.683469893703515297e-02
1.699858094693595945e-02
1.722606831950912465e-02
1.740637151659552018e-02
1.762529916692967547e-02
1.777934715677220723e-02
1.780143319868043861e-02
1.778856017014440738e-02
1.782250138625984803e-02
1.787704126219225031e-02
1.794020035036103522e-02
1.806751491268832055e-02
1.819329104637068539e-02
