9.703880700138183713e+00
9.703880700138183713e+00
9.703880700138185489e+00
9.645330115550077466e+00
9.226979729944858377e+00
8.807367885503586180e+00
8.386677610966378538e+00
7.965093636941964483e+00
7.542802078239114749e+00
7.119990112373020708e+00
6.713457691914222814e+00
6.419299988179845151e+00
6.114475442108742165e+00
5.798536288618314494e+00
5.471011647782210829e+00
5.131406040046929462e+00
4.779197786306240481e+00
4.536705472763737035e+00
4.311532615154045622e+00
4.081081517478523324e+00
3.845270143948639419e+00
3.604017441643647679e+00
3.362563650405680171e+00
3.172708794552919986e+00
2.981909491725999839e+00
2.790243867967773017e+00
2.597791570403032324e+00
2.404633652638391794e+00
2.256562013286349977e+00
2.125702439522033860e+00
1.994861170582720389e+00
1.864096461871111998e+00
1.733466511681996058e+00
1.623678410126206062e+00
1.526064231722588982e+00
1.429694206984555516e+00
1.334587164795947523e+00
1.240760415742390377e+00
1.157162118151458419e+00
1.077721011603896439e+00
1.000030429324985759e+00
9.240673294203303190e-01
8.509711101207585449e-01
7.951279426993612676e-01
7.413786770108479196e-01
6.896311222576192446e-01
6.397981307117041050e-01
5.939633590843763633e-01
5.528562316549936462e-01
5.138405517809326861e-01
4.767776437089730202e-01
4.415406936233985946e-01
4.103702635071584948e-01
3.810279293664456390e-01
3.530963186668203413e-01
3.264885489488192349e-01
3.016009120111464159e-01
2.791529467219784344e-01
2.581104295667486226e-01
2.383547315671041555e-01
2.197801565936379486e-01
2.045868651019871753e-01
1.912419195206735423e-01
1.786931177030152140e-01
1.668770059425744856e-01
1.557370679836098948e-01
1.454202329263697691e-01
1.357523149504859805e-01
1.266784222570536966e-01
1.181496556794154745e-01
1.101436141711557154e-01
1.027647901252066592e-01
9.588029776477156874e-02
8.944529238572007657e-02
8.342017356268760508e-02
7.770352026455382144e-02
7.165106554932720861e-02
6.604612181372707114e-02
6.084346254012928251e-02
5.600374038128822646e-02
5.149256092073749291e-02
4.826972065327983508e-02
4.566587349505613069e-02
4.323200841898010988e-02
4.095318344040124736e-02
3.881614810195112980e-02
3.680911029804453949e-02
3.475120401437979678e-02
3.282121366369554483e-02
3.102618224945342951e-02
2.935330252583401994e-02
2.779133066183103740e-02
2.633035446270764329e-02
2.541704129429142242e-02
2.494664096876380785e-02
2.439313462786068046e-02
2.373275695488132053e-02
2.293172874652548571e-02
2.194036123960726309e-02
2.068243922218815714e-02
