3.100021110772019028e+00
3.100021110772019028e+00
3.100021110772019028e+00
3.093969105462281988e+00
3.049627004865354429e+00
3.003083863985103186e+00
2.954139681218496793e+00
2.902563932434399696e+00
2.848088974487828828e+00
2.790401569802289483e+00
2.731609355660066463e+00
2.686804308738966807e+00
2.638154216393463258e+00
2.585100754762911457e+00
2.526958777174689086e+00
2.462874936600617737e+00
2.391767938377253877e+00
2.339696314928559673e+00
2.288788669161055722e+00
2.233857264193541692e+00
2.174339092084815128e+00
2.109544412349169118e+00
2.040198907328498734e+00
1.982080965417659657e+00
1.920059097439083429e+00
1.853624232978205999e+00
1.782156921178442488e+00
1.704892797660469750e+00
1.641337655066276824e+00
1.581597540619633424e+00
1.518069692331105447e+00
1.450271697946296179e+00
1.377618400721431158e+00
1.312189431900001590e+00
1.250187256628793708e+00
1.184955813225994081e+00
1.116117237265510820e+00
1.043219663256003571e+00
9.734657908916468649e-01
9.023438702311779025e-01
8.275256619530471092e-01
7.485248904338952514e-01
6.661181339517887601e-01
5.982429900277304036e-01
5.282514839733640777e-01
4.558968033240211604e-01
3.808926599440498606e-01
3.065575865257934574e-01
2.348379429067803947e-01
1.616529608958763298e-01
8.679018056647258561e-02
1.001014119281506964e-02
-6.320021200094538827e-02
-1.373873680273813846e-01
-2.135191687635411562e-01
-2.918651699219227957e-01
-3.711553858522473881e-01
-4.485002181382342634e-01
-5.268725309680561963e-01
-6.065000130964111058e-01
-6.876322873708238248e-01
-7.592673923718642470e-01
-8.267208249493562811e-01
-8.945901376010390038e-01
-9.630029961791866100e-01
-1.032090922273607880e+00
-1.100632336921277599e+00
-1.169428034180215903e+00
-1.238608278852592726e+00
-1.308307956528921956e+00
-1.378474948257442989e+00
-1.447817260049147681e+00
-1.517159530731383210e+00
-1.586632865764909361e+00
-1.656369876536039509e+00
-1.727359483693677422e+00
-1.808452020138857197e+00
-1.889906732562946168e+00
-1.971955667888538599e+00
-2.054841564863481906e+00
-2.138822696796079725e+00
-2.203455583405960372e+00
-2.258908777603334972e+00
-2.313678889373796288e+00
-2.367830498921270177e+00
-2.421423697649553564e+00
-2.474514668907890957e+00
-2.532045826584714998e+00
-2.589184981519363049e+00
-2.645428609178253510e+00
-2.700854983772229101e+00
-2.755535920525539417e+00
-2.809537610160270038e+00
-2.844840179732795349e+00
-2.863520863267555061e+00
-2.885958320893905693e+00
-2.913403802045125612e+00
-2.947738559515777457e+00
-2.991932126293189942e+00
-3.050975052423738898e+00
