1.375738059039503585e-03
1.635162671057638177e-03
2.012599599166602082e-03
2.657910221325740160e-03
3.758799826663491734e-03
5.099684826503411879e-03
6.453194791049468755e-03
8.365677895468871111e-03
1.093611845741379943e-02
1.333128339563355302e-02
1.649105976087257217e-02
2.168304647171599014e-02
2.889326798717432865e-02
3.779407063707750786e-02
4.938920040873034240e-02
6.093588731839880146e-02
7.229595910216018995e-02
9.081926310960793114e-02
1.118025548232850358e-01
1.358018405589799249e-01
1.674726559216047073e-01
2.062626521063369300e-01
2.528795288868397328e-01
3.028387327473043289e-01
3.687597904479632538e-01
4.366443299160791547e-01
5.130396262273214658e-01
5.873885811749266495e-01
7.003345967543461725e-01
8.124955305159878849e-01
9.604850770366019086e-01
1.110956299495430288e+00
1.293874163180566583e+00
1.501879163573045295e+00
1.701858649464454754e+00
1.956954014219663085e+00
2.205587779116724878e+00
2.442121934236365366e+00
2.776591538459699748e+00
3.092328491223606424e+00
3.385518091912048444e+00
3.736869066324361111e+00
4.140753189730658868e+00
4.505549285881434329e+00
4.835422955144685453e+00
5.173502900341295785e+00
5.722119884292466985e+00
6.161289210245931791e+00
6.518840425792435944e+00
6.813736609040862646e+00
7.059315550614189583e+00
7.265200674014867133e+00
7.354907592274830819e+00
7.434694487011797470e+00
7.514723702498767643e+00
7.593221158043329311e+00
7.667992355456292763e+00
7.736462387747137015e+00
7.795784239039532437e+00
7.843026549208026665e+00
7.875436275168619993e+00
7.890748795087941581e+00
7.887494195535545316e+00
7.865234102997531451e+00
7.824668463748349900e+00
7.767579144134277414e+00
7.696619035381888629e+00
7.614995118569766852e+00
7.526115896269446992e+00
7.433271299878198235e+00
7.339391815444791689e+00
7.189150565896823331e+00
6.918476044209465492e+00
6.579592743087207651e+00
6.150662035729564714e+00
5.599047690093459373e+00
5.000446926279673576e+00
4.619640891594063881e+00
4.194765983685735833e+00
3.722596831254331384e+00
3.332321267147737576e+00
2.995507368190034381e+00
2.639509238310652428e+00
2.330958880048053405e+00
2.081907796903192498e+00
1.830321675986975372e+00
1.615500896005233722e+00
1.432406239342191467e+00
1.252539042421323190e+00
1.110407901876506731e+00
9.959472223787879663e-01
8.871378719225332388e-01
7.958101917526931857e-01
7.260528575639922932e-01
6.610511248882517954e-01
6.007575553128789991e-01
5.589297531304795452e-01
5.260241989913977401e-01
4.952061384302821612e-01
4.664847986605984986e-01
