-3.302241586406087226e+00
-3.249416855480042887e+00
-3.196380383584387808e+00
-3.143116555929837741e+00
-3.089609048449069029e+00
-3.035840850162550009e+00
-2.981794294118605304e+00
-2.927451097636732946e+00
-2.872792412538377693e+00
-2.817798885982934820e+00
-2.762450732436385614e+00
-2.706727817184011453e+00
-2.650609751655852886e+00
-2.594076000663407378e+00
-2.537106001449080495e+00
-2.479679294227413067e+00
-2.421775663651938970e+00
-2.363375290377668136e+00
-2.304458911612087491e+00
-2.245007989263989145e+00
-2.185004884017601512e+00
-2.124433033388516634e+00
-2.063277131567982980e+00
-2.001523308643730736e+00
-1.939159306609227196e+00
-1.876174649449128706e+00
-1.812560804525642499e+00
-1.748311332495802839e+00
-1.683422023068255280e+00
-1.617891014062470489e+00
-1.551718891462510186e+00
-1.484908768457758432e+00
-1.417466341827070098e+00
-1.349399924440555676e+00
-1.280720453111753976e+00
-1.211441471517475499e+00
-1.141579088396942776e+00
-1.071151911729259609e+00
-1.000180960052544421e+00
-9.286895525138860741e-01
-8.567031796136905797e-01
-7.842493569200077452e-01
-7.113574642705930984e-01
-6.380585731480716838e-01
-5.643852650054430597e-01
-4.903714433370995884e-01
-4.160521422390663915e-01
-3.414633340882251566e-01
-2.666417388025128510e-01
-1.916246369323495458e-01
-1.164496885883878896e-01
-4.115475994258721570e-02
3.422224124114681132e-02
1.096435198746052997e-01
1.850715367181203774e-01
2.604691398325540419e-01
3.357996839336889749e-01
4.110271374996337101e-01
4.861161776842681803e-01
5.610322732656443101e-01
6.357417560069236195e-01
7.102118809293260782e-01
7.844108760926982171e-01
8.583079825513930672e-01
9.318734852032979354e-01
1.005078735280333202e+00
1.077896165242150595e+00
1.150299296833484419e+00
1.222262743052220380e+00
1.293762204751942591e+00
1.364774462571753944e+00
1.435277364849403270e+00
1.505249812132934739e+00
1.574671738862721160e+00
1.643524092751085686e+00
1.711788812341823451e+00
1.779448803187690498e+00
1.846487913040960827e+00
1.912890906411068848e+00
1.978643438804434940e+00
2.043732030925185406e+00
2.108144043081670915e+00
2.171867650012694106e+00
2.234891816318983704e+00
2.297206272659886306e+00
2.358801492852205861e+00
2.419668671987586617e+00
2.479799705666720921e+00
2.539187170432619212e+00
2.597824305471314599e+00
2.655704995636293031e+00
2.712823755842560747e+00
2.769175716867477544e+00
2.824756612588028126e+00
2.879562768677950579e+00
2.933591092783037091e+00
2.986839066188626823e+00
3.039304736989901556e+00
3.090986714772792965e+00
3.141884166811012680e+00
