2.349797087334577414e-02
2.685312462274933726e-02
3.070948773448313462e-02
3.480315493251789905e-02
4.166745073265451516e-02
4.911127513368961084e-02
5.923855991616489708e-02
7.088172961012119411e-02
8.510086784898250600e-02
1.022440456306094037e-01
1.220732234999071103e-01
1.469515932780334211e-01
1.738921338001586103e-01
2.078473966762054703e-01
2.436502449461500353e-01
2.863660605618062460e-01
3.291522285008674498e-01
3.932958615252527546e-01
4.539310901869075265e-01
5.339657659559823299e-01
6.105243235070270114e-01
7.106082582046679974e-01
8.175315552694270016e-01
9.239977912852352926e-01
1.067054914896227169e+00
1.193380875133903229e+00
1.337315302922496896e+00
1.510418875943261741e+00
1.656321290613772979e+00
1.786680410248173922e+00
2.038877720715375208e+00
2.235633195475044577e+00
2.392141736284110198e+00
2.518439148696030916e+00
2.670025797317640670e+00
2.823325049569499257e+00
2.948796687525060189e+00
3.051545147832204652e+00
3.135351584582810602e+00
3.203049706716326384e+00
3.256775564719708527e+00
3.298136928341182106e+00
3.328329661462042566e+00
3.348217984053302843e+00
3.358389215113593895e+00
3.359189671376569652e+00
3.350745841155094773e+00
3.332973176884576283e+00
3.305573494327744388e+00
3.268020784938825418e+00
3.219534040035396671e+00
3.159034245182765321e+00
3.085080766377074735e+00
2.995779520433158094e+00
2.888650949659683942e+00
2.760438771016348714e+00
2.606828674965167902e+00
2.485844524252836418e+00
2.364649166915229195e+00
2.217809819798709725e+00
2.037817155803149038e+00
1.813769704246216197e+00
1.682708772482876203e+00
1.557927608721560331e+00
1.413382403811008325e+00
1.254366678501606103e+00
1.150226772012724830e+00
1.034144719181358862e+00
9.043950450593265522e-01
8.159307716882172601e-01
7.210396910464170750e-01
6.250365907453249159e-01
5.572953648785298197e-01
4.843765231753556222e-01
4.223045591287122313e-01
3.644075798536464128e-01
3.111558569978156163e-01
2.714521530131380200e-01
2.308604188859089967e-01
1.970196066989724770e-01
1.636136510204855010e-01
1.378864124049417050e-01
1.123238955156939944e-01
9.345253012224979949e-02
7.540579250906391529e-02
6.186860920781986350e-02
4.951244793241803277e-02
4.051411022313759769e-02
3.296626312901314998e-02
2.797633968597507473e-02
2.340248375467330472e-02
2.061160516222845795e-02
1.761193060884180123e-02
1.368607488128141883e-02
1.030610264008001951e-02
8.124413211269389604e-03
6.551429390054446314e-03
5.278149208842942280e-03
5.124360199226841300e-03
4.814938936734429117e-03
