-7.121430392111250285e+00
-6.873775580133509422e+00
-6.631434029378413975e+00
-6.394421354635250410e+00
-6.162753879971338833e+00
-5.936448616366215347e+00
-5.715523230771549557e+00
-5.499996005867851423e+00
-5.289885789833668639e+00
-5.085211935509609482e+00
-4.885994228429691333e+00
-4.692252803308634590e+00
-4.504008048716397816e+00
-4.321280499841481770e+00
-4.144090719441484438e+00
-3.972459167301861882e+00
-3.806406058769082890e+00
-3.645951213188134421e+00
-3.491113893351530884e+00
-3.341912637350481052e+00
-3.198365084500755628e+00
-3.060487797286764788e+00
-2.928296081517255622e+00
-2.801803807104501942e+00
-2.681023232055033567e+00
-2.565964832384197258e+00
-2.456637140729783564e+00
-2.353046596434757998e+00
-2.255197409790475671e+00
-2.163091442977466805e+00
-2.076728110011668793e+00
-1.996104297703697572e+00
-1.921214309274697829e+00
-1.852049831854559514e+00
-1.788599928629744262e+00
-1.730851055923441351e+00
-1.678787104996428248e+00
-1.632389467869600264e+00
-1.591637126004840308e+00
-1.556506760255058186e+00
-1.526972880119849219e+00
-1.503007970031163154e+00
-1.484582650151244465e+00
-1.471665848997466330e+00
-1.464224985116831856e+00
-1.462226155014948681e+00
-1.465634324595790794e+00
-1.474413521482474732e+00
-1.488527025757064859e+00
-1.507937556869142881e+00
-1.532607454708054373e+00
-1.562498853101839558e+00
-1.597573844286594102e+00
-1.637794633174108228e+00
-1.683123680524714061e+00
-1.733523834399274044e+00
-1.788958449513570859e+00
-1.849391494345713483e+00
-1.914787646049580516e+00
-1.985112373403224773e+00
-2.060332008169807327e+00
-2.140413805370549483e+00
-2.225325993065294661e+00
-2.315037812308400333e+00
-2.409519547997750255e+00
-2.508742551365265694e+00
-2.612679254870599266e+00
-2.721303180258484833e+00
-2.834588940526807654e+00
-2.952512236529151401e+00
-3.075049848904619854e+00
-3.202179625990962286e+00
-3.333880468336222869e+00
-3.470132310380773522e+00
-3.610916099836936066e+00
-3.756213775248507414e+00
-3.906008242168245825e+00
-4.060283348348422194e+00
-4.219023858298471374e+00
-4.382215427524812412e+00
-4.549844576731575607e+00
-4.721898666227107633e+00
-4.898365870750212459e+00
-5.079235154901621030e+00
-5.264496249340675504e+00
-5.454139627884185160e+00
-5.648156485623788470e+00
-5.846538718160182668e+00
-6.049278902036376415e+00
-6.256370276438401490e+00
-6.467806726219745173e+00
-6.683582766295414146e+00
-6.903693527442767319e+00
-7.128134743538792506e+00
-7.356902740257220685e+00
-7.589994425243848042e+00
-7.827407279784018179e+00
-8.069139351972905772e+00
-8.315189251396446934e+00
-8.565556145328351079e+00
