1.030515554447984927e-01
1.030515554447984650e-01
1.030515554447984788e-01
1.036771150411757159e-01
1.083778256014416436e-01
1.135413000796690192e-01
1.192367283431054609e-01
1.255478021453532156e-01
1.325767254168034315e-01
1.404496332462900343e-01
1.489545396561320068e-01
1.557802255450512763e-01
1.635463269855123303e-01
1.724573151267254356e-01
1.827815520015155237e-01
1.948783612514234653e-01
2.092401370927323145e-01
2.204242717548084152e-01
2.319360861344828550e-01
2.450330863809470072e-01
2.600597519978452010e-01
2.774681355437448871e-01
2.973921400355810096e-01
3.151880820946618145e-01
3.353555843243172796e-01
3.583916128192528028e-01
3.849423531098982165e-01
4.158637632401049333e-01
4.431520135995058451e-01
4.704327291569800340e-01
5.012880168036405459e-01
5.364529252934889803e-01
5.768787532155398301e-01
6.158855064915670363e-01
6.552804129818454726e-01
6.994502706345534504e-01
7.492953824060611945e-01
8.059573688137579017e-01
8.641831462625820803e-01
9.278839228640175518e-01
9.999695716009310287e-01
1.082172227241605222e+00
1.175128025037293966e+00
1.257659234820907024e+00
1.348838361566971011e+00
1.450050567216773389e+00
1.562993000444706571e+00
1.683605536781847212e+00
1.808788510905389613e+00
1.946129001562986627e+00
2.097413780186398125e+00
2.264796913266903911e+00
2.436823739258478394e+00
2.624479527426641035e+00
2.832088433478104239e+00
3.062894558537067269e+00
3.315639841178743552e+00
3.582265606516949585e+00
3.874310703672653400e+00
4.195427518578418002e+00
4.550001308120590338e+00
4.887899325802264272e+00
5.228979098862788000e+00
5.596186427627189097e+00
5.992437330425977038e+00
6.421078892439680885e+00
6.876622185760973949e+00
7.366356885808834853e+00
7.894004220946309047e+00
8.463841847439473653e+00
9.079055626829786618e+00
9.730959395544122259e+00
1.042967140604170062e+01
1.118001823603686873e+01
1.198750802464504872e+01
1.286942980955489269e+01
1.395652656849274997e+01
1.514093443397549521e+01
1.643561951032046409e+01
1.785595021317753250e+01
1.942028095163683332e+01
2.071692121823068433e+01
2.189819056254912510e+01
2.313100955913425949e+01
2.441812616240912348e+01
2.576247383881290887e+01
2.716718746807426399e+01
2.877598139006084210e+01
3.046809938982016419e+01
3.223084271084042030e+01
3.406771688193830272e+01
3.598244402789296004e+01
3.797897978989716705e+01
3.934368239093962671e+01
4.008555705965066096e+01
4.099514126642211664e+01
4.213585475556478599e+01
4.360770228243337954e+01
4.557810097469003807e+01
4.835019647620710259e+01
