-1.016391561044824599e+01
-9.991163675366001584e+00
-9.783478748412633763e+00
-9.505365784824498121e+00
-9.158806256355811470e+00
-8.853727228671891325e+00
-8.618330643146967063e+00
-8.358768597106326581e+00
-8.090835036527112223e+00
-7.892792559469411273e+00
-7.680087566379954822e+00
-7.406375281155184176e+00
-7.119297341404722701e+00
-6.850753738899208578e+00
-6.583174182681529096e+00
-6.373083683878439487e+00
-6.202137730868134469e+00
-5.974034555876624353e+00
-5.766171555578981867e+00
-5.571709199281521308e+00
-5.362085878058277189e+00
-5.153755600888502819e+00
-4.949992762853089090e+00
-4.769705539103179959e+00
-4.572760510098797582e+00
-4.403786994412936195e+00
-4.242552881472294146e+00
-4.107219388799029147e+00
-3.931347751564366444e+00
-3.782795554482367262e+00
-3.615467522341342832e+00
-3.469929513289268908e+00
-3.317509743818490175e+00
-3.168433589030788422e+00
-3.043429711751583167e+00
-2.903761498747042591e+00
-2.784156648916473298e+00
-2.682283382223923596e+00
-2.553926578618297416e+00
-2.446226324627189808e+00
-2.355643738915370822e+00
-2.256902576004874650e+00
-2.154272987608973011e+00
-2.069840877104320853e+00
-1.999182085910082840e+00
-1.931600686107961096e+00
-1.830811342910452222e+00
-1.756864645760126464e+00
-1.700454177468846861e+00
-1.656210024675946357e+00
-1.620802589485228040e+00
-1.592054770119382123e+00
-1.579782898743841368e+00
-1.568993200906470431e+00
-1.558286432391108089e+00
-1.547894792409020059e+00
-1.538095860543707172e+00
-1.529206161512441486e+00
-1.521567583377606780e+00
-1.515525889477530974e+00
-1.511402105587009270e+00
-1.509459654110541837e+00
-1.509872196825278401e+00
-1.512698387556528967e+00
-1.517869322107013197e+00
-1.525192137413811100e+00
-1.534369542666618624e+00
-1.545031343466937823e+00
-1.556771597281756403e+00
-1.569184644330317902e+00
-1.581894708523387205e+00
-1.602577665075397562e+00
-1.640955168234284667e+00
-1.691177838511667808e+00
-1.758590964674698220e+00
-1.852554160845992115e+00
-1.965623395090182690e+00
-2.044833715805201901e+00
-2.141313135002719026e+00
-2.260729191122273996e+00
-2.371481550417176454e+00
-2.478037066493801177e+00
-2.604557683487205288e+00
-2.728870969364594057e+00
-2.841866005402860829e+00
-2.970658958151766615e+00
-3.095505627873041288e+00
-3.215794973787126310e+00
-3.349977963700664141e+00
-3.470423261797258796e+00
-3.579211701166659321e+00
-3.694905561322300969e+00
-3.803545262929675541e+00
-3.895283149031230518e+00
-3.989074786144133800e+00
-4.084714516762687708e+00
-4.156882167749813561e+00
-4.217558750401181555e+00
-4.277931850613343912e+00
-4.337680533947817274e+00
