-1.040386935122115908e+01
-1.010338980831737210e+01
-9.808011785666622018e+00
-9.517735283268908830e+00
-9.232560301124228985e+00
-8.952486839232584259e+00
-8.677514897593974652e+00
-8.407644476208403717e+00
-8.142875575075866124e+00
-7.883208194196365426e+00
-7.628642333569897183e+00
-7.379177993196466723e+00
-7.134815173076070494e+00
-6.895553873208709383e+00
-6.661394093594385168e+00
-6.432335834233095184e+00
-6.208379095124842095e+00
-5.989523876269622349e+00
-5.775770177667438610e+00
-5.567117999318290877e+00
-5.363567341222177376e+00
-5.165118203379101658e+00
-4.971770585789059282e+00
-4.783524488452053802e+00
-4.600379911368081665e+00
-4.422336854537146422e+00
-4.249395317959246299e+00
-4.081555301634381294e+00
-3.918816805562551409e+00
-3.761179829743757530e+00
-3.608644374177999214e+00
-3.461210438865276018e+00
-3.318878023805588384e+00
-3.181647128998935425e+00
-3.049517754445318474e+00
-2.922489900144737529e+00
-2.800563566097191259e+00
-2.683738752302680552e+00
-2.572015458761204965e+00
-2.465393685472764496e+00
-2.363873432437360478e+00
-2.267454699654991135e+00
-2.176137487125657799e+00
-2.089921794849358694e+00
-2.008807622826095596e+00
-1.932794971055868949e+00
-1.861883839538677421e+00
-1.796074228274520124e+00
-1.735366137263398389e+00
-1.679759566505312662e+00
-1.629254516000262498e+00
-1.583850985748247009e+00
-1.543548975749267527e+00
-1.508348486003323163e+00
-1.478249516510414363e+00
-1.453252067270540238e+00
-1.433356138283702119e+00
-1.418561729549900008e+00
-1.408868841069132571e+00
-1.404277472841400698e+00
-1.404787624866703943e+00
-1.410399297145043640e+00
-1.421112489676417123e+00
-1.436927202460827502e+00
-1.457843435498272999e+00
-1.483861188788752727e+00
-1.514980462332269351e+00
-1.551201256128820649e+00
-1.592523570178407510e+00
-1.638947404481029491e+00
-1.690472759036686590e+00
-1.747099633845379252e+00
-1.808828028907108365e+00
-1.875657944221872597e+00
-1.947589379789670616e+00
-2.024622335610504642e+00
-2.106756811684375563e+00
-2.193992808011281603e+00
-2.286330324591222762e+00
-2.383769361424198152e+00
-2.486309918510210437e+00
-2.593951995849256953e+00
-2.706695593441338588e+00
-2.824540711286458006e+00
-2.947487349384609878e+00
-3.075535507735800422e+00
-3.208685186340022533e+00
-3.346936385197281538e+00
-3.490289104307577439e+00
-3.638743343670907571e+00
-3.792299103287272821e+00
-3.950956383156674079e+00
-4.114715183279109567e+00
-4.283575503654584615e+00
-4.457537344283090341e+00
-4.636600705164631187e+00
-4.820765586299211591e+00
-5.010031987686824451e+00
-5.204399909327475093e+00
-5.403869351221158190e+00
