-3.139626365364378557e+00
-3.139626365364379001e+00
-3.139626365364379001e+00
-3.133574360054638852e+00
-3.089232259457713070e+00
-3.042689118577460050e+00
-2.993744935810853658e+00
-2.942169187026757893e+00
-2.887694229080186581e+00
-2.830006824394646792e+00
-2.771214610252424215e+00
-2.726409563331324559e+00
-2.677759470985821011e+00
-2.624706009355269209e+00
-2.566564031767046838e+00
-2.502480191192975933e+00
-2.431373192969612518e+00
-2.379301569520918314e+00
-2.328393923753414363e+00
-2.273462518785899888e+00
-2.213944346677172881e+00
-2.149149666941528647e+00
-2.079804161920857819e+00
-2.021686220010018076e+00
-1.959664352031442069e+00
-1.893229487570565306e+00
-1.821762175770800907e+00
-1.744498052252828169e+00
-1.680942909658635465e+00
-1.621202795211992065e+00
-1.557674946923464088e+00
-1.489876952538654376e+00
-1.417223655313789799e+00
-1.351794686492360675e+00
-1.289792511221152349e+00
-1.224561067818352278e+00
-1.155722491857869905e+00
-1.082824917848361324e+00
-1.013071045484005506e+00
-9.419491248235360992e-01
-8.671309165454057499e-01
-7.881301450262538921e-01
-7.057233885441478449e-01
-6.378482446200894884e-01
-5.678567385657231625e-01
-4.955020579163793570e-01
-4.204979145364085014e-01
-3.461628411181525422e-01
-2.744431974991390355e-01
-2.012582154882349705e-01
-1.263954351588321146e-01
-4.961539578517415450e-02
2.359495740858674750e-02
9.778211343502318798e-02
1.739139141711825154e-01
2.522599153295645991e-01
3.315501312598900796e-01
4.088949635458765108e-01
4.872672763756975556e-01
5.668947585040524650e-01
6.480270327784651840e-01
7.196621377795069385e-01
7.871155703569980844e-01
8.549848830086812512e-01
9.233977415868284133e-01
9.924856676812492395e-01
1.061027082328921178e+00
1.129822779587858150e+00
1.199003024260233641e+00
1.268702701936564203e+00
1.338869693665084792e+00
1.408212005456788152e+00
1.477554276139026346e+00
1.547027611172549832e+00
1.616764621943680424e+00
1.687754229101319225e+00
1.768846765546498112e+00
1.850301477970586639e+00
1.932350413296180403e+00
2.015236310271124154e+00
2.099217442203717976e+00
2.163850328813601731e+00
2.219303523010975887e+00
2.274073634781438535e+00
2.328225244328912424e+00
2.381818443057197143e+00
2.434909414315531428e+00
2.492440571992355913e+00
2.549579726927002632e+00
2.605823354585897089e+00
2.661249729179866907e+00
2.715930665933180332e+00
2.769932355567913174e+00
2.805234925140434488e+00
2.823915608675195532e+00
2.846353066301547940e+00
2.873798547452766083e+00
2.908133304923420592e+00
2.952326871700825972e+00
3.011369797831388251e+00
