-6.478694035773502335e+00
-6.345225919909745826e+00
-6.211036453806643820e+00
-6.085900065728976571e+00
-5.905887841339676037e+00
-5.741519462818366115e+00
-5.554035427591649920e+00
-5.374595399432761766e+00
-5.191770873862802560e+00
-5.008245547594721181e+00
-4.830987050068635824e+00
-4.645504872260438844e+00
-4.477172921085021073e+00
-4.298803966772561047e+00
-4.139874332771794840e+00
-3.978337182941123373e+00
-3.839087763017534627e+00
-3.661045950435823926e+00
-3.517662704588773170e+00
-3.355276379172044798e+00
-3.221289972679084901e+00
-3.069486802407894732e+00
-2.929318605636114459e+00
-2.806898426125644441e+00
-2.662950390771244180e+00
-2.551062477949777918e+00
-2.437188729418742650e+00
-2.315465814753252083e+00
-2.223253775182886471e+00
-2.147493449710291991e+00
-2.015453308827321433e+00
-1.923328331519875700e+00
-1.855663739766094444e+00
-1.804213504211544805e+00
-1.745764694116188398e+00
-1.689937542443618046e+00
-1.646455643795407653e+00
-1.612204760213863164e+00
-1.585111512409360213e+00
-1.563749439091806970e+00
-1.547115213069416573e+00
-1.534495086523346430e+00
-1.525382253415541012e+00
-1.519424569153097426e+00
-1.516391369636133746e+00
-1.516153052742416740e+00
-1.518669868191057759e+00
-1.523988076844571715e+00
-1.532242846902243549e+00
-1.543668291280459570e+00
-1.558616187376836493e+00
-1.577586466123503950e+00
-1.601274991034605577e+00
-1.630648356762084639e+00
-1.667063234684532880e+00
-1.712463186298594398e+00
-1.769718412919441430e+00
-1.817240377791420336e+00
-1.867223161257580255e+00
-1.931332687150630001e+00
-2.015973615089269977e+00
-2.132445439425169731e+00
-2.207447968874296063e+00
-2.284496346264527578e+00
-2.381867128747746420e+00
-2.501222021831714937e+00
-2.587893712408682489e+00
-2.694278101582154861e+00
-2.828341845696578538e+00
-2.931278594632800161e+00
-3.054913921615742378e+00
-3.197797914165308786e+00
-3.312512729942566736e+00
-3.452745562657770328e+00
-3.589881349551208523e+00
-3.737335141295455188e+00
-3.895314172831020105e+00
-4.031822215533027887e+00
-4.193794826736821690e+00
-4.352304857204237543e+00
-4.538100245247413511e+00
-4.709177859669814836e+00
-4.914221485406597978e+00
-5.098154499236050796e+00
-5.312724011589770257e+00
-5.510595177356173657e+00
-5.733383996037829888e+00
-5.933957793374119660e+00
-6.140123398273054534e+00
-6.304248965643728830e+00
-6.482765947287571606e+00
-6.609753832821462893e+00
-6.767031559487866055e+00
-7.019229223487034375e+00
-7.302871898269282624e+00
-7.540734601924187430e+00
-7.755924854052292261e+00
-7.972032599740107806e+00
-8.001602429324362831e+00
-8.063884744093630985e+00
