3.262636331813727697e+00
3.209811600887683358e+00
3.156775128992028723e+00
3.103511301337478212e+00
3.050003793856709944e+00
2.996235595570190480e+00
2.942189039526246219e+00
2.887845843044373417e+00
2.833187157946018164e+00
2.778193631390575735e+00
2.722845477844026085e+00
2.667122562591652368e+00
2.611004497063493357e+00
2.554470746071047405e+00
2.497500746856720522e+00
2.440074039635053538e+00
2.382170409059579441e+00
2.323770035785308608e+00
2.264853657019727962e+00
2.205402734671629617e+00
2.145399629425241983e+00
2.084827778796157105e+00
2.023671876975623452e+00
1.961918054051371652e+00
1.899554052016868111e+00
1.836569394856769177e+00
1.772955549933282970e+00
1.708706077903443310e+00
1.643816768475896195e+00
1.578285759470110960e+00
1.512113636870150657e+00
1.445303513865398903e+00
1.377861087234710791e+00
1.309794669848196147e+00
1.241115198519394447e+00
1.171836216925116414e+00
1.101973833804583247e+00
1.031546657136900524e+00
9.605757054601848921e-01
8.890842979215265451e-01
8.170979250213310507e-01
7.446441023276482163e-01
6.717522096782335694e-01
5.984533185557125989e-01
5.247800104130839749e-01
4.507661887447405036e-01
3.764468876467064185e-01
3.018580794958656277e-01
2.270364842101537661e-01
1.520193823399900168e-01
7.684443399602836067e-02
1.549505350227686762e-03
-7.382749583350634026e-02
-1.492487744669648286e-01
-2.246767913104794623e-01
-3.000743944249135708e-01
-3.754049385260485039e-01
-4.506323920919932391e-01
-5.257214322766277093e-01
-6.006375278580038390e-01
-6.753470105992831485e-01
-7.498171355216860512e-01
-8.240161306850573020e-01
-8.979132371437525961e-01
-9.714787397956570203e-01
-1.044683989872692731e+00
-1.117501419834509679e+00
-1.189904551425843948e+00
-1.261867997644579908e+00
-1.333367459344301675e+00
-1.404379717164113028e+00
-1.474882619441762799e+00
-1.544855066725294712e+00
-1.614276993455080689e+00
-1.683129347343445215e+00
-1.751394066934182536e+00
-1.819054057780050027e+00
-1.886093167633320355e+00
-1.952496161003428377e+00
-2.018248693396794469e+00
-2.083337285517544935e+00
-2.147749297674030444e+00
-2.211472904605053635e+00
-2.274497070911343233e+00
-2.336811527252245835e+00
-2.398406747444564946e+00
-2.459273926579946146e+00
-2.519404960259080450e+00
-2.578792425024978741e+00
-2.637429560063674128e+00
-2.695310250228652560e+00
-2.752429010434920276e+00
-2.808780971459837073e+00
-2.864361867180387211e+00
-2.919168023270310108e+00
-2.973196347375396620e+00
-3.026444320780986352e+00
-3.078909991582260641e+00
-3.130591969365152050e+00
-3.181489421403371765e+00
