2.055810767060317623e-02
2.056504894156063745e-02
2.057042700537181634e-02
2.057308925133793931e-02
2.057162718887917130e-02
2.056432445479128290e-02
2.054909645216662639e-02
2.052342124619854768e-02
2.048426163771943642e-02
2.042797873946311515e-02
2.035023790795575938e-02
2.024590854824659392e-02
2.010896011726515109e-02
1.993235760498446307e-02
1.970796086099035893e-02
1.942643333374649561e-02
1.907716705940565305e-02
1.864823201367793448e-02
1.812635913656612807e-02
1.749696734168526557e-02
1.674424548866637608e-02
1.585130046473459675e-02
1.480038201005418053e-02
1.357319354817698720e-02
1.215129588195296151e-02
1.051660706285151292e-02
8.651996987172561049e-03
6.541969371832712099e-03
4.173416908289873106e-03
1.536427938163220652e-03
-1.374884543690391148e-03
-4.561567707610292288e-03
-8.019069282732660398e-03
-1.173657874311606619e-02
-1.569651511380654174e-02
-1.987420446138443708e-02
-2.423778378122842803e-02
-2.874835821860377560e-02
-3.336042594374288850e-02
-3.802257050347446210e-02
-4.267840533443800766e-02
-4.726774070956829554e-02
-5.172793100186745541e-02
-5.599535084475781854e-02
-6.000694321670618780e-02
-6.370178088499711677e-02
-6.702258475226996470e-02
-6.991714781511604304e-02
-7.233962076677125097e-02
-7.425162375966931627e-02
-7.562315755321669108e-02
-7.643329546091703897e-02
-7.667064470259299380e-02
-7.633357178401689591e-02
-7.543019146605545178e-02
-7.397812305885520523e-02
-7.200402161516683552e-02
-6.954289554895110026e-02
-6.663722663515614375e-02
-6.333591344893496622e-02
-5.969306504633153931e-02
-5.576667779620403387e-02
-5.161723424307007591e-02
-4.730626804937210217e-02
-4.289494270611837745e-02
-3.844269313930614995e-02
-3.400597807605565404e-02
-2.963718684270488790e-02
-2.538373725646847490e-02
-2.128739189706818635e-02
-1.738380906001668613e-02
-1.370233306283741292e-02
-1.026601735200971532e-02
-7.091864057790053799e-03
-4.191256140725019286e-03
-1.570553737540447692e-03
7.681747946710615338e-04
2.826314004516827794e-03
4.607774826841826155e-03
6.117989313558114262e-03
7.362818421794203871e-03
8.347339247402940643e-03
9.074439208051510164e-03
9.543082071234110231e-03
9.746003672979064447e-03
9.666400555108811687e-03
9.272798523032754758e-03
8.799197673329928193e-03
9.296635418663878880e-03
9.713550514774071942e-03
1.006109013345901637e-02
1.034925832001909463e-02
1.058694601902798738e-02
1.078198313085487747e-02
1.094120612926507974e-02
1.107053570433236267e-02
1.117505983200550723e-02
1.125911856691641511e-02
1.132638767773652688e-02
1.137995897622867680e-02
