9.994114946154990520e-01
9.993939795870278031e-01
9.993746369830559528e-01
9.993536343493106822e-01
9.993311431642297737e-01
9.993073371312515274e-01
9.992823905724734779e-01
9.992564769460418050e-01
9.992297675043420035e-01
9.992024301048610946e-01
9.991746281806560548e-01
9.991465198728547437e-01
9.991182573236266906e-01
9.990899861246859137e-01
9.990618449136395851e-01
9.990339651083662842e-01
9.990064707680914591e-01
9.989794785688596024e-01
9.989530978806320238e-01
9.989274309331760415e-01
9.989025730582286045e-01
9.988786129959906779e-01
9.988556332548021999e-01
9.988337105138064276e-01
9.988129160594541034e-01
9.987933162478055404e-01
9.987749729857056114e-01
9.987579442250238415e-01
9.987422844652129594e-01
9.987280452604788694e-01
9.987152757288132454e-01
9.987040230610469971e-01
9.986943330289226317e-01
9.986862504919638006e-01
9.986798199036500678e-01
9.986750858180799550e-01
9.986720933989572391e-01
9.986708889333515415e-01
9.986715203533015339e-01
9.986740377689425907e-01
9.986784940174806557e-01
9.986849452330063270e-01
9.986934514428894571e-01
9.987040771973021425e-01
9.987168922393557802e-01
9.987319722243985787e-01
9.987493994982656886e-01
9.987692639457274035e-01
9.987916639221242621e-01
9.988167072832160320e-01
9.988445125307640060e-01
9.988752100943216750e-01
9.989089437733116306e-01
9.989458723678260599e-01
9.989861715319212632e-01
9.990300358896795352e-01
9.990776814623461011e-01
9.991293484647495449e-01
9.991853045415268753e-01
9.992458485290345305e-01
9.993113148481111985e-01
9.993820786572014114e-01
9.994585619262615905e-01
9.995412406313858300e-01
9.996306533209572409e-01
9.997274113700571618e-01
9.998322113260152966e-01
9.999458498614397506e-01
1.000069242001840664e+00
1.000203443497157174e+00
1.000349678480399573e+00
1.000509373931630641e+00
1.000684202984851501e+00
1.000876139843526191e+00
1.001087530105125634e+00
1.001321181786549053e+00
1.001580484526244152e+00
1.001869567692015517e+00
1.002193513060909202e+00
1.002558645387157554e+00
1.002972936299008078e+00
1.003446576676604085e+00
1.003992805629287055e+00
1.004629141115103597e+00
1.005379259173523998e+00
1.006275959014407917e+00
1.007366023966000057e+00
1.008429876165404249e+00
1.008429876165404249e+00
1.008429876165404249e+00
1.008429876165404249e+00
1.008429876165404249e+00
1.008429876165404471e+00
1.008429876165404249e+00
1.008429876165404249e+00
1.008429876165404249e+00
1.008429876165404249e+00
1.008429876165404249e+00
1.008429876165404249e+00
1.008429876165404471e+00
