-5.886786217654815800e-04
-6.062041175654009351e-04
-6.255586379557698251e-04
-6.465746350245993312e-04
-6.690806202955812410e-04
-6.929028705067175054e-04
-7.178670324190505880e-04
-7.437996043138106472e-04
-7.705292771102989491e-04
-7.978881232251211486e-04
-8.257126262054548249e-04
-8.538445486747647806e-04
-8.821316401079748459e-04
-9.104281893139720694e-04
-9.385954292717713088e-04
-9.665018040663220233e-04
-9.940231092242513000e-04
-1.021042517686421292e-03
-1.047450504162217300e-03
-1.073144680652671212e-03
-1.098029555641311106e-03
-1.122016228862765530e-03
-1.145022032795317557e-03
-1.166970131047051495e-03
-1.187789082784274086e-03
-1.207412381242445321e-03
-1.225777973246522379e-03
-1.242827765553400354e-03
-1.258507122768204312e-03
-1.272764360557676611e-03
-1.285550236914456690e-03
-1.296817443327658026e-03
-1.306520096876706560e-03
-1.314613233483363786e-03
-1.321052301823222308e-03
-1.325792656736268782e-03
-1.328789050306422581e-03
-1.329995118184434943e-03
-1.329362858089933042e-03
-1.326842096841751584e-03
-1.322379941596452113e-03
-1.315920210333665352e-03
-1.307402835862170321e-03
-1.296763236823483822e-03
-1.283931648240255186e-03
-1.268832403086506133e-03
-1.251383155134622172e-03
-1.231494031867619299e-03
-1.209066704535466386e-03
-1.183993360376334181e-03
-1.156155559578042613e-03
-1.125422956588462142e-03
-1.091651861820253089e-03
-1.054683615459239832e-03
-1.014342739778406610e-03
-9.704348299202081307e-04
-9.227441351074006093e-04
-8.710307724366650461e-04
-8.150275031741927023e-04
-7.544359862401428529e-04
-6.889224044424047122e-04
-6.181123348740769075e-04
-5.415847042620214324e-04
-4.588646308882893265e-04
-3.694149043269590038e-04
-2.726257889760219655e-04
-1.678027520788383242e-04
-5.415160473232205618e-05
6.923960472393630994e-05
2.034228053351405663e-04
3.496173571280181136e-04
5.092442447671707839e-04
6.839690247004703849e-04
8.757562570473886865e-04
1.086939172660006392e-03
1.320309793848561952e-03
1.579236874997835827e-03
1.867822225511295287e-03
2.191110823386743789e-03
2.555377626888510889e-03
2.968525863023652178e-03
3.440650843199444253e-03
3.984855535982267938e-03
4.618459592869328389e-03
5.364842635981359464e-03
6.256347196172518110e-03
7.339027302454059765e-03
8.394543188865011274e-03
8.394543188865011274e-03
8.394543188865011274e-03
8.394543188864789229e-03
8.394543188865011274e-03
8.394543188865011274e-03
8.394543188865011274e-03
8.394543188865011274e-03
8.394543188864900252e-03
8.394543188864900252e-03
8.394543188864789229e-03
8.394543188864789229e-03
8.394543188865122296e-03
