1.977282517180883881e-02
1.976245838019252687e-02
1.974876701086586417e-02
1.973078510838427446e-02
1.970729956940975303e-02
1.967679740546302014e-02
1.963740484833031985e-02
1.958681792497352081e-02
1.952222440074780074e-02
1.944021736336198902e-02
1.933670120929165126e-02
1.920679141054382200e-02
1.904471018964870588e-02
1.884368111468703866e-02
1.859582663512726608e-02
1.829207369227803248e-02
1.792207371957510453e-02
1.747414454441109655e-02
1.693524284166181282e-02
1.629097677519708576e-02
1.552566918215436687e-02
1.462248197157856033e-02
1.356361217663581975e-02
1.233056916576047435e-02
1.090454073859858930e-02
9.266853088570892183e-03
7.399525832159303818e-03
5.285918481612528197e-03
2.911458960658697137e-03
2.644382317706917007e-04
-2.663151857867696037e-03
-5.874767349305365371e-03
-9.368483775362479449e-03
-1.313623198466706832e-02
-1.716314291628595612e-02
-2.142704696787189889e-02
-2.589817162656116167e-02
-3.053907591663507226e-02
-3.530485196916721691e-02
-4.014361293821866461e-02
-4.499727316605128813e-02
-4.980261177197142786e-02
-5.449259570807640785e-02
-5.899792385768609648e-02
-6.324874097089816516e-02
-6.717646001219890195e-02
-7.071562448912249721e-02
-7.380573892089792309e-02
-7.639299589659742651e-02
-7.843183201351955347e-02
-7.988625202101751199e-02
-8.073087021688518661e-02
-8.095162995832971831e-02
-8.054617542636499650e-02
-7.952386389156496094e-02
-7.790542106522169163e-02
-7.572225611227789699e-02
-7.301546601585195972e-02
-6.983457071670118310e-02
-6.623603033931635409e-02
-6.228160343817412681e-02
-5.803661019457218018e-02
-5.356816659763019572e-02
-4.894345470671179754e-02
-4.422809012641204518e-02
-3.948464101919579861e-02
-3.477134371448098449e-02
-3.014104880488455152e-02
-2.564041925322513293e-02
-2.130938925996961331e-02
-1.718088027154429653e-02
-1.328075930091721091e-02
-9.628015313233095895e-03
-6.235122251692981621e-03
-3.108552582691714861e-03
-2.494030493465082543e-04
2.345905531578207359e-03
4.684890439741185020e-03
6.778263467469791692e-03
8.639209035921524560e-03
1.028270602705561032e-02
1.172490973645645695e-02
1.298260493635705615e-02
1.407273609832060401e-02
1.501201655058848061e-02
1.581661483976093407e-02
1.650191386045474218e-02
1.708233638183687120e-02
1.757122936682886660e-02
1.798079885268100142e-02
1.832208703209747824e-02
1.860498343191308024e-02
1.883826262682841701e-02
1.902964165528953089e-02
1.918585114324899976e-02
1.931271502418585584e-02
1.941523461972716191e-02
1.949767367737509360e-02
1.956364172487390363e-02
1.961617377914892657e-02
