1.019969602286102228e+00
1.019959028528588441e+00
1.019945063988427769e+00
1.019926723600648621e+00
1.019902770353108945e+00
1.019871661586042810e+00
1.019831487024640104e+00
1.019779898192240353e+00
1.019714029142061440e+00
1.019630408844324210e+00
1.019524866088611814e+00
1.019392428421101338e+00
1.019227217440891842e+00
1.019022343729670377e+00
1.018769805774629944e+00
1.018460398442112780e+00
1.018083637827497112e+00
1.017627710582537537e+00
1.017079457017198152e+00
1.016424398274861307e+00
1.015646818546894981e+00
1.014729913460725275e+00
1.013656015264856380e+00
1.012406904061983415e+00
1.010964211941407065e+00
1.009309923310657053e+00
1.007426969972878172e+00
1.005299913596856554e+00
1.002915701373502833e+00
1.000264473198642090e+00
9.973403911851228543e-01
9.941424553534367048e-01
9.906752637461899713e-01
9.869496717488477344e-01
9.829833047898435261e-01
9.788008813566955180e-01
9.744343096177288110e-01
9.699225307147477659e-01
9.653110944095586454e-01
9.606514672654681286e-01
9.560000886830426481e-01
9.514172045234380315e-01
9.469655204410220017e-01
9.427087263525443239e-01
9.387099490226495924e-01
9.350301913394014619e-01
9.317268147459957239e-01
9.288521161306113605e-01
9.264520431553530111e-01
9.245650835235467158e-01
9.232213549775473149e-01
9.224419146334046360e-01
9.222382990707186368e-01
9.226123005838091640e-01
9.235559800658658114e-01
9.250519128308243300e-01
9.270736598471792655e-01
9.295864529157984446e-01
9.325480779063707315e-01
9.359099350800995643e-01
9.396182498017796592e-01
9.436154008609973776e-01
9.478413276831915146e-01
9.522349725820137278e-01
9.567357106148388635e-01
9.612847182307510119e-01
9.658262332499596425e-01
9.703086630187348627e-01
9.746855047453721888e-01
9.789160516000889878e-01
9.829658694203828873e-01
9.868070408687932282e-01
9.904181856328417854e-01
9.937842757857361375e-01
9.968962739644006144e-01
9.997506280490086050e-01
1.002348659320915214e+00
1.004695881696532345e+00
1.006801287887751029e+00
1.008676634700715669e+00
1.010335754720802282e+00
1.011793915924007026e+00
1.013067244837338565e+00
1.014172223186337707e+00
1.015125262846503063e+00
1.015942359569516729e+00
1.016638822489032812e+00
1.017229073838734177e+00
1.017726511584068128e+00
1.018143426680178321e+00
1.018490966298863265e+00
1.018779134485423343e+00
1.019016822184432458e+00
1.019211859296259126e+00
1.019371082294669328e+00
1.019500411869736611e+00
1.019604935997409756e+00
1.019688994732320664e+00
1.019756263843140776e+00
1.019809835141633148e+00
