2.036150379357432039e-02
2.036866249775792781e-02
2.037432564882163399e-02
2.037735974340887379e-02
2.037638018970533427e-02
2.036970027596973765e-02
2.035527188074937044e-02
2.033061752928733146e-02
2.029275367785809969e-02
2.023810548658711017e-02
2.016241383549710608e-02
2.006063595921858678e-02
1.992684182975668072e-02
1.975410930400101073e-02
1.953442206439903739e-02
1.925857549634435451e-02
1.891609682879935583e-02
1.849518706209751784e-02
1.798269334582403012e-02
1.736412145584975697e-02
1.662369873779567797e-02
1.574449820044132586e-02
1.470863420943113731e-02
1.349753929680752584e-02
1.209232982138286339e-02
1.047426546981333750e-02
8.625303805405826196e-03
6.528746247165928551e-03
4.169966083426901449e-03
1.537202592328368311e-03
-1.377601620953239348e-03
-4.577949905977707346e-03
-8.061963678485772888e-03
-1.182161875118370453e-02
-1.584209061446273381e-02
-2.010125431113563010e-02
-2.456938257625473909e-02
-2.920908079845063732e-02
-3.397548911107728387e-02
-3.881677084137691303e-02
-4.367489322445483602e-02
-4.848669156163776250e-02
-5.318519287221423752e-02
-5.770116062086261266e-02
-6.196480932265790997e-02
-6.590762760911239582e-02
-6.946424133398787504e-02
-7.257424488903030380e-02
-7.518392919206196012e-02
-7.724783865314321929e-02
-7.873009646143946938e-02
-7.960544726029672447e-02
-7.985997809650946522e-02
-7.949149181090575667e-02
-7.850952115178655433e-02
-7.693498623530148350e-02
-7.479951197717049638e-02
-7.214443524341529468e-02
-6.901954321352699040e-02
-6.548159435307621123e-02
-6.159268103373172210e-02
-5.741849785969810327e-02
-5.302658189336817429e-02
-4.848459007582350822e-02
-4.385867522208508618e-02
-3.921201523021977664e-02
-3.460354096240214616e-02
-3.008689720015222946e-02
-2.570965885794906924e-02
-2.151281206530475387e-02
-1.753049762867231465e-02
-1.379000354568438169e-02
-1.031198433793356628e-02
-7.110878508740370307e-03
-4.195491755351721253e-03
-1.569712843195070207e-03
7.666686565803715325e-04
2.817068214229889733e-03
4.587152644083047903e-03
6.083831409033013671e-03
7.314180164031958142e-03
8.284258893257012701e-03
8.997749400374788209e-03
9.454276505451275625e-03
9.647173914607121148e-03
9.560267643588415964e-03
9.162886558000682413e-03
8.687793192971859924e-03
9.176686177963855329e-03
9.586255663815990147e-03
9.927543843232689014e-03
1.021044024304806896e-02
1.044371943796340574e-02
1.063509846642451961e-02
1.079130795438398849e-02
1.091817183532095559e-02
1.102069143086226166e-02
1.110313048851030437e-02
1.116909853600911440e-02
1.122163059028380427e-02
