1.457183777142656567e-03
4.665533378422903610e-04
-1.484788767163180978e-04
-5.634881305232042337e-04
-8.736374734381602281e-04
-1.032835701154199981e-03
-1.072070507270428408e-03
-9.809436883170263854e-04
-7.872806831348277967e-04
-4.674164826774518389e-04
-6.218584663519877154e-05
2.231969641408593219e-04
1.097993072987080154e-04
-4.010212861522699512e-04
-8.783990193563795401e-04
-8.089218726690106109e-04
-7.342299502099969288e-05
9.826163392190334633e-04
1.905208545182279778e-03
2.552910891911563951e-03
3.138731301277619679e-03
3.882522557565160071e-03
4.750412945495385841e-03
5.502963059520471489e-03
5.924055621445156739e-03
5.994064921801545154e-03
5.816202389186897470e-03
5.494799887281187623e-03
5.000032681694466241e-03
4.156855655145452744e-03
2.742864005335188260e-03
6.992811360957418287e-04
-1.726350308627111474e-03
-4.013799351756275335e-03
-5.576503400559040813e-03
-5.875504887563387513e-03
-4.524194751930998848e-03
-1.491555703014846301e-03
2.528788140497173487e-03
6.335461105700046502e-03
9.193643872618895152e-03
1.110248177312078699e-02
1.251171282537033580e-02
1.371792931109017122e-02
1.508764333500955956e-02
1.658893629418722870e-02
1.782571609169747440e-02
1.840830611329746791e-02
1.780815784302325344e-02
1.548305276711603451e-02
1.162257971677260748e-02
7.776315211288409301e-03
5.616479538967489304e-03
5.221042635784822750e-03
5.138491184651261534e-03
4.344905068061732933e-03
2.915193223249290533e-03
1.400723368916167999e-03
5.456012201842108666e-04
4.478934047297267185e-04
1.146535530057279928e-03
2.494394469959249072e-03
4.103625259556098470e-03
5.442690199046418265e-03
6.166551569148359668e-03
6.055963328795876954e-03
5.045068567919530622e-03
3.617096931576968544e-03
2.351478685654440071e-03
1.653669906088395258e-03
1.588015327087854978e-03
1.918232995124724560e-03
2.280005870267998169e-03
2.345965930997784277e-03
1.944927805073159988e-03
1.144180955647833287e-03
9.176860857840196672e-05
-1.139205299560019924e-03
-2.531406250541046177e-03
-4.018398808050438475e-03
-5.459773163309256105e-03
-6.698398423483631348e-03
-7.616922179906948642e-03
-8.198164711519018155e-03
-8.520978728333572505e-03
-8.684212320875683844e-03
-8.746055334899249800e-03
-8.720786807947300545e-03
-8.615805873663839876e-03
-8.455547324982104485e-03
-8.291979970125762378e-03
-8.139458116444675539e-03
-8.037003493751804228e-03
-7.963023906421229370e-03
-7.948310837294636499e-03
-7.969961729752395030e-03
-8.064757309759862380e-03
-8.244628289756361639e-03
-8.510654731276101614e-03
-8.878540806262602558e-03
