-7.552615083672442609e-04
1.183652355387643240e-04
6.767599007191371641e-04
1.075916655767894525e-03
1.399610632746739469e-03
1.594503743429065423e-03
1.683457838484780922e-03
1.648498702380152281e-03
1.510546272582846683e-03
1.241435069848417783e-03
8.781664305419489835e-04
6.200395242115241956e-04
7.384939301635640163e-04
1.227505249033811197e-03
1.657377019505190674e-03
1.517815957322810050e-03
6.866833713998765631e-04
-5.011880029766047073e-04
-1.603748354766398876e-03
-2.487426544477422397e-03
-3.370190074762025034e-03
-4.477874551385596646e-03
-5.784960197970256957e-03
-7.060842312051285319e-03
-8.097271846490894376e-03
-8.882379267299178593e-03
-9.528501224264296354e-03
-1.015015463978463650e-02
-1.072704973598703759e-02
-1.109164993958544621e-02
-1.102622491901583679e-02
-1.047407848805415043e-02
-9.682837327788407222e-03
-9.169697699618284403e-03
-9.513984858702473346e-03
-1.124578057643565998e-02
-1.474642244694446269e-02
-2.004713365098509392e-02
-2.644650771076029194e-02
-3.270584463411130294e-02
-3.803452333380930028e-02
-4.238518919143396957e-02
-4.618024282470689634e-02
-4.968839935957070075e-02
-5.325481658521846740e-02
-5.681097793618128389e-02
-5.990509018938594554e-02
-6.208895753111176585e-02
-6.276944390828653741e-02
-6.134945935086444369e-02
-5.802237617840844131e-02
-5.441916208480712669e-02
-5.228323972768911254e-02
-5.168498813992139507e-02
-5.110823077909509848e-02
-4.949242884499105433e-02
-4.693313090860584680e-02
-4.402724936940305422e-02
-4.157184601197627671e-02
-3.969446570053025702e-02
-3.846354510935356963e-02
-3.775800508162396874e-02
-3.721136820786608013e-02
-3.631059078809761864e-02
-3.473525115686015852e-02
-3.229496614535354304e-02
-2.895722152133406446e-02
-2.524757901542473704e-02
-2.177999090261306669e-02
-1.898380285486545027e-02
-1.693827159784455638e-02
-1.541615781145400099e-02
-1.405855470702288557e-02
-1.254160383049574001e-02
-1.069623328268165530e-02
-8.589300932245746978e-03
-6.365292699036517732e-03
-4.092733156211281198e-03
-1.784437632740498714e-03
4.986714781574086430e-04
2.624333760496533330e-03
4.446269253657320064e-03
5.859529317075118371e-03
6.858454427288940281e-03
7.531180582210250662e-03
7.984523131808973773e-03
8.284721794405758288e-03
8.454422074796408282e-03
8.508887474781179350e-03
8.479306171976119799e-03
8.423271154677891559e-03
8.360671483532478021e-03
8.335131402769313524e-03
8.330303936629146477e-03
8.380833311941060515e-03
8.468169986129758797e-03
8.632258319663410617e-03
8.889174130801702489e-03
9.244367747604620433e-03
9.718514894943908189e-03
