-7.804725276228182906e+00
-7.557070464250442043e+00
-7.314728913495346596e+00
-7.077716238752183031e+00
-6.846048764088273231e+00
-6.619743500483147969e+00
-6.398818114888483954e+00
-6.183290889984785821e+00
-5.973180673950603037e+00
-5.768506819626542104e+00
-5.569289112546623954e+00
-5.375547687425567212e+00
-5.187302932833332214e+00
-5.004575383958416168e+00
-4.827385603558417060e+00
-4.655754051418795392e+00
-4.489700942886016399e+00
-4.329246097305068375e+00
-4.174408777468464393e+00
-4.025207521467415006e+00
-3.881659968617689138e+00
-3.743782681403698298e+00
-3.611590965634189132e+00
-3.485098691221435452e+00
-3.364318116171967077e+00
-3.249259716501131656e+00
-3.139932024846717074e+00
-3.036341480551692396e+00
-2.938492293907409181e+00
-2.846386327094400315e+00
-2.760022994128602303e+00
-2.679399181820631082e+00
-2.604509193391631339e+00
-2.535344715971493024e+00
-2.471894812746677772e+00
-2.414145940040374860e+00
-2.362081989113361757e+00
-2.315684351986533773e+00
-2.274932010121773818e+00
-2.239801644371991696e+00
-2.210267764236782728e+00
-2.186302854148097552e+00
-2.167877534268177975e+00
-2.154960733114399840e+00
-2.147519869233765366e+00
-2.145521039131882191e+00
-2.148929208712724304e+00
-2.157708405599408241e+00
-2.171821909873998369e+00
-2.191232440986076391e+00
-2.215902338824987883e+00
-2.245793737218773067e+00
-2.280868728403527612e+00
-2.321089517291041737e+00
-2.366418564641647571e+00
-2.416818718516207554e+00
-2.472253333630504368e+00
-2.532686378462646992e+00
-2.598082530166514026e+00
-2.668407257520158282e+00
-2.743626892286740837e+00
-2.823708689487482992e+00
-2.908620877182229059e+00
-2.998332696425333843e+00
-3.092814432114683765e+00
-3.192037435482199204e+00
-3.295974138987532776e+00
-3.404598064375418343e+00
-3.517883824643741164e+00
-3.635807120646084911e+00
-3.758344733021553363e+00
-3.885474510107895796e+00
-4.017175352453156378e+00
-4.153427194497707475e+00
-4.294210983953870908e+00
-4.439508659365442256e+00
-4.589303126285178891e+00
-4.743578232465355704e+00
-4.902318742415404884e+00
-5.065510311641746810e+00
-5.233139460848509117e+00
-5.405193550344041142e+00
-5.581660754867145968e+00
-5.762530039018555428e+00
-5.947791133457609902e+00
-6.137434512001117781e+00
-6.331451369740722868e+00
-6.529833602277117066e+00
-6.732573786153310813e+00
-6.939665160555334111e+00
-7.151101610336677794e+00
-7.366877650412348544e+00
-7.586988411559701717e+00
-7.811429627655725128e+00
-8.040197624374153307e+00
-8.273289309360782440e+00
-8.510702163900951689e+00
-8.752434236089838393e+00
-8.998484135513379556e+00
-9.248851029445283700e+00
