9.050499430965924796e-02
7.550347461130264837e-02
6.899423910140435601e-02
6.817091556118924645e-02
7.158568553009300728e-02
7.842057190706989978e-02
8.781375797550113049e-02
9.898237333205753274e-02
1.112482058021483367e-01
1.242629824275245792e-01
1.378261197395764248e-01
1.515011894001766224e-01
1.646440206177181287e-01
1.770445909881853963e-01
1.893410316182704833e-01
2.024767540806181043e-01
2.168294632082286288e-01
2.319742274790181080e-01
2.472128098630288762e-01
2.623575821874856717e-01
2.778892991275934143e-01
2.944245330703362806e-01
3.123029423075733280e-01
3.316465819882855603e-01
3.525947687357650628e-01
3.754297689930345405e-01
4.003719091646436024e-01
4.274398772230718069e-01
4.563817603143445201e-01
4.866742883219072890e-01
5.177653958868296824e-01
5.495591821070505700e-01
5.825938211725043558e-01
6.179134361528242358e-01
6.567155560607456088e-01
7.000494399885095476e-01
7.486835344283341298e-01
8.030957440793121682e-01
8.635248812067015667e-01
9.300483000338428674e-01
1.002647481561907306e+00
1.081262771877379070e+00
1.165715345367934530e+00
1.255667129962134254e+00
1.350627940748909461e+00
1.450206376090422244e+00
1.554348671743073673e+00
1.663567210376531103e+00
1.779106502268517964e+00
1.902983667756149577e+00
2.037725066573769617e+00
2.186165071840190155e+00
2.351098000757015694e+00
2.535059087761116103e+00
2.740207849064409285e+00
2.968283659890755377e+00
3.220661803070731022e+00
3.498335704699316651e+00
3.801701217717453396e+00
4.130247593981914989e+00
4.482413209021935074e+00
4.855592615722104988e+00
5.246579134782178855e+00
5.652356175457445175e+00
6.071220065960281964e+00
6.504081890107945796e+00
6.955480100736810556e+00
7.433591670071752588e+00
7.948833702268614410e+00
8.511507740477773254e+00
9.129675280061162468e+00
9.808101417084776230e+00
1.054784057771418304e+01
1.134708467961938538e+01
1.220088547118076328e+01
1.310167932952991876e+01
1.404093761683965802e+01
1.501548963655772795e+01
1.603213923911322780e+01
1.711272889069375935e+01
1.829110021579717227e+01
1.960525420466575497e+01
2.108811326961486188e+01
2.276145460621566130e+01
2.463473280322430270e+01
2.670815051090196590e+01
2.897271909563350434e+01
3.140654553356425893e+01
3.396691865088515527e+01
3.658195140036186643e+01
3.913293762332544645e+01
4.148037597777349106e+01
4.344012821059678231e+01
4.483598614054997711e+01
4.548182797613574735e+01
4.527015062752104058e+01
4.413340942927808186e+01
4.207797018618369833e+01
3.921668767214226392e+01
3.571237308485645201e+01
