2.419138302114428110e-02
2.637117798288909909e-02
2.917820596932079943e-02
3.297172429251127301e-02
3.814467218339302051e-02
4.501538186602440511e-02
5.375791360441637551e-02
6.456214928484872717e-02
7.806665856008875026e-02
9.551924946218921797e-02
1.179992438052979292e-01
1.451592101817209546e-01
1.751997686359805795e-01
2.070571136670953660e-01
2.424398411381801788e-01
2.867713562569644825e-01
3.472119152036955425e-01
4.245828091131859106e-01
5.102065429082138781e-01
5.966934694848263776e-01
6.824697025590140687e-01
7.676434028546321731e-01
8.594828014870377064e-01
9.726953376566088716e-01
1.112129987750773985e+00
1.258017857698982445e+00
1.391376433173294069e+00
1.509349740747570223e+00
1.613456316810836455e+00
1.716023781144293103e+00
1.827159043198768762e+00
1.944863130994427314e+00
2.085375905246237505e+00
2.292443602656333734e+00
2.593071008175533265e+00
3.039540077744774749e+00
3.729313706498447623e+00
4.706263815739807121e+00
5.773575320250607490e+00
6.572092800843614135e+00
6.920299999635313171e+00
6.899915161314846834e+00
6.748024276589063675e+00
6.603942038747723231e+00
6.591183187149868949e+00
6.706868926060082003e+00
6.865068803079508619e+00
6.939512891423306407e+00
6.752115809602080354e+00
6.188105626399368120e+00
5.309386984942365828e+00
4.353441005434736333e+00
3.552527939304068294e+00
2.993024922153573630e+00
2.612284432168088255e+00
2.344411778103381749e+00
2.148534754800792257e+00
2.009831927871712498e+00
1.903825355743590464e+00
1.805789165746003455e+00
1.712784204805222865e+00
1.625896558072066789e+00
1.539119264106165730e+00
1.443624221427346033e+00
1.336314098083228652e+00
1.217647955940778903e+00
1.091258389454418110e+00
9.720422713759210298e-01
8.724811002710369801e-01
7.901828507374952792e-01
7.151412686119161810e-01
6.403139495308596274e-01
5.643517737817926871e-01
4.876302359588842728e-01
4.120100244395555888e-01
3.437521737692645907e-01
2.890535902543615032e-01
2.474953819265865163e-01
2.137827622866357857e-01
1.832707689096844672e-01
1.539108695171591545e-01
1.261173490632143679e-01
1.017765771844782313e-01
8.209004136887175507e-02
6.655031703410112243e-02
5.389032386593182317e-02
4.342662799487582298e-02
3.521131817824251636e-02
2.923510777137031807e-02
2.495130731426119935e-02
2.147395862378844583e-02
1.814087763525395330e-02
1.491324926027982542e-02
1.213943280932880397e-02
1.007594303723767168e-02
8.750136457900693429e-03
8.074807918525491596e-03
7.960921709050149467e-03
8.377346419976726064e-03
9.357717360081891159e-03
