1.224906029539285512e-02
1.283919202130867632e-02
1.373355268941800489e-02
1.537685234645014276e-02
1.640886187493162396e-02
1.711653803101320648e-02
1.709944611568303685e-02
1.300340002841604559e-02
8.575426134321162408e-03
3.778772909924121848e-03
-1.428820758162530069e-03
1.347151371538402032e-03
4.332372659956007510e-03
7.326976209814262120e-03
1.032761588564090616e-02
1.049441390502980909e-02
9.755574220923435291e-03
8.992476362294610226e-03
8.204904499088616632e-03
6.186459268437971559e-03
2.197602028414458175e-03
-1.876189067536948585e-03
-6.031647658145899982e-03
-1.026486936483372858e-02
-5.126979188242675178e-03
3.443099086501089090e-03
1.194191122286847317e-02
2.035524940663924198e-02
2.866857745874495933e-02
3.109941639299318439e-02
2.947999531572476073e-02
2.791351973466182912e-02
2.640122128430721915e-02
2.494427100320972812e-02
2.354377978322608200e-02
2.012825276003482600e-02
1.538807958079724258e-02
1.111054102742947691e-02
7.246913926521436622e-03
3.755846370022908332e-03
6.020812035796296868e-04
-2.244557445036932108e-03
-4.809975019345991143e-03
-8.248402903001217368e-03
-1.370900380470807534e-02
-1.846203798079049108e-02
-2.258659117889383339e-02
-2.614709947230853260e-02
-2.919614195204722762e-02
-3.177655710887528073e-02
-3.392305557645602931e-02
-3.566345102653833976e-02
-3.701959585953851217e-02
-3.800808354162388270e-02
-3.864076153402695724e-02
-3.892508545029205180e-02
-3.886433480185047529e-02
-3.845770234765755191e-02
-3.770026181965135947e-02
-3.658281197412005525e-02
-3.509158789802668821e-02
-3.320782262779875538e-02
-3.090713264819466843e-02
-2.815868873102100878e-02
-2.492411745777189935e-02
-2.115605662445041446e-02
-1.679625651364080596e-02
-1.177307404992555817e-02
-6.280253974634941727e-03
-3.865090166014883977e-03
-1.177173742906489906e-03
1.808799462202692609e-03
5.122460337885659243e-03
8.798613705205848845e-03
1.287830438468207106e-02
1.741016969786501889e-02
2.245217115820219433e-02
2.419821658517884444e-02
2.565453257399452625e-02
2.717288492527192290e-02
2.875286429134993327e-02
3.039405530662264709e-02
3.196215384467704368e-02
2.339926216405530113e-02
1.469032013543714044e-02
5.847739814638597267e-03
-3.116361120701682808e-03
-1.103858737205332119e-02
-6.545875789631061537e-03
-2.115681216358300532e-03
2.247613361519018582e-03
6.540265399769040755e-03
8.344063925437072982e-03
9.198637254028252386e-03
1.003038396878119798e-02
1.083942192936904192e-02
8.530568364153001681e-03
5.141065828485391620e-03
1.727845762437230093e-03
-1.280355561708468315e-03
