0.000000000000000000e+00 0.000000000000000000e+00
3.333333333333333493e-05 1.000000000000000048e-04
3.333333333333333493e-05 1.333333333333333397e-04
1.000000000000000048e-04 2.999999999999999737e-04
5.333333333333333589e-04 2.599999999999999881e-03
7.766666666666666510e-03 3.246666666666666451e-02
1.476666666666666752e-02 7.403333333333333988e-02
1.839999999999999969e-02 9.603333333333333166e-02
2.253333333333333230e-02 1.174000000000000044e-01
3.043333333333333307e-02 1.620666666666666644e-01
3.836666666666666697e-02 1.952666666666666717e-01
3.986666666666666831e-02 2.022666666666666779e-01
4.529999999999999999e-02 2.344999999999999862e-01
4.893333333333333562e-02 2.504333333333333411e-01
4.896666666666666529e-02 2.506333333333333191e-01
5.129999999999999838e-02 2.626333333333333298e-01
5.129999999999999838e-02 2.627666666666666484e-01
5.190000000000000169e-02 2.654000000000000248e-01
5.493333333333333401e-02 2.823333333333333250e-01
5.680000000000000326e-02 2.939999999999999836e-01
5.879999999999999810e-02 3.009666666666666601e-01
6.913333333333333830e-02 3.423666666666666525e-01
6.913333333333333830e-02 3.424333333333333118e-01
6.980000000000000093e-02 3.448333333333333250e-01
7.539999999999999480e-02 3.739999999999999991e-01
7.566666666666665986e-02 3.756333333333333191e-01
7.570000000000000340e-02 3.760666666666666602e-01
7.583333333333333592e-02 3.768000000000000238e-01
7.603333333333332777e-02 3.779000000000000137e-01
8.260000000000000675e-02 4.046000000000000152e-01
8.456666666666666499e-02 4.138999999999999901e-01
8.780000000000000304e-02 4.248000000000000109e-01
8.863333333333332786e-02 4.281666666666666399e-01
9.400000000000000022e-02 4.554000000000000270e-01
9.486666666666666858e-02 4.580000000000000182e-01
9.696666666666667322e-02 4.663333333333333219e-01
1.035666666666666680e-01 5.006000000000000449e-01
1.044999999999999957e-01 5.039666666666666739e-01
1.049999999999999961e-01 5.062333333333333130e-01
1.071666666666666601e-01 5.161666666666666625e-01
1.083999999999999964e-01 5.210666666666666780e-01
1.111999999999999933e-01 5.360666666666666913e-01
1.122333333333333377e-01 5.388666666666667160e-01
1.122999999999999970e-01 5.390333333333333643e-01
1.140000000000000041e-01 5.435333333333333128e-01
1.153666666666666729e-01 5.500333333333333741e-01
1.154333333333333322e-01 5.504333333333333300e-01
1.162666666666666709e-01 5.551333333333333675e-01
1.191666666666666707e-01 5.674000000000000155e-01
1.215999999999999998e-01 5.781333333333333879e-01
1.234999999999999987e-01 5.838666666666666449e-01
1.242666666666666642e-01 5.859999999999999654e-01
1.250000000000000000e-01 5.880333333333332968e-01
1.274333333333333429e-01 5.974666666666667014e-01
1.301666666666666805e-01 6.088000000000000078e-01
1.305999999999999939e-01 6.101666666666666350e-01
1.376333333333333298e-01 6.383999999999999675e-01
1.428333333333333399e-01 6.506666666666666154e-01
1.478333333333333444e-01 6.626666666666666261e-01
1.486666666666666692e-01 6.653333333333333321e-01
1.507666666666666599e-01 6.710666666666667002e-01
1.544999999999999984e-01 6.828999999999999515e-01
1.544999999999999984e-01 6.830000000000000515e-01
1.572999999999999954e-01 6.892333333333333645e-01
1.680000000000000104e-01 7.218666666666666565e-01
1.682333333333333458e-01 7.223666666666667124e-01
1.701333333333333309e-01 7.250333333333333075e-01
1.769999999999999907e-01 7.368999999999999995e-01
1.822999999999999898e-01 7.508666666666666822e-01
1.862666666666666637e-01 7.603999999999999648e-01
1.863333333333333230e-01 7.605666666666666131e-01
1.897333333333333372e-01 7.688000000000000389e-01
1.910000000000000031e-01 7.708333333333333703e-01
1.930999999999999939e-01 7.764666666666666384e-01
1.958666666666666611e-01 7.817666666666667208e-01
1.976999999999999869e-01 7.844999999999999751e-01
2.023333333333333373e-01 7.936999999999999611e-01
2.030333333333333434e-01 7.953999999999999959e-01
2.051333333333333342e-01 8.000666666666667037e-01
2.065333333333333465e-01 8.026333333333333098e-01
2.066666666666666652e-01 8.027666666666666284e-01
2.075666666666666771e-01 8.042666666666666853e-01
2.163666666666666794e-01 8.215333333333333377e-01
2.164999999999999980e-01 8.216666666666666563e-01
2.172999999999999932e-01 8.226666666666666572e-01
2.173333333333333228e-01 8.226999999999999869e-01
2.218333333333333268e-01 8.303333333333333677e-01
2.297333333333333449e-01 8.419999999999999707e-01
2.297666666666666746e-01 8.421333333333332893e-01
2.299666666666666803e-01 8.421999999999999487e-01
2.393000000000000127e-01 8.544333333333333780e-01
2.396999999999999964e-01 8.548000000000000043e-01
2.396999999999999964e-01 8.548999999999999932e-01
2.434999999999999942e-01 8.608666666666666689e-01
2.434999999999999942e-01 8.609666666666666579e-01
2.435666666666666536e-01 8.612333333333332952e-01
2.470333333333333270e-01 8.641666666666666385e-01
2.521666666666666501e-01 8.710333333333333261e-01
2.602666666666666462e-01 8.770999999999999908e-01
2.637666666666666493e-01 8.806666666666667087e-01
2.641999999999999904e-01 8.812333333333333130e-01
2.642333333333333201e-01 8.812666666666666426e-01
2.642999999999999794e-01 8.814666666666666206e-01
2.646666666666666612e-01 8.821666666666666545e-01
2.649666666666666837e-01 8.822333333333333139e-01
2.748666666666666480e-01 8.897333333333333760e-01
2.777000000000000024e-01 8.938000000000000389e-01
2.777666666666666617e-01 8.939000000000000279e-01
2.911333333333333551e-01 9.092000000000000082e-01
2.925333333333333119e-01 9.100333333333333607e-01
2.993000000000000105e-01 9.139666666666667050e-01
2.994333333333333291e-01 9.140000000000000346e-01
3.018666666666666720e-01 9.155999999999999694e-01
3.031666666666666399e-01 9.161000000000000254e-01
3.209000000000000186e-01 9.226333333333333053e-01
3.322999999999999843e-01 9.249000000000000554e-01
3.521666666666666834e-01 9.280000000000000471e-01
3.708333333333333481e-01 9.292666666666666853e-01
3.869333333333333513e-01 9.300000000000000488e-01
3.871666666666666590e-01 9.300666666666667082e-01
4.063999999999999835e-01 9.305666666666666531e-01
4.166666666666666852e-01 9.306333333333333124e-01
4.219666666666666566e-01 9.342333333333333600e-01
4.303333333333333455e-01 9.421000000000000485e-01
4.337333333333333596e-01 9.446666666666666545e-01
4.339999999999999969e-01 9.447666666666666435e-01
4.382666666666666933e-01 9.482333333333333725e-01
4.433000000000000274e-01 9.517333333333333201e-01
4.453666666666666885e-01 9.534666666666666845e-01
4.485000000000000098e-01 9.555666666666666753e-01
4.491666666666666585e-01 9.556666666666666643e-01
4.501999999999999891e-01 9.563000000000000389e-01
4.603666666666666463e-01 9.610999999999999543e-01
4.607333333333333281e-01 9.614333333333333620e-01
4.607666666666666577e-01 9.614666666666666917e-01
4.659333333333333105e-01 9.637000000000000011e-01
7.288000000000000034e-01 9.650666666666666282e-01
7.324666666666667103e-01 9.671333333333332893e-01
7.351666666666666350e-01 9.685000000000000275e-01
7.372999999999999554e-01 9.693000000000000504e-01
7.375666666666667037e-01 9.694666666666666988e-01
8.079666666666667219e-01 9.706000000000000183e-01
8.206666666666666554e-01 9.710999999999999632e-01
8.209999999999999520e-01 9.710999999999999632e-01
8.456666666666666776e-01 9.718666666666666565e-01
8.457000000000000073e-01 9.718666666666666565e-01
8.458999999999999853e-01 9.718999999999999861e-01
8.500333333333333075e-01 9.730999999999999650e-01
8.652333333333332988e-01 9.795000000000000373e-01
8.652666666666666284e-01 9.795000000000000373e-01
8.725333333333333830e-01 9.829333333333333256e-01
9.060000000000000275e-01 9.854000000000000536e-01
9.065333333333333021e-01 9.854333333333333833e-01
9.214666666666666561e-01 9.884666666666667156e-01
9.214999999999999858e-01 9.884666666666667156e-01
9.273666666666666725e-01 9.898666666666666725e-01
9.274666666666666615e-01 9.899000000000000021e-01
9.275999999999999801e-01 9.899333333333333318e-01
9.291666666666666963e-01 9.901666666666666394e-01
9.381333333333333746e-01 9.912333333333332996e-01
9.598666666666666458e-01 9.932999999999999607e-01
9.671666666666666190e-01 9.939333333333333353e-01
9.709333333333333149e-01 9.942666666666666320e-01
9.999666666666666703e-01 1.000000000000000000e+00
1.000000000000000000e+00 1.000000000000000000e+00
