1.084796268294529131e+00
1.084796268294529131e+00
1.084796268294529131e+00
1.084796268294529131e+00
1.084796268294529131e+00
1.084796268294529131e+00
1.084796268294529131e+00
1.084796268294529131e+00
1.084796268294529131e+00
1.087934536875892588e+00
1.087934536875892588e+00
1.087934536875892588e+00
1.088600229336522895e+00
1.089659783216909483e+00
1.093086662883125504e+00
1.093086662883125504e+00
1.094594322419127908e+00
1.094616720234153684e+00
1.094623722779616060e+00
1.094768984886245189e+00
1.094768984886245189e+00
1.093400588892711411e+00
1.092994566577344839e+00
1.091870322953420125e+00
1.085092201183033289e+00
1.080127042562301076e+00
1.075854930447402324e+00
1.068740730371865899e+00
1.069152024974752591e+00
1.012795581538711298e+00
1.012795581538711298e+00
9.993073543192407815e-01
9.365943162650729459e-01
9.235606683000628925e-01
8.883195414955471492e-01
8.395544202025680969e-01
8.308744964102111608e-01
8.279908467624090829e-01
8.233297832438548625e-01
8.328803454688331609e-01
8.328803454688331609e-01
7.987331277868749968e-01
8.208388599767639793e-01
8.197475606197912601e-01
8.153927219708227980e-01
8.097096388532288858e-01
8.037169640481405253e-01
8.037169640481405253e-01
7.948480761357659130e-01
7.948480761357659130e-01
7.891382644689106662e-01
7.780654357778872265e-01
7.822037568014030828e-01
7.633391224541665743e-01
7.633391224541665743e-01
7.771717315584278918e-01
7.755316841210534440e-01
7.795024894675685045e-01
7.851920166239335641e-01
7.904970387559584477e-01
7.551701563071142598e-01
7.907507737777202950e-01
7.907507737777202950e-01
7.926621617807153575e-01
8.020761936767932809e-01
8.025878596533284615e-01
8.123441328032314779e-01
8.469851296047899991e-01
8.698274019278624536e-01
8.958874170554236294e-01
9.115723029571773939e-01
9.115723029571773939e-01
9.670861137281541176e-01
9.693178383766913875e-01
9.828239730823394860e-01
9.907116795138559695e-01
1.004396515674293777e+00
1.004396515674293777e+00
1.018179693334009484e+00
1.021575465893464152e+00
1.023078879600514357e+00
1.023078879600514357e+00
1.023078879600514357e+00
1.029386241025307847e+00
1.029386241025307847e+00
1.031311617613798859e+00
1.031311617613798859e+00
1.031311617613798859e+00
1.031311617613798859e+00
1.039687571793320275e+00
1.039687571793320053e+00
1.039687571793320053e+00
1.040055059934926751e+00
1.040055059934926751e+00
1.040701354905612996e+00
1.040701354905612996e+00
1.040701354905612996e+00
1.040701354905612996e+00
1.040895027495554848e+00
1.040895027495554848e+00
