1.006521069339938457e-02
1.000821128830642337e-02
9.932940609751250705e-03
9.834096066475117581e-03
9.705022717571010205e-03
9.537427649273455543e-03
9.321052072087665508e-03
9.043300441672119661e-03
8.688828019353778132e-03
8.239091185658242722e-03
7.671868631259792792e-03
6.960766382266170282e-03
6.074725534420677420e-03
4.977558559701167340e-03
3.996252150733958786e-03
2.345853885105553260e-03
3.415563358217799106e-04
-2.076046041704415757e-03
-4.971899779853794499e-03
-9.967283320876796360e-02
-4.335662637126413976e-02
-1.040070155740513425e-01
4.763875522555327535e-02
4.125688204113919788e-02
3.396112372652515532e-02
2.569282739246880887e-02
1.640605577327081122e-02
6.071341905214078238e-03
5.422647892525445101e-03
-7.013093491154531733e-03
3.912961803965187002e-02
2.475111010214314788e-02
9.527418358229566842e-03
7.923001138623952944e-02
-4.029378194513055789e-02
3.907893526821548669e-02
2.188163350265015517e-02
4.629566016737030054e-03
-1.248411017959782932e-02
-2.926662194260509775e-02
-4.553044225803537515e-02
9.880880826858884358e-02
8.410390073184259574e-02
7.041126387275442600e-02
-8.482667559022261106e-02
-9.611183581474069815e-02
1.950108622198465369e-04
-8.287679949523729661e-03
-1.526266214222082862e-02
-2.067937201721414819e-02
-2.450125669556213470e-02
-2.670482039375232652e-02
-2.727885984470035385e-02
-2.622395309894698379e-02
-2.355223585893684302e-02
-1.928747021217525059e-02
-1.346538232892313669e-02
-6.134218432959359646e-03
2.644557613605158508e-03
1.279552573233200263e-02
2.486907191503660020e-01
2.613009109474456748e-01
-8.216146152902148447e-02
-6.757254888752661781e-02
-5.221039076852196370e-02
-3.623557139889255208e-02
-1.981813579061209030e-02
-3.134387510662306475e-03
1.363693534895094039e-02
3.031893967924559341e-02
4.674108499626317137e-02
6.274364974639512482e-02
-4.977887089808108456e-02
-3.503125297885523182e-02
-2.107927428095346389e-02
-8.005000321248068040e-03
4.133171438836624745e-03
4.021428018271100413e-03
-6.635162222391666198e-02
-5.714588624130034766e-02
-4.889280466095868860e-02
-4.155346107689350532e-02
-3.507759670827015341e-02
-2.940668355529885147e-02
-2.447680807648788814e-02
-2.022125630111504258e-02
-1.657273222128807788e-02
-1.681657290320348608e-02
-1.418659168107927471e-02
-1.197449155867968962e-02
-1.012499362757846022e-02
-8.587647162565437142e-03
-9.329018619399720436e-03
-8.284615153201446702e-03
-7.430810946369881265e-03
-6.736521532273886947e-03
-7.538435278979349619e-03
-7.086429806264282760e-03
-6.724492010574012468e-03
-6.436118060515472195e-03
