-5.208518004278239744e-04
-5.208518004278239744e-04
-5.208518004278239744e-04
-5.208518004278239744e-04
-5.208518004278239744e-04
-5.208518004278239744e-04
-5.208518004278239744e-04
-5.208518004278239744e-04
-5.208518004278239744e-04
2.570645221740885944e-03
2.570645221740885944e-03
2.570645221740885944e-03
3.224964926714868341e-03
4.265373122558813179e-03
7.621580990603060712e-03
7.621580990603060712e-03
9.178743288945412360e-03
9.387704479460357021e-03
9.538710297776198388e-03
9.895210589019765024e-03
9.895210589019765024e-03
8.756823437087835060e-03
1.035290708839697871e-02
9.415749115462723751e-03
3.687785650570596374e-03
2.901556310153097229e-05
-3.323662385955383769e-03
-8.947031680917483243e-03
-7.876891552679676778e-03
-5.622372912652950916e-02
-5.622372912652950916e-02
-6.579212867218720007e-02
-1.255631635851768291e-01
-1.362665737794357401e-01
-1.724813314548134802e-01
-2.251016688878908489e-01
-2.331705477633361223e-01
-2.345122559529055906e-01
-2.389982417037943563e-01
-2.259234673739212163e-01
-2.259234673739212163e-01
-2.654327194790715438e-01
-2.341903645128354805e-01
-2.354675081604576947e-01
-2.405827059613371288e-01
-2.472736647949407285e-01
-2.544346783564659376e-01
-2.544346783564659376e-01
-2.653012130517958811e-01
-2.653012130517958811e-01
-2.726555354948332344e-01
-2.871369144380707672e-01
-2.820796527032327639e-01
-3.074628892621558141e-01
-3.074628892621558141e-01
-2.908493612193914224e-01
-2.930906446081829042e-01
-2.882563602103025424e-01
-2.813758335536042932e-01
-2.750087251667647781e-01
-3.226998689211693083e-01
-2.793587467832994164e-01
-2.793587467832994164e-01
-2.770901357555901612e-01
-2.668211982707469065e-01
-2.664970014710714707e-01
-2.556660958041174769e-01
-2.168139418676948704e-01
-1.919904252082176299e-01
-1.645097285756518257e-01
-1.483924846398108066e-01
-1.483924846398108066e-01
-9.367200882732329426e-02
-9.129819887691015268e-02
-7.853086771689277157e-02
-7.116264846993503035e-02
-5.852943745517524832e-02
-5.852943745517524832e-02
-4.579275401989790772e-02
-4.273241573373476321e-02
-4.121305093351446125e-02
-4.121305093351446125e-02
-4.121305093351446125e-02
-3.486822937790545751e-02
-3.486822937790545751e-02
-3.294082909358575506e-02
-3.294082909358575506e-02
-3.294082909358575506e-02
-3.294082909358575506e-02
-2.460668251014386243e-02
-2.460668251014386243e-02
-2.460668251014386243e-02
-2.424289877495500178e-02
-2.424289877495500178e-02
-2.360349743499057240e-02
-2.360349743499057240e-02
-2.360349743499057240e-02
-2.360349743499057240e-02
-2.341198458959148354e-02
-2.341198458959148354e-02
