0.000000000000000000e+00 0.000000000000000000e+00
3.333333333333333493e-05 1.000000000000000048e-04
3.333333333333333493e-05 1.333333333333333397e-04
4.666666666666666619e-04 2.433333333333333355e-03
5.333333333333333589e-04 2.599999999999999881e-03
7.766666666666666510e-03 3.246666666666666451e-02
1.476666666666666752e-02 7.403333333333333988e-02
1.839999999999999969e-02 9.603333333333333166e-02
2.253333333333333230e-02 1.174000000000000044e-01
3.046666666666666620e-02 1.506000000000000116e-01
3.836666666666666697e-02 1.952666666666666717e-01
3.986666666666666831e-02 2.022666666666666779e-01
3.989999999999999797e-02 2.024666666666666559e-01
4.533333333333333659e-02 2.346999999999999920e-01
4.896666666666666529e-02 2.506333333333333191e-01
5.929999999999999855e-02 2.920333333333333115e-01
6.163333333333333164e-02 3.040333333333333221e-01
6.230000000000000121e-02 3.064333333333333353e-01
6.230000000000000121e-02 3.065666666666666540e-01
6.289999999999999758e-02 3.091999999999999749e-01
6.316666666666666263e-02 3.108333333333333504e-01
6.516666666666666441e-02 3.178000000000000269e-01
6.516666666666666441e-02 3.178666666666666862e-01
6.519999999999999407e-02 3.183000000000000274e-01
6.823333333333332640e-02 3.352333333333333276e-01
7.009999999999999565e-02 3.468999999999999861e-01
7.030000000000000138e-02 3.479999999999999760e-01
7.353333333333333943e-02 3.588999999999999968e-01
7.549999999999999767e-02 3.682000000000000273e-01
7.636666666666666603e-02 3.708000000000000185e-01
7.846666666666667067e-02 3.791333333333333222e-01
8.503333333333333577e-02 4.058333333333333237e-01
9.063333333333332964e-02 4.349999999999999978e-01
9.146666666666666834e-02 4.383666666666666822e-01
9.239999999999999603e-02 4.417333333333333112e-01
9.253333333333332855e-02 4.424666666666666748e-01
9.790000000000000091e-02 4.697000000000000064e-01
9.893333333333333146e-02 4.724999999999999756e-01
1.006333333333333385e-01 4.769999999999999796e-01
1.006999999999999978e-01 4.771666666666666834e-01
1.073000000000000065e-01 5.114333333333332954e-01
1.078000000000000069e-01 5.137000000000000455e-01
1.099666666666666709e-01 5.236333333333332840e-01
1.118666666666666698e-01 5.293666666666666520e-01
1.131000000000000061e-01 5.342666666666666675e-01
1.159000000000000030e-01 5.492666666666666808e-01
1.166666666666666685e-01 5.514000000000000012e-01
1.174000000000000044e-01 5.534333333333333327e-01
1.187666666666666732e-01 5.599333333333332829e-01
1.188333333333333325e-01 5.603333333333333499e-01
1.240333333333333288e-01 5.725999999999999979e-01
1.248666666666666675e-01 5.773000000000000353e-01
1.298666666666666580e-01 5.893000000000000460e-01
1.327666666666666717e-01 6.015666666666666940e-01
1.335999999999999965e-01 6.042333333333332890e-01
1.360333333333333394e-01 6.149666666666666615e-01
1.384666666666666546e-01 6.243999999999999551e-01
1.411999999999999922e-01 6.357333333333333725e-01
1.416333333333333333e-01 6.370999999999999996e-01
1.416333333333333333e-01 6.371999999999999886e-01
1.437333333333333241e-01 6.429333333333333567e-01
1.507666666666666599e-01 6.711666666666666892e-01
1.535666666666666569e-01 6.774000000000000021e-01
1.572999999999999954e-01 6.892333333333333645e-01
1.575333333333333308e-01 6.897333333333333094e-01
1.682333333333333458e-01 7.223666666666667124e-01
1.701333333333333309e-01 7.250333333333333075e-01
1.769999999999999907e-01 7.368999999999999995e-01
1.822999999999999898e-01 7.508666666666666822e-01
1.862666666666666637e-01 7.603999999999999648e-01
1.863333333333333230e-01 7.605666666666666131e-01
1.897333333333333372e-01 7.688000000000000389e-01
1.910000000000000031e-01 7.708333333333333703e-01
1.930999999999999939e-01 7.764666666666666384e-01
1.958666666666666611e-01 7.817666666666667208e-01
1.976999999999999869e-01 7.844999999999999751e-01
2.023333333333333373e-01 7.936999999999999611e-01
2.030333333333333434e-01 7.953999999999999959e-01
2.051333333333333342e-01 8.000666666666667037e-01
2.065333333333333465e-01 8.026333333333333098e-01
2.066666666666666652e-01 8.027666666666666284e-01
2.075666666666666771e-01 8.042666666666666853e-01
2.076000000000000068e-01 8.043000000000000149e-01
2.164000000000000090e-01 8.215666666666666673e-01
2.165333333333333277e-01 8.216999999999999860e-01
2.173333333333333228e-01 8.226999999999999869e-01
2.218333333333333268e-01 8.303333333333333677e-01
2.297333333333333449e-01 8.419999999999999707e-01
2.297666666666666746e-01 8.421333333333332893e-01
2.299666666666666803e-01 8.421999999999999487e-01
2.393000000000000127e-01 8.544333333333333780e-01
2.396999999999999964e-01 8.548000000000000043e-01
2.396999999999999964e-01 8.548999999999999932e-01
2.434999999999999942e-01 8.608666666666666689e-01
2.434999999999999942e-01 8.609666666666666579e-01
2.435666666666666536e-01 8.612333333333332952e-01
2.487000000000000044e-01 8.680999999999999828e-01
2.521666666666666501e-01 8.710333333333333261e-01
2.556666666666666532e-01 8.746000000000000441e-01
2.637666666666666493e-01 8.806666666666667087e-01
2.641999999999999904e-01 8.812333333333333130e-01
2.642333333333333201e-01 8.812666666666666426e-01
2.642999999999999794e-01 8.814666666666666206e-01
2.646666666666666612e-01 8.821666666666666545e-01
2.649666666666666837e-01 8.822333333333333139e-01
2.677999999999999825e-01 8.862999999999999767e-01
2.678666666666666418e-01 8.863999999999999657e-01
2.777666666666666617e-01 8.939000000000000279e-01
2.911333333333333551e-01 9.092000000000000082e-01
2.925333333333333119e-01 9.100333333333333607e-01
2.993000000000000105e-01 9.139666666666667050e-01
2.994333333333333291e-01 9.140000000000000346e-01
3.018666666666666720e-01 9.155999999999999694e-01
3.031666666666666399e-01 9.161000000000000254e-01
3.209000000000000186e-01 9.226333333333333053e-01
3.322999999999999843e-01 9.249000000000000554e-01
3.521666666666666834e-01 9.280000000000000471e-01
3.708333333333333481e-01 9.292666666666666853e-01
3.869333333333333513e-01 9.300000000000000488e-01
3.871666666666666590e-01 9.300666666666667082e-01
4.063999999999999835e-01 9.305666666666666531e-01
4.166666666666666852e-01 9.306333333333333124e-01
4.219666666666666566e-01 9.342333333333333600e-01
4.303333333333333455e-01 9.421000000000000485e-01
4.337333333333333596e-01 9.446666666666666545e-01
4.339999999999999969e-01 9.447666666666666435e-01
4.390333333333333310e-01 9.482666666666667021e-01
4.433000000000000274e-01 9.517333333333333201e-01
4.453666666666666885e-01 9.534666666666666845e-01
4.485000000000000098e-01 9.555666666666666753e-01
4.491666666666666585e-01 9.556666666666666643e-01
4.501999999999999891e-01 9.563000000000000389e-01
4.502333333333333187e-01 9.563333333333333686e-01
7.130999999999999561e-01 9.576999999999999957e-01
7.232666666666666133e-01 9.625000000000000222e-01
7.236333333333333506e-01 9.628333333333333188e-01
7.238999999999999879e-01 9.629999999999999671e-01
7.943000000000000060e-01 9.641333333333332867e-01
8.070000000000000506e-01 9.646333333333333426e-01
8.121666666666667034e-01 9.668666666666666520e-01
8.125000000000000000e-01 9.668666666666666520e-01
8.161666666666667069e-01 9.689333333333333131e-01
8.183000000000000274e-01 9.697333333333333361e-01
8.429666666666666419e-01 9.705000000000000293e-01
8.456666666666666776e-01 9.718666666666666565e-01
8.457000000000000073e-01 9.718666666666666565e-01
8.458999999999999853e-01 9.718999999999999861e-01
8.500333333333333075e-01 9.730999999999999650e-01
8.834999999999999520e-01 9.755666666666666931e-01
8.840333333333333377e-01 9.756000000000000227e-01
8.840666666666666673e-01 9.756000000000000227e-01
8.990000000000000213e-01 9.786333333333333551e-01
9.005666666666666265e-01 9.788666666666666627e-01
9.223000000000000087e-01 9.809333333333333238e-01
9.312666666666666870e-01 9.819999999999999840e-01
9.385666666666666602e-01 9.826333333333333586e-01
9.537666666666666515e-01 9.890333333333333199e-01
9.538999999999999702e-01 9.890666666666666496e-01
9.576666666666666661e-01 9.893999999999999462e-01
9.867000000000000215e-01 9.951333333333333142e-01
9.867333333333333512e-01 9.951333333333333142e-01
9.939999999999999947e-01 9.985666666666667135e-01
9.998666666666666814e-01 9.999666666666666703e-01
9.999666666666666703e-01 1.000000000000000000e+00
1.000000000000000000e+00 1.000000000000000000e+00
