9.568202986196083781e-02
9.563020315649273240e-02
9.556175918101472710e-02
9.547187226588005338e-02
9.535448381691769004e-02
9.520204042129565281e-02
9.500519221311531926e-02
9.475245018254430107e-02
9.442980272295253830e-02
9.092879690017352523e-02
9.041207198802048151e-02
8.976389902346337824e-02
8.830136069863303572e-02
8.625924518071614866e-02
8.166910667183657768e-02
8.015854563457369686e-02
7.676383518475415890e-02
7.433390408414419781e-02
7.151606565570012286e-02
6.797874950855820053e-02
6.421078851054429215e-02
6.091686997594725206e-02
5.414431398677388430e-02
4.908024736544414068e-02
4.790319796670861052e-02
4.367843092341860967e-02
3.810174736076765711e-02
3.369349731496873446e-02
2.144750847787801895e-02
5.745035082999794263e-02
4.393574019273449593e-02
3.884087675525660366e-02
8.284875502809363468e-02
7.676622372015007301e-02
9.527831019378063537e-02
1.294137933030854448e-01
1.183771401167739157e-01
1.001785356908897473e-01
8.489622414932340710e-02
5.204860490159357589e-02
3.250646709330085038e-02
5.294618762123826095e-02
3.350143005931172091e-03
-1.277123258062051736e-02
-2.386897187843606272e-02
-3.198851316016360080e-02
-3.803643709279924678e-02
-4.946605666800873990e-02
-4.809651522069058327e-02
-5.553452287014304378e-02
-5.346174727967389906e-02
-4.203824797008548497e-02
-4.789364037022925125e-02
-2.104417677353498384e-02
-1.734031502832378280e-02
-2.806978328640830078e-02
-1.785130497827003282e-02
-1.273039451720237025e-02
-7.818913894391377184e-03
-7.219578280650562618e-04
6.191992729349049540e-02
3.481360246607945186e-02
5.211638820343411638e-02
6.799318952336141919e-02
7.648206950883129629e-02
9.529762951314868502e-02
1.037623789796111584e-01
8.414473644972431110e-02
7.829086055358702723e-02
6.932841341122686352e-02
7.111202105320435507e-02
8.825257023670252110e-02
4.979430649009874976e-02
6.271209766313168288e-02
6.419925346729860038e-02
7.000684923025235484e-02
6.945260207988956935e-02
8.043773635140949452e-02
7.761394628881590485e-02
8.343149295301333090e-02
8.980483091238711246e-02
9.677174336561233936e-02
1.028789424059326496e-01
1.018517325777188454e-01
1.064516088551847872e-01
1.084779547397594079e-01
1.118553218337172694e-01
1.147229557214384243e-01
1.171434797888459833e-01
1.108407303902412266e-01
1.125359841140225470e-01
1.139429351763339149e-01
1.147405284094817901e-01
1.156941116264778024e-01
1.158335935822436547e-01
1.164665125016104419e-01
1.169782128497747209e-01
1.173898382661975326e-01
1.175278072730074896e-01
1.177902442673182115e-01
