0.000000000000000000e+00 0.000000000000000000e+00
6.316666666666666263e-02 2.298333333333333339e-01
8.669999999999999929e-02 3.044000000000000039e-01
9.993333333333333235e-02 3.522333333333333427e-01
1.126666666666666650e-01 3.914000000000000257e-01
1.376333333333333298e-01 4.650333333333333541e-01
1.509999999999999953e-01 5.007333333333333636e-01
1.512333333333333307e-01 5.008333333333333526e-01
1.512333333333333307e-01 5.009333333333333416e-01
1.523333333333333206e-01 5.041333333333333222e-01
1.713999999999999968e-01 5.546333333333333115e-01
1.714666666666666561e-01 5.547999999999999599e-01
1.716333333333333322e-01 5.555999999999999828e-01
1.865333333333333288e-01 5.889333333333333087e-01
2.054666666666666586e-01 6.304666666666666197e-01
2.056333333333333346e-01 6.309000000000000163e-01
2.122333333333333294e-01 6.470000000000000195e-01
2.172666666666666635e-01 6.588000000000000522e-01
2.181666666666666754e-01 6.613666666666666583e-01
2.401333333333333375e-01 7.020666666666666167e-01
2.401666666666666672e-01 7.020999999999999464e-01
2.561999999999999833e-01 7.317000000000000171e-01
2.580333333333333368e-01 7.343333333333332824e-01
2.832000000000000073e-01 7.771666666666666723e-01
2.850333333333333607e-01 7.797666666666667190e-01
2.903333333333333321e-01 7.868000000000000549e-01
2.905666666666666398e-01 7.871000000000000218e-01
2.909666666666666512e-01 7.879666666666667041e-01
2.974333333333333274e-01 7.965999999999999748e-01
3.014666666666666606e-01 8.024999999999999911e-01
3.015666666666666496e-01 8.026999999999999691e-01
3.124666666666666703e-01 8.169666666666666188e-01
3.125666666666666593e-01 8.171000000000000485e-01
3.193666666666666876e-01 8.244000000000000217e-01
3.225000000000000089e-01 8.280333333333332879e-01
3.332333333333333258e-01 8.406333333333333435e-01
3.333333333333333148e-01 8.406666666666666732e-01
3.412000000000000033e-01 8.506333333333333524e-01
3.427333333333333343e-01 8.521666666666666279e-01
3.427999999999999936e-01 8.522666666666666169e-01
3.573666666666666658e-01 8.669666666666666632e-01
3.710666666666666558e-01 8.786333333333333773e-01
3.817666666666666431e-01 8.884333333333332972e-01
3.865000000000000102e-01 8.926333333333332787e-01
3.948999999999999733e-01 9.002999999999999892e-01
3.980666666666666798e-01 9.025999999999999579e-01
3.982999999999999874e-01 9.026999999999999469e-01
4.005333333333333523e-01 9.041000000000000147e-01
4.240999999999999770e-01 9.195666666666666433e-01
4.390666666666666607e-01 9.281666666666666954e-01
4.429000000000000159e-01 9.299666666666667192e-01
4.685333333333333572e-01 9.438666666666666316e-01
4.813333333333333353e-01 9.496999999999999886e-01
4.816666666666666874e-01 9.498333333333333073e-01
4.840333333333333155e-01 9.506666666666666599e-01
4.923000000000000154e-01 9.539999999999999591e-01
4.924333333333333340e-01 9.540333333333332888e-01
5.103333333333333055e-01 9.608333333333333171e-01
5.251333333333333409e-01 9.653000000000000469e-01
5.531000000000000361e-01 9.729333333333333167e-01
5.771333333333333870e-01 9.780333333333333101e-01
1.000000000000000000e+00 1.000000000000000000e+00
