0.000000000000000000e+00 0.000000000000000000e+00
4.866666666666666363e-02 4.068333333333333246e-01
4.976666666666666738e-02 4.138333333333333308e-01
5.563333333333333325e-02 4.567666666666666542e-01
6.206666666666666582e-02 4.933000000000000163e-01
7.733333333333333726e-02 5.808999999999999719e-01
7.843333333333332713e-02 5.880666666666666265e-01
7.846666666666667067e-02 5.880999999999999561e-01
8.173333333333333839e-02 6.063333333333332797e-01
8.340000000000000191e-02 6.163999999999999480e-01
8.909999999999999865e-02 6.393333333333333091e-01
9.149999999999999800e-02 6.490000000000000213e-01
9.383333333333333803e-02 6.602999999999999980e-01
1.088666666666666671e-01 7.184000000000000385e-01
1.088666666666666671e-01 7.184333333333333682e-01
1.088666666666666671e-01 7.184666666666666979e-01
1.105333333333333307e-01 7.229666666666666464e-01
1.106666666666666632e-01 7.240999999999999659e-01
1.126333333333333353e-01 7.312999999999999501e-01
1.282999999999999974e-01 7.808333333333333792e-01
1.300333333333333341e-01 7.856999999999999540e-01
1.348333333333333328e-01 7.994666666666666588e-01
1.426000000000000045e-01 8.165999999999999925e-01
1.426333333333333342e-01 8.166999999999999815e-01
1.470666666666666789e-01 8.274000000000000243e-01
1.594666666666666732e-01 8.493666666666667142e-01
1.610333333333333339e-01 8.523333333333333872e-01
1.610666666666666635e-01 8.523333333333333872e-01
1.714666666666666561e-01 8.699000000000000066e-01
1.732666666666666799e-01 8.727666666666666906e-01
1.791333333333333389e-01 8.809666666666666757e-01
1.791333333333333389e-01 8.810000000000000053e-01
1.872333333333333349e-01 8.929666666666666863e-01
1.872666666666666646e-01 8.931333333333333346e-01
1.930999999999999939e-01 8.997666666666667146e-01
1.973666666666666625e-01 9.046999999999999487e-01
2.020000000000000129e-01 9.097666666666666124e-01
2.194333333333333413e-01 9.245333333333333181e-01
2.210999999999999910e-01 9.262333333333333529e-01
2.471666666666666734e-01 9.449333333333332918e-01
2.472000000000000031e-01 9.449333333333332918e-01
2.575333333333333363e-01 9.499999999999999556e-01
2.586333333333333262e-01 9.508999999999999675e-01
2.636333333333333306e-01 9.540999999999999481e-01
2.776666666666666727e-01 9.601666666666666128e-01
2.940999999999999726e-01 9.659999999999999698e-01
2.955666666666666442e-01 9.664333333333333664e-01
3.136999999999999789e-01 9.726666666666666794e-01
3.136999999999999789e-01 9.727000000000000091e-01
3.240333333333333399e-01 9.749666666666666481e-01
3.240666666666666695e-01 9.749666666666666481e-01
3.547000000000000153e-01 9.814333333333333798e-01
1.000000000000000000e+00 1.000000000000000000e+00
