3.572066440435792134e-02
3.572066440435792134e-02
3.572066440435792134e-02
3.572066440435792134e-02
3.572066440435792134e-02
3.572066440435792134e-02
3.572066440435792134e-02
3.572066440435792134e-02
3.572066440435792134e-02
3.572066440435792134e-02
3.572066440435792134e-02
3.572066440435792134e-02
3.572066440435792134e-02
3.572066440435792134e-02
3.572066440435792134e-02
3.572066440435792134e-02
3.572066440435792134e-02
3.572066440435792134e-02
3.572066440435792134e-02
3.572066440435792134e-02
4.661725579627518101e-01
3.572066440435792134e-02
4.661725579627518101e-01
4.661725579627518101e-01
4.661725579627518101e-01
4.661725579627518101e-01
4.661725579627518101e-01
4.661725579627518101e-01
4.661725579627518101e-01
4.661725579627518101e-01
1.115302869287991383e+00
1.115302869287991383e+00
1.115302869287991383e+00
2.235180055401662091e+00
2.235180055401662091e+00
2.235180055401662091e+00
2.235180055401662091e+00
2.235180055401662091e+00
2.235180055401662091e+00
2.235180055401662091e+00
2.235180055401662091e+00
6.401096956829440465e+00
6.401096956829440465e+00
6.401096956829440465e+00
6.401096956829440465e+00
6.401096956829440465e+00
6.401096956829440465e+00
6.401096956829440465e+00
6.401096956829440465e+00
6.401096956829440465e+00
6.401096956829440465e+00
6.401096956829440465e+00
6.401096956829440465e+00
6.401096956829440465e+00
6.401096956829440465e+00
6.401096956829440465e+00
6.401096956829440465e+00
6.401096956829440465e+00
6.401096956829440465e+00
6.401096956829440465e+00
6.401096956829440465e+00
6.401096956829440465e+00
6.401096956829440465e+00
6.401096956829440465e+00
6.401096956829440465e+00
6.401096956829440465e+00
6.401096956829440465e+00
6.401096956829440465e+00
6.401096956829440465e+00
6.401096956829440465e+00
6.401096956829440465e+00
6.401096956829440465e+00
6.401096956829440465e+00
6.401096956829440465e+00
6.401096956829440465e+00
6.401096956829440465e+00
6.401096956829440465e+00
2.235180055401662091e+00
2.235180055401662091e+00
2.235180055401662091e+00
2.235180055401662091e+00
2.235180055401662091e+00
2.235180055401662091e+00
2.235180055401662091e+00
2.235180055401662091e+00
2.235180055401662091e+00
2.235180055401662091e+00
1.115302869287991383e+00
1.115302869287991383e+00
1.115302869287991383e+00
1.115302869287991383e+00
1.115302869287991383e+00
4.661725579627518101e-01
4.661725579627518101e-01
4.661725579627518101e-01
4.661725579627518101e-01
3.572066440435792134e-02
3.572066440435792134e-02
3.572066440435792134e-02
3.572066440435792134e-02
