1.895605890057285303e-01
1.895605890057285303e-01
1.895605890057285303e-01
1.895605890057285303e-01
1.895605890057285303e-01
1.895605890057285303e-01
1.895605890057285303e-01
1.895605890057285303e-01
1.895605890057285303e-01
1.895605890057285026e-01
1.895605890057285026e-01
1.895605890057285026e-01
1.895605890057285026e-01
1.895605890057285303e-01
1.895605890057285303e-01
1.895605890057285303e-01
1.910434922050189277e-01
1.943286171149607167e-01
1.968726138409660209e-01
2.006865658280318487e-01
2.006865658280318487e-01
2.006865658280318487e-01
2.356592186159672531e-01
2.356592186159672531e-01
2.356592186159672531e-01
2.455614473604753878e-01
2.511753427710400888e-01
2.605923725203113661e-01
2.745880265231953610e-01
2.978848115742351865e-01
2.978848115742351865e-01
3.629730005626020106e-01
3.629730005626020106e-01
4.202642833239326747e-01
4.202642833239326747e-01
4.202642833239326747e-01
4.703133809899079365e-01
5.443600836629164386e-01
5.772445323000190420e-01
6.823520533287695811e-01
6.823520533287695811e-01
6.823520533287695811e-01
1.936865152580178995e+00
1.936865152580178995e+00
1.936865152580178995e+00
2.004040470539148355e+00
2.527655753711483211e+00
2.527655753711483211e+00
2.807601554017518541e+00
2.807601554017518541e+00
3.301706873096365236e+00
4.126936962185829394e+00
4.126936962185829394e+00
5.663462772417859448e+00
5.663462772417859448e+00
5.947542141942553151e+00
6.110585047147888638e+00
6.110585047147888638e+00
6.110585047147888638e+00
6.110585047147888638e+00
9.454486591558321606e+00
9.454486591558321606e+00
9.454486591558321606e+00
9.454486591558321606e+00
1.012808159999971558e+01
1.036180870995136694e+01
1.079231559301856258e+01
1.096325861704377047e+01
1.096325861704377047e+01
1.096325861704377047e+01
1.096325861704377047e+01
1.096325861704377047e+01
1.096325861704377047e+01
1.096325861704377047e+01
1.096325861704377047e+01
1.096325861704377047e+01
1.096325861704377225e+01
1.096325861704377225e+01
1.096325861704377225e+01
1.096325861704377225e+01
1.096325861704376869e+01
1.096325861704376869e+01
1.096325861704376869e+01
1.096325861704376869e+01
1.096325861704376869e+01
1.096325861704376869e+01
1.096325861704376869e+01
1.096325861704377047e+01
1.096325861704377047e+01
1.096325861704377047e+01
1.096325861704377225e+01
1.096325861704377225e+01
1.096325861704377225e+01
1.096325861704377225e+01
1.096325861704377225e+01
1.096325861704377225e+01
1.096325861704377047e+01
1.096325861704377047e+01
1.096325861704377047e+01
1.096325861704377047e+01
