2.506980730021261650e+00
2.506980730021261650e+00
2.506980730021261650e+00
2.506980730021261650e+00
2.506980730021262094e+00
2.506980730021262094e+00
2.506980730021262094e+00
2.506980730021262094e+00
2.506980730021262094e+00
2.463111496924908828e+00
2.463111496924908828e+00
2.463111496924908828e+00
2.454012957810226769e+00
2.439674557212769823e+00
2.391610895165003914e+00
2.391610895165003914e+00
2.364704406540484971e+00
2.345399134713233469e+00
2.330675796025452051e+00
2.308960337757743453e+00
2.308960337757743453e+00
2.308960337757743453e+00
2.127242897502336305e+00
2.127242897502336305e+00
2.127242897502336305e+00
2.080660145641624048e+00
2.055065875806969533e+00
2.013366062120130806e+00
1.954029098876730153e+00
1.861455593365658689e+00
1.861455593365658689e+00
1.635230824822083484e+00
1.635230824822083484e+00
1.465357399672988947e+00
1.465357399672988947e+00
1.465357399672988947e+00
1.333258397607799406e+00
1.158789473774153755e+00
1.087726537855527198e+00
8.751106793691740826e-01
8.751106793691740826e-01
8.751106793691740826e-01
-8.459245200360454575e-02
-8.459245200360454575e-02
-8.459245200360454575e-02
-1.146383758711899681e-01
-3.230721036748112063e-01
-3.230721036748112063e-01
-4.194744933961600530e-01
-4.194744933961600530e-01
-5.706156162331311732e-01
-7.830155434911075796e-01
-7.830155434911075796e-01
-1.092565107478636222e+00
-1.092565107478636222e+00
-1.141274784134322040e+00
-1.168287601176497770e+00
-1.168287601176497770e+00
-1.168287601176497770e+00
-1.168287601176497770e+00
-1.479195302435205139e+00
-1.479195302435205139e+00
-1.479195302435205139e+00
-1.479195302435205139e+00
-1.479195302435205139e+00
-1.479195302435204917e+00
-1.479195302435204695e+00
-1.479195302435205139e+00
-1.479195302435205139e+00
-1.479195302435205139e+00
-1.479195302435205139e+00
-1.479195302435204917e+00
-1.479195302435204917e+00
-1.479195302435204917e+00
-1.479195302435204917e+00
-1.479195302435204917e+00
-1.479195302435205139e+00
-1.479195302435205139e+00
-1.479195302435205139e+00
-1.479195302435205139e+00
-1.479195302435204917e+00
-1.479195302435204917e+00
-1.479195302435204917e+00
-1.479195302435204917e+00
-1.479195302435204917e+00
-1.479195302435204917e+00
-1.479195302435204917e+00
-1.479195302435204917e+00
-1.479195302435204917e+00
-1.479195302435204917e+00
-1.479195302435204695e+00
-1.479195302435204695e+00
-1.479195302435204695e+00
-1.479195302435204695e+00
-1.479195302435204695e+00
-1.479195302435204695e+00
-1.479195302435204917e+00
-1.479195302435204917e+00
-1.479195302435204917e+00
-1.479195302435204917e+00
