-5.373246251660495076e+00
-5.373246251660495076e+00
-5.373246251660495076e+00
-5.373246251660495076e+00
-5.373246251660495076e+00
-5.373246251660495076e+00
-5.373246251660495076e+00
-5.373246251660495076e+00
-5.373246251660495076e+00
-5.373246251660495076e+00
-5.373246251660495076e+00
-5.373246251660495076e+00
-5.373246251660495076e+00
-5.373246251660495076e+00
-5.373246251660495076e+00
-5.373246251660495076e+00
-5.373246251660495076e+00
-5.373246251660495076e+00
-5.373246251660495076e+00
-5.373246251660495076e+00
-2.804419746201386676e+00
-5.373246251660495076e+00
-2.804419746201386676e+00
-2.804419746201386676e+00
-2.804419746201386676e+00
-2.804419746201386676e+00
-2.804419746201386676e+00
-2.804419746201386676e+00
-2.804419746201386676e+00
-2.804419746201386676e+00
-1.932094329184330217e+00
-1.932094329184330217e+00
-1.932094329184330217e+00
-1.236898542338058293e+00
-1.236898542338058293e+00
-1.236898542338058293e+00
-1.236898542338058293e+00
-1.236898542338058293e+00
-1.236898542338058293e+00
-1.236898542338058293e+00
-1.236898542338058293e+00
-1.847509536766285265e-01
-1.847509536766285265e-01
-1.847509536766285265e-01
-1.847509536766285265e-01
-1.847509536766285265e-01
-1.847509536766285265e-01
-1.847509536766285265e-01
-1.847509536766285265e-01
-1.847509536766285265e-01
-1.847509536766285265e-01
-1.847509536766285265e-01
-1.847509536766285265e-01
-1.847509536766285265e-01
-1.847509536766285265e-01
-1.847509536766285265e-01
-1.847509536766285265e-01
-1.847509536766285265e-01
-1.847509536766285265e-01
-1.847509536766285265e-01
-1.847509536766285265e-01
-1.847509536766285265e-01
-1.847509536766285265e-01
-1.847509536766285265e-01
-1.847509536766285265e-01
-1.847509536766285265e-01
-1.847509536766285265e-01
-1.847509536766285265e-01
-1.847509536766285265e-01
-1.847509536766285265e-01
-1.847509536766285265e-01
-1.847509536766285265e-01
-1.847509536766285265e-01
-1.847509536766285265e-01
-1.847509536766285265e-01
-1.847509536766285265e-01
-1.847509536766285265e-01
-1.236898542338058293e+00
-1.236898542338058293e+00
-1.236898542338058293e+00
-1.236898542338058293e+00
-1.236898542338058293e+00
-1.236898542338058293e+00
-1.236898542338058293e+00
-1.236898542338058293e+00
-1.236898542338058293e+00
-1.236898542338058293e+00
-1.932094329184330217e+00
-1.932094329184330217e+00
-1.932094329184330217e+00
-1.932094329184330217e+00
-1.932094329184330217e+00
-2.804419746201386676e+00
-2.804419746201386676e+00
-2.804419746201386676e+00
-2.804419746201386676e+00
-5.373246251660495076e+00
-5.373246251660495076e+00
-5.373246251660495076e+00
-5.373246251660495076e+00
