-3.167458342199706678e+00
-3.167458342199706678e+00
-3.167458342199706678e+00
-3.167458342199706678e+00
-3.167458342199707566e+00
-3.167458342199707566e+00
-3.167458342199707566e+00
-3.167458342199706678e+00
-3.167458342199706678e+00
-3.167458342199706678e+00
-3.167458342199706678e+00
-3.167458342199707122e+00
-3.167458342199707122e+00
-3.167458342199707122e+00
-2.613862686489093701e+00
-2.613862686489093701e+00
-2.613862686489093701e+00
-2.295380644634108513e+00
-2.101869134522252658e+00
-1.994844360297827857e+00
-1.994844360297827857e+00
-1.994844360297827857e+00
-1.095467964351364287e+00
-1.095467964351364287e+00
-9.895197154481081281e-01
-8.884796111289678944e-01
-7.987922708923711479e-01
-6.746695567908822522e-01
-6.275597234935470503e-01
-6.275597234935470503e-01
-6.275597234935470503e-01
-4.114947754378432965e-01
-4.114947754378432965e-01
-4.114947754378432965e-01
-3.657398870346608710e-01
-3.657398870346608710e-01
-3.657398870346608710e-01
-2.942223373585770574e-01
-2.942223373585770574e-01
-2.808743288013813011e-01
-2.808743288013813011e-01
-2.644452700124504396e-01
-2.644452700124504396e-01
-2.644452700124504396e-01
-2.644452700124504396e-01
-2.644452700124504396e-01
-2.644452700124504396e-01
-2.644452700124504396e-01
-2.644452700124504396e-01
-2.644452700124504396e-01
-2.735051332946414337e-01
-2.735051332946414337e-01
-2.982004885134714733e-01
-2.982004885134714733e-01
-2.982004885134714733e-01
-3.883705297776542942e-01
-3.883705297776542942e-01
-4.095313759694612088e-01
-4.400848083490347395e-01
-4.688354105236234304e-01
-4.688354105236234304e-01
-6.506459403194067015e-01
-6.506459403194067015e-01
-6.607438411887391894e-01
-7.591425728656389094e-01
-7.778340862362524977e-01
-8.614947474024745588e-01
-1.083531886979425485e+00
-1.236258619149038784e+00
-1.428967427255017464e+00
-1.558428315461531488e+00
-1.558428315461531488e+00
-2.148158318506229403e+00
-2.148158318506229403e+00
-2.345212398312241042e+00
-2.477465243630578406e+00
-2.750538255419923139e+00
-2.750538255419923139e+00
-3.060806199416014728e+00
-3.167458342199706678e+00
-3.167458342199706678e+00
-3.167458342199706678e+00
-3.167458342199706678e+00
-3.167458342199706678e+00
-3.167458342199707566e+00
-3.167458342199707566e+00
-3.167458342199707566e+00
-3.167458342199706678e+00
-3.167458342199706678e+00
-3.167458342199706678e+00
-3.167458342199706678e+00
-3.167458342199706678e+00
-3.167458342199706678e+00
-3.167458342199707566e+00
-3.167458342199707566e+00
-3.167458342199707566e+00
-3.167458342199707566e+00
-3.167458342199707566e+00
-3.167458342199707566e+00
-3.167458342199707566e+00
