-3.377749138914232230e+00
-3.324924407988187891e+00
-3.271887936092533700e+00
-3.218624108437983189e+00
-3.165116600957214477e+00
-3.111348402670695013e+00
-3.057301846626750308e+00
-3.002958650144878394e+00
-2.948299965046522697e+00
-2.893306438491080268e+00
-2.837958284944530618e+00
-2.782235369692156901e+00
-2.726117304163998334e+00
-2.669583553171552381e+00
-2.612613553957225498e+00
-2.555186846735558071e+00
-2.497283216160083974e+00
-2.438882842885813140e+00
-2.379966464120232494e+00
-2.320515541772135037e+00
-2.260512436525746516e+00
-2.199940585896662082e+00
-2.138784684076127984e+00
-2.077030861151876184e+00
-2.014666859117372866e+00
-1.951682201957274154e+00
-1.888068357033787503e+00
-1.823818885003947843e+00
-1.758929575576400728e+00
-1.693398566570615493e+00
-1.627226443970655634e+00
-1.560416320965903436e+00
-1.492973894335215101e+00
-1.424907476948701124e+00
-1.356228005619898980e+00
-1.286949024025620947e+00
-1.217086640905087780e+00
-1.146659464237405057e+00
-1.075688512560689425e+00
-1.004197105022031522e+00
-9.322107321218360276e-01
-8.597569094281527491e-01
-7.868650167787381022e-01
-7.135661256562171317e-01
-6.398928175135885077e-01
-5.658789958452450364e-01
-4.915596947472113953e-01
-4.169708865963701605e-01
-3.421492913106582989e-01
-2.671321894404945496e-01
-1.919572410965333376e-01
-1.166623124507326636e-01
-4.128531126699863663e-02
3.413596736645985175e-02
1.095639842099749295e-01
1.849615873244090380e-01
2.602921314255439711e-01
3.355195849914882622e-01
4.106086251761227324e-01
4.855247207574988622e-01
5.602342034987781716e-01
6.347043284211806302e-01
7.089033235845527692e-01
7.828004300432480633e-01
8.563659326951524875e-01
9.295711827721881981e-01
1.002388612734005147e+00
1.074791744325338971e+00
1.146755190544075376e+00
1.218254652243797143e+00
1.289266910063608496e+00
1.359769812341257822e+00
1.429742259624789735e+00
1.499164186354575712e+00
1.568016540242940682e+00
1.636281259833678003e+00
1.703941250679545050e+00
1.770980360532815379e+00
1.837383353902923400e+00
1.903135886296289492e+00
1.968224478417040402e+00
2.032636490573525911e+00
2.096360097504548659e+00
2.159384263810838700e+00
2.221698720151741302e+00
2.283293940344060413e+00
2.344161119479441613e+00
2.404292153158575474e+00
2.463679617924473764e+00
2.522316752963169595e+00
2.580197443128148027e+00
2.637316203334415299e+00
2.693668164359332540e+00
2.749249060079882678e+00
2.804055216169805131e+00
2.858083540274892087e+00
2.911331513680481820e+00
2.963797184481756108e+00
3.015479162264647517e+00
3.066376614302867232e+00
