8.758538798978159068e-02
9.233644443426219928e-02
9.736583538823363748e-02
1.026925128063148895e-01
1.083369977220786373e-01
1.143215299412343733e-01
1.206702323456514681e-01
1.274092910972549342e-01
1.345671531174817137e-01
1.421747423065847227e-01
1.502656960570733224e-01
1.588766237063312103e-01
1.680473886642078196e-01
1.778214160412659450e-01
1.882460276913951736e-01
1.993728066675523047e-01
2.112579931702099345e-01
2.239629141432905590e-01
2.375544487403969396e-01
2.521055319433442854e-01
2.676956986635122826e-01
2.844116706924016413e-01
3.023479888888722655e-01
3.216076929945907437e-01
3.423030514538495384e-01
3.645563435766008276e-01
3.885006963216742215e-01
4.142809778879821270e-01
4.420547501822988390e-01
4.719932820800655238e-01
5.042826252077987625e-01
5.391247537491888897e-01
5.767387695091023003e-01
6.173621731577078053e-01
6.612522022182734105e-01
7.086872359544157396e-01
7.599682668535463481e-01
8.154204378911052986e-01
8.753946441932847211e-01
9.402691970932882670e-01
1.010451547896983104e+00
1.086380067938038207e+00
1.168525880710720388e+00
1.257394741021613971e+00
1.353528955201555917e+00
1.457509335468646361e+00
1.569957180535967778e+00
1.691536273518003730e+00
1.822954887113261924e+00
1.964967784933651984e+00
2.118378206721386103e+00
2.284039824050205336e+00
2.462858651959271672e+00
2.655794900826132565e+00
2.863864751661646224e+00
3.088142036917815858e+00
3.329759807853235998e+00
3.589911768515608337e+00
3.869853555492338337e+00
4.170903841765861486e+00
4.494445242307395283e+00
4.841924998469797181e+00
5.214855417815502214e+00
5.614814045758365957e+00
6.043443545327287225e+00
6.502451261494019086e+00
6.993608446865533956e+00
7.518749126140966688e+00
8.079768577591199374e+00
8.678621410951265602e+00
9.317319222536609047e+00
9.997927810115617930e+00
1.072256393210415304e+01
1.149339159800019061e+01
1.231261787965450161e+01
1.318248823597808439e+01
1.410528134701931791e+01
1.508330345699791586e+01
1.611888222985264107e+01
1.721436012513179747e+01
1.837208730661578571e+01
1.959441410088773239e+01
2.088368302813953292e+01
2.224222043278466288e+01
2.367232774691705188e+01
2.517627242526713260e+01
2.675627859602103342e+01
2.841451747764492453e+01
3.015309761763971608e+01
3.197405501489534529e+01
3.387934319296027752e+01
3.587082329703358141e+01
3.795025429276693529e+01
4.011928334996909484e+01
4.237943649897393783e+01
4.473210965170739684e+01
4.717856008330058160e+01
4.971989847339374791e+01
5.235708160899624630e+01
5.509090585285571251e+01
