-2.605654614853274431e+00
-2.605654614853274431e+00
-2.605654614853274431e+00
-2.605654614853274431e+00
-2.605654614853274431e+00
-2.605654614853274431e+00
-2.605654614853274431e+00
-2.605654614853274431e+00
-2.605654614853274431e+00
-2.605654614853274431e+00
-2.605654614853274431e+00
-2.605654614853274431e+00
-2.605654614853274431e+00
-2.605654614853274431e+00
-2.605654614853274431e+00
-2.605654614853274431e+00
-2.597862209168859682e+00
-2.580812690490949191e+00
-2.567806429840088889e+00
-2.548619002193530214e+00
-2.548619002193530214e+00
-2.548619002193530214e+00
-2.387976546620152796e+00
-2.387976546620152796e+00
-2.387976546620152796e+00
-2.346816108510240806e+00
-2.324212047156008598e+00
-2.287405923827951160e+00
-2.235091430129139578e+00
-2.153656445734955405e+00
-2.153656445734955405e+00
-1.956034866290462748e+00
-1.956034866290462748e+00
-1.809479559779147317e+00
-1.809479559779147317e+00
-1.809479559779147317e+00
-1.696964078596991499e+00
-1.550752372791141642e+00
-1.492097342963099038e+00
-1.324817587292385745e+00
-1.324817587292385745e+00
-1.324817587292385745e+00
-2.815372748238975653e-01
-2.815372748238975653e-01
-2.815372748238975653e-01
-2.474426622930094855e-01
-1.531574655297518461e-02
-1.531574655297518461e-02
8.972253918633676939e-02
8.972253918633676939e-02
2.518315288329935342e-01
4.749274359737283291e-01
4.749274359737283291e-01
7.914274621988949265e-01
7.914274621988949265e-01
8.403700086349314979e-01
8.674144808053703137e-01
8.674144808053703137e-01
8.674144808053703137e-01
8.674144808053703137e-01
1.303881360239222964e+00
1.303881360239222964e+00
1.303881360239222964e+00
1.303881360239222964e+00
1.372703882049845392e+00
1.395518767304104735e+00
1.436226321523801364e+00
1.451941516211120664e+00
1.451941516211120664e+00
1.451941516211120664e+00
1.451941516211120664e+00
1.451941516211121108e+00
1.451941516211121108e+00
1.451941516211121108e+00
1.451941516211121108e+00
1.451941516211121108e+00
1.451941516211121330e+00
1.451941516211121330e+00
1.451941516211121330e+00
1.451941516211121330e+00
1.451941516211120886e+00
1.451941516211120886e+00
1.451941516211120886e+00
1.451941516211120886e+00
1.451941516211120886e+00
1.451941516211120886e+00
1.451941516211120886e+00
1.451941516211120886e+00
1.451941516211120886e+00
1.451941516211120886e+00
1.451941516211121108e+00
1.451941516211121108e+00
1.451941516211121108e+00
1.451941516211121108e+00
1.451941516211121108e+00
1.451941516211121108e+00
1.451941516211120886e+00
1.451941516211120886e+00
1.451941516211120886e+00
1.451941516211120886e+00
