6.092427465713122492e-02
6.092427465713122492e-02
6.092427465713122492e-02
6.092427465713122492e-02
6.092427465713122492e-02
6.092427465713122492e-02
6.092427465713122492e-02
6.092427465713122492e-02
6.092427465713122492e-02
6.092427465713122492e-02
6.092427465713122492e-02
6.092427465713122492e-02
6.092427465713122492e-02
6.092427465713122492e-02
3.837987914421035485e-01
3.837987914421035485e-01
3.837987914421035485e-01
3.837987914421035485e-01
3.837987914421035485e-01
3.837987914421035485e-01
1.041187159297395581e+00
1.041187159297395581e+00
1.041187159297395581e+00
1.041187159297395581e+00
1.041187159297395581e+00
1.041187159297395581e+00
1.041187159297395581e+00
1.041187159297395581e+00
2.787271786532633744e+00
2.787271786532633744e+00
2.787271786532633744e+00
2.787271786532633744e+00
2.787271786532633744e+00
2.787271786532633744e+00
2.787271786532633744e+00
2.787271786532633744e+00
2.787271786532633744e+00
2.787271786532633744e+00
2.787271786532633744e+00
2.787271786532633744e+00
2.787271786532633744e+00
2.787271786532633744e+00
2.787271786532633744e+00
2.787271786532633744e+00
2.787271786532633744e+00
2.787271786532633744e+00
2.787271786532633744e+00
2.787271786532633744e+00
2.787271786532633744e+00
2.787271786532633744e+00
2.787271786532633744e+00
2.787271786532633744e+00
2.787271786532633744e+00
2.787271786532633744e+00
2.787271786532633744e+00
2.787271786532633744e+00
2.787271786532633744e+00
2.787271786532633744e+00
2.787271786532633744e+00
2.787271786532633744e+00
2.787271786532633744e+00
2.787271786532633744e+00
1.041187159297395581e+00
1.041187159297395581e+00
1.041187159297395581e+00
1.041187159297395581e+00
1.041187159297395581e+00
1.041187159297395581e+00
1.041187159297395581e+00
1.041187159297395581e+00
1.041187159297395581e+00
1.041187159297395581e+00
3.837987914421035485e-01
3.837987914421035485e-01
3.837987914421035485e-01
3.837987914421035485e-01
3.837987914421035485e-01
3.837987914421035485e-01
6.092427465713122492e-02
6.092427465713122492e-02
6.092427465713122492e-02
6.092427465713122492e-02
6.092427465713122492e-02
6.092427465713122492e-02
6.092427465713122492e-02
6.092427465713122492e-02
6.092427465713122492e-02
6.092427465713122492e-02
6.092427465713122492e-02
6.092427465713122492e-02
6.092427465713122492e-02
6.092427465713122492e-02
6.092427465713122492e-02
6.092427465713122492e-02
6.092427465713122492e-02
6.092427465713122492e-02
6.092427465713122492e-02
6.092427465713122492e-02
6.092427465713122492e-02
6.092427465713122492e-02
