0.000000000000000000e+00 0.000000000000000000e+00
2.960000000000000131e-02 5.482333333333333503e-01
2.960000000000000131e-02 5.484333333333333282e-01
3.020000000000000115e-02 5.524333333333333318e-01
3.366666666666666419e-02 5.725333333333333385e-01
3.389999999999999958e-02 5.736999999999999877e-01
3.420000000000000123e-02 5.767999999999999794e-01
4.576666666666666383e-02 6.293333333333333002e-01
5.643333333333333535e-02 6.706666666666666332e-01
5.879999999999999810e-02 6.786999999999999700e-01
6.429999999999999605e-02 6.944333333333333469e-01
7.499999999999999722e-02 7.191666666666666208e-01
8.000000000000000167e-02 7.286000000000000254e-01
8.830000000000000349e-02 7.455000000000000515e-01
9.363333333333333230e-02 7.545333333333332781e-01
9.363333333333333230e-02 7.547000000000000375e-01
9.406666666666667342e-02 7.553666666666666307e-01
9.613333333333333452e-02 7.580666666666666664e-01
9.706666666666666221e-02 7.596000000000000529e-01
1.019000000000000045e-01 7.664333333333332998e-01
1.022333333333333288e-01 7.668000000000000371e-01
1.183333333333333320e-01 7.854666666666666464e-01
1.358333333333333337e-01 8.028666666666666174e-01
1.395333333333333425e-01 8.056999999999999718e-01
1.395333333333333425e-01 8.057333333333333014e-01
1.412666666666666793e-01 8.074333333333333362e-01
1.498333333333333461e-01 8.138333333333332975e-01
1.569000000000000117e-01 8.188666666666666316e-01
1.652666666666666728e-01 8.244333333333333513e-01
1.884666666666666712e-01 8.382666666666667155e-01
2.058333333333333404e-01 8.471999999999999531e-01
2.353666666666666685e-01 8.631999999999999673e-01
2.353999999999999981e-01 8.631999999999999673e-01
2.499000000000000110e-01 8.695000000000000506e-01
2.499333333333333407e-01 8.695333333333333803e-01
2.666000000000000036e-01 8.760000000000000009e-01
2.722999999999999865e-01 8.778666666666666840e-01
2.877000000000000113e-01 8.832999999999999741e-01
2.878333333333333299e-01 8.833333333333333037e-01
3.368666666666666476e-01 9.003999999999999782e-01
4.006666666666666710e-01 9.162666666666666737e-01
4.057333333333333347e-01 9.174999999999999822e-01
4.249666666666666592e-01 9.222333333333333494e-01
4.534666666666666845e-01 9.281333333333333657e-01
1.000000000000000000e+00 1.000000000000000000e+00
