0.000000000000000000e+00 0.000000000000000000e+00
3.860000000000000236e-02 3.563999999999999946e-01
3.860000000000000236e-02 3.564333333333333242e-01
5.330000000000000016e-02 4.503333333333333077e-01
5.659999999999999754e-02 4.689666666666666428e-01
5.659999999999999754e-02 4.700333333333333585e-01
6.263333333333333253e-02 5.019000000000000128e-01
6.279999999999999472e-02 5.024333333333332874e-01
7.186666666666666203e-02 5.465333333333333155e-01
7.776666666666666450e-02 5.750333333333332853e-01
8.250000000000000389e-02 5.942666666666667208e-01
8.373333333333334016e-02 5.993333333333333846e-01
9.959999999999999409e-02 6.631333333333333524e-01
1.166666666666666685e-01 7.121666666666666146e-01
1.166999999999999982e-01 7.123000000000000442e-01
1.221333333333333299e-01 7.277000000000000135e-01
1.239999999999999991e-01 7.334000000000000519e-01
1.304666666666666752e-01 7.500666666666666593e-01
1.305000000000000049e-01 7.500999999999999890e-01
1.368000000000000049e-01 7.645999999999999464e-01
1.368000000000000049e-01 7.646333333333333870e-01
1.527999999999999914e-01 7.941666666666666874e-01
1.617333333333333401e-01 8.115333333333333288e-01
1.755666666666666764e-01 8.347333333333333272e-01
1.811333333333333406e-01 8.430999999999999606e-01
1.861666666666666747e-01 8.501666666666666261e-01
1.925666666666666638e-01 8.587333333333333485e-01
1.942666666666666708e-01 8.604666666666667130e-01
1.943000000000000005e-01 8.604666666666667130e-01
1.971333333333333271e-01 8.641666666666666385e-01
2.145333333333333259e-01 8.816666666666667096e-01
2.331999999999999906e-01 8.977666666666667128e-01
2.335666666666666724e-01 8.981000000000000094e-01
2.404000000000000026e-01 9.029333333333333655e-01
2.419333333333333336e-01 9.038666666666667071e-01
2.446333333333333415e-01 9.059333333333333682e-01
2.452999999999999903e-01 9.063666666666666538e-01
2.454666666666666663e-01 9.063666666666666538e-01
2.545000000000000040e-01 9.116999999999999549e-01
2.713999999999999746e-01 9.200000000000000400e-01
2.808333333333333237e-01 9.250000000000000444e-01
3.055666666666666531e-01 9.356999999999999762e-01
3.212999999999999745e-01 9.412000000000000366e-01
3.293333333333333113e-01 9.435666666666666647e-01
3.706666666666666443e-01 9.542333333333333778e-01
1.000000000000000000e+00 1.000000000000000000e+00
