-8.869938991295203579e+00
-8.569459448391416601e+00
-8.274081425740666518e+00
-7.983804923342953330e+00
-7.698629941198273485e+00
-7.418556479306629647e+00
-7.143584537668020928e+00
-6.873714116282449993e+00
-6.608945215149911512e+00
-6.349277834270409926e+00
-6.094711973643941683e+00
-5.845247633270511223e+00
-5.600884813150114994e+00
-5.361623513282754772e+00
-5.127463733668429668e+00
-4.898405474307139684e+00
-4.674448735198886595e+00
-4.455593516343666849e+00
-4.241839817741483110e+00
-4.033187639392335377e+00
-3.829636981296221876e+00
-3.631187843453146158e+00
-3.437840225863103338e+00
-3.249594128526097858e+00
-3.066449551442126165e+00
-2.888406494611191810e+00
-2.715464958033290799e+00
-2.547624941708426682e+00
-2.384886445636595909e+00
-2.227249469817802918e+00
-2.074714014252043714e+00
-1.927280078939320740e+00
-1.784947663879632662e+00
-1.647716769072980370e+00
-1.515587394519363418e+00
-1.388559540218782029e+00
-1.266633206171235759e+00
-1.149808392376725052e+00
-1.038085098835249465e+00
-9.314633255468094397e-01
-8.299430725114054219e-01
-7.335243397290360789e-01
-6.422071271997022990e-01
-5.559914349234036379e-01
-4.748772629001405399e-01
-3.988646111299138930e-01
-3.279534796127219209e-01
-2.621438683485646237e-01
-2.014357773374428895e-01
-1.458292065793571624e-01
-9.532415607430699822e-02
-4.992062582229150891e-02
-9.618615823312026691e-03
2.558187392263233662e-02
5.568084341554113692e-02
8.067829265541481831e-02
1.005742216422529367e-01
1.153686303760554921e-01
1.250615188568229286e-01
1.296528870845543580e-01
1.291427350592511125e-01
1.235310627809118600e-01
1.128178702495379326e-01
9.700315746512799819e-02
7.608692442768250075e-02
5.006917113720232848e-02
1.894989759368614912e-02
-1.727089620286514915e-02
-5.859321025245201042e-02
-1.050170445550739906e-01
-1.565423991107319779e-01
-2.131692739194246400e-01
-2.748976689811528651e-01
-3.417275842959170973e-01
-4.136590198637160043e-01
-4.906919756845500302e-01
-5.728264517584209514e-01
-6.600624480853261034e-01
-7.523999646652672624e-01
-8.498390014982426521e-01
-9.523795585842549372e-01
-1.060021635923301453e+00
-1.172765233515383088e+00
-1.290610351360502506e+00
-1.413556989458654378e+00
-1.541605147809844922e+00
-1.674754826414067921e+00
-1.813006025271326038e+00
-1.956358744381622827e+00
-2.104812983744952071e+00
-2.258368743361317321e+00
-2.417026023230719467e+00
-2.580784823353154955e+00
-2.749645143728629115e+00
-2.923606984357134841e+00
-3.102670345238675687e+00
-3.286835226373256091e+00
-3.476101627760868951e+00
-3.670469549401519593e+00
-3.869938991295202690e+00
