7.219265190767782059e+00
7.219265190767782059e+00
7.219265190767782059e+00
7.219265190767782059e+00
7.219265190767782059e+00
7.219265190767782059e+00
7.219265190767782059e+00
7.219265190767782059e+00
7.219265190767782059e+00
7.219265190767782059e+00
7.219265190767782059e+00
7.219265190767782059e+00
7.219265190767782059e+00
7.219265190767782059e+00
7.219265190767782059e+00
7.219265190767782059e+00
7.219265190767782059e+00
7.219265190767782059e+00
7.219265190767782059e+00
2.608739076154806380e+00
2.608739076154806380e+00
2.608739076154806380e+00
2.608739076154806380e+00
2.608739076154806380e+00
2.608739076154806380e+00
2.608739076154806380e+00
2.608739076154806380e+00
2.608739076154806380e+00
2.608739076154806380e+00
2.608739076154806380e+00
2.608739076154806380e+00
2.608739076154806380e+00
2.608739076154806380e+00
2.608739076154806380e+00
1.135786802030456899e+00
1.135786802030456899e+00
1.135786802030456899e+00
1.135786802030456899e+00
1.135786802030456899e+00
1.135786802030456899e+00
1.135786802030456899e+00
1.135786802030456899e+00
1.135786802030456899e+00
1.135786802030456899e+00
4.044378359830722025e-01
4.044378359830722025e-01
4.044378359830722025e-01
4.044378359830722025e-01
4.044378359830722025e-01
4.044378359830722025e-01
4.044378359830722025e-01
4.044378359830722025e-01
4.044378359830722025e-01
4.044378359830722025e-01
4.044378359830722025e-01
4.044378359830722025e-01
4.044378359830722025e-01
4.044378359830722025e-01
4.044378359830722025e-01
4.044378359830722025e-01
4.044378359830722025e-01
4.044378359830722025e-01
5.972399008508072482e-02
5.972399008508072482e-02
5.972399008508072482e-02
5.972399008508072482e-02
5.972399008508072482e-02
5.972399008508072482e-02
5.972399008508072482e-02
5.972399008508072482e-02
5.972399008508072482e-02
5.972399008508072482e-02
5.972399008508072482e-02
5.972399008508072482e-02
5.972399008508072482e-02
5.972399008508072482e-02
5.972399008508072482e-02
5.972399008508072482e-02
5.972399008508072482e-02
5.972399008508072482e-02
5.972399008508072482e-02
5.972399008508072482e-02
5.972399008508072482e-02
5.972399008508072482e-02
5.972399008508072482e-02
5.972399008508072482e-02
5.972399008508072482e-02
5.972399008508072482e-02
5.972399008508072482e-02
5.972399008508072482e-02
5.972399008508072482e-02
5.972399008508072482e-02
5.972399008508072482e-02
5.972399008508072482e-02
5.972399008508072482e-02
5.972399008508072482e-02
5.972399008508072482e-02
5.972399008508072482e-02
5.972399008508072482e-02
5.972399008508072482e-02
