0.000000000000000000e+00 0.000000000000000000e+00
6.666666666666666986e-05 0.000000000000000000e+00
1.000000000000000048e-04 0.000000000000000000e+00
3.536666666666666431e-02 2.005666666666666709e-01
5.816666666666666513e-02 3.047000000000000264e-01
7.806666666666667309e-02 4.044666666666666410e-01
9.180000000000000659e-02 4.629333333333333078e-01
1.021333333333333399e-01 5.023999999999999577e-01
1.216666666666666730e-01 5.813333333333333686e-01
1.218000000000000055e-01 5.816000000000000059e-01
1.358666666666666634e-01 6.310999999999999943e-01
1.413333333333333386e-01 6.503999999999999782e-01
1.449333333333333307e-01 6.601000000000000201e-01
1.512000000000000011e-01 6.767999999999999572e-01
1.748000000000000109e-01 7.378333333333333410e-01
1.753333333333333410e-01 7.387333333333333529e-01
1.768000000000000127e-01 7.426333333333333675e-01
1.958000000000000018e-01 7.816333333333332911e-01
2.036000000000000032e-01 7.979666666666667130e-01
2.037333333333333218e-01 7.981333333333333613e-01
2.240333333333333343e-01 8.333333333333333703e-01
2.241333333333333233e-01 8.333333333333333703e-01
2.242999999999999994e-01 8.333333333333333703e-01
2.244333333333333458e-01 8.333333333333333703e-01
2.247999999999999998e-01 8.333333333333333703e-01
2.577999999999999736e-01 8.670666666666666522e-01
3.096333333333333160e-01 9.231333333333333613e-01
3.146666666666666501e-01 9.267666666666666275e-01
3.272999999999999798e-01 9.342666666666666897e-01
3.276000000000000023e-01 9.345333333333333270e-01
3.611333333333333062e-01 9.519333333333332980e-01
3.829333333333333478e-01 9.594333333333333602e-01
3.838666666666666893e-01 9.594333333333333602e-01
3.900666666666666726e-01 9.594666666666666899e-01
4.645666666666666833e-01 9.783666666666667178e-01
4.649333333333333096e-01 9.789666666666666517e-01
4.829999999999999849e-01 9.789999999999999813e-01
5.254999999999999671e-01 9.831999999999999629e-01
5.303999999999999826e-01 9.854333333333333833e-01
5.335999999999999632e-01 9.854333333333333833e-01
6.563666666666666538e-01 9.936000000000000387e-01
6.746999999999999664e-01 9.936333333333333684e-01
6.883000000000000229e-01 9.936333333333333684e-01
7.226666666666666794e-01 9.940333333333333243e-01
8.046999999999999709e-01 9.946333333333333693e-01
8.165666666666666629e-01 9.968666666666666787e-01
8.447999999999999954e-01 9.977666666666666906e-01
8.796333333333333782e-01 9.980333333333333279e-01
9.060666666666666869e-01 9.981999999999999762e-01
9.250333333333333741e-01 9.982666666666666355e-01
9.259333333333333860e-01 9.994333333333332847e-01
9.318666666666666210e-01 9.994333333333332847e-01
9.818000000000000060e-01 9.999666666666666703e-01
9.832666666666666222e-01 9.999666666666666703e-01
9.856333333333333613e-01 1.000000000000000000e+00
9.990333333333333288e-01 1.000000000000000000e+00
9.990999999999999881e-01 1.000000000000000000e+00
9.993666666666666254e-01 1.000000000000000000e+00
9.997000000000000330e-01 1.000000000000000000e+00
9.998666666666666814e-01 1.000000000000000000e+00
9.999666666666666703e-01 1.000000000000000000e+00
1.000000000000000000e+00 1.000000000000000000e+00
