9.516117806153301384e-02
9.510935135606490842e-02
9.504090738058690313e-02
9.495102046545222940e-02
9.483363201648986607e-02
9.468118862086782883e-02
9.448434041268749528e-02
9.423159838211647710e-02
9.390895092252471432e-02
9.349944212191441117e-02
9.298271720976136745e-02
9.233454424520426418e-02
9.152632562534790406e-02
9.052461830327496184e-02
8.929068766243963839e-02
8.778012662517675757e-02
8.594257847369957126e-02
8.372160856360455483e-02
8.105477595347632125e-02
7.787396009757796556e-02
7.410599909956405718e-02
6.967369341303508712e-02
6.449722107517086300e-02
5.849599648090686443e-02
5.159098361727920690e-02
4.370744648652014064e-02
3.477808497481227334e-02
2.474646563405125121e-02
1.357061692519834217e-02
1.226621703468433466e-03
-1.228798893379501322e-02
-2.695125191693059641e-02
-4.271440855708319440e-02
-5.950035005928566711e-02
-7.720302126103284479e-02
-9.568787558480540412e-02
-1.147934076465622066e-01
-1.343337202620158433e-01
-1.541020175544709492e-01
-1.738748624723276404e-01
-1.934170002806203659e-01
-2.124865318578332829e-01
-2.308402215069043084e-01
-2.482387407410782121e-01
-2.644516778397731915e-01
-2.792621779551043293e-01
-2.924711154492651843e-01
-3.039007350244746775e-01
-3.133977282724864644e-01
-3.208357359219389249e-01
-3.261172827745071334e-01
-3.291751624081562522e-01
-3.299732930734620151e-01
-3.285070660356907979e-01
-3.248032042904795968e-01
-3.189191445057997232e-01
-3.109419495864529370e-01
-3.009867547275049127e-01
-2.891947474479956703e-01
-2.757306829948298343e-01
-2.607799416276788129e-01
-2.445451443172199646e-01
-2.272423585798653001e-01
-2.090969462322287420e-01
-1.903391287619156103e-01
-1.711993719579227857e-01
-1.519037168245063185e-01
-1.326692054179705593e-01
-1.136995646546306027e-01
-9.518131516442496221e-02
-7.728046358660645154e-02
-6.013991440310828551e-02
-4.387770233722454449e-02
-2.858610121377846980e-02
-1.433161424959417118e-02
-1.155799239682675505e-03
1.092316462471432104e-02
2.190829889623424620e-02
3.182119226891799713e-02
4.069907721927856770e-02
4.859177997887265121e-02
5.555869243209787811e-02
6.166589147241818836e-02
6.698350319981338785e-02
7.158337947727932971e-02
7.553712564617365288e-02
7.891449274013151438e-02
8.178212662785266929e-02
8.420265069526022828e-02
8.623404788009736421e-02
8.792930160387868455e-02
8.933625266619005245e-02
9.049762963452678832e-02
9.145121285152280066e-02
9.223009614725308225e-02
9.286301506661986949e-02
9.337471541478414849e-02
9.378634083120696019e-02
9.411582268341600610e-02
9.437825967772672797e-02
