0.000000000000000000e+00 0.000000000000000000e+00
2.000000000000000096e-04 0.000000000000000000e+00
5.000000000000000104e-04 0.000000000000000000e+00
6.479999999999999649e-02 3.375000000000000222e-01
1.622000000000000108e-01 7.049999999999999600e-01
2.379999999999999893e-01 8.425000000000000266e-01
3.912999999999999812e-01 9.278999999999999471e-01
9.908000000000000140e-01 1.000000000000000000e+00
9.965000000000000524e-01 1.000000000000000000e+00
9.992999999999999661e-01 1.000000000000000000e+00
9.999000000000000110e-01 1.000000000000000000e+00
1.000000000000000000e+00 1.000000000000000000e+00
