-2.113700488332385774e+00
7.355723535679059566e-02
7.250773292424428362e-02
7.464946204407230113e-02
7.371438677858144217e-02
7.371438677858144217e-02
7.371438677858144217e-02
7.453172214675118923e-02
7.484904778315781826e-02
7.484904778315781826e-02
7.365972584247160171e-02
7.365972584247160171e-02
7.288055854697583769e-02
7.288055854697583769e-02
7.288055854697583769e-02
7.288055854697583769e-02
7.288055854697583769e-02
7.288055854697583769e-02
7.220107470855685605e-02
7.220107470855685605e-02
7.220107470855685605e-02
7.220107470855685605e-02
7.220107470855685605e-02
7.220107470855685605e-02
6.403489834479936249e-02
6.403489834479936249e-02
6.403489834479936249e-02
5.978193725321245822e-02
5.978193725321245822e-02
5.978193725321245822e-02
5.978193725321245822e-02
5.978193725321245822e-02
5.978193725321245822e-02
-4.817099445324790619e-02
-4.817099445324790619e-02
-9.630146513624349147e-02
-1.401733229619005483e-01
-1.401733229619005483e-01
-1.401733229619005483e-01
-1.401733229619005483e-01
-2.312818965175408303e-01
-2.312818965175408303e-01
-2.480954485516041474e-01
-2.480954485516041474e-01
-2.480954485516041474e-01
-2.829650667881329351e-01
-2.829650667881329351e-01
-2.829650667881329351e-01
-2.841870907221625275e-01
-2.841870907221625275e-01
-2.841870907221625275e-01
-2.841870907221625275e-01
-2.841870907221625275e-01
-2.841870907221625275e-01
-2.841870907221625275e-01
-2.841863382511518044e-01
-2.841863382511518044e-01
-2.841863382511518044e-01
-2.841863382511518044e-01
-2.841863382511518044e-01
-2.678501924688055924e-01
-2.678501924688055924e-01
-2.678501924688055924e-01
-2.491230092426582887e-01
-2.491230092426582887e-01
-1.804179942377591717e-01
-1.656729424784727511e-01
-1.528437430195810354e-01
-1.189071170149165191e-01
-1.189071170149165191e-01
-1.189071170149165191e-01
-1.189071170149165191e-01
5.814974633254044178e-02
5.814974633254044178e-02
5.814974633254044178e-02
5.814974633254044178e-02
5.814974633254044178e-02
5.814974633254044178e-02
6.264940726657730607e-02
6.264940726657730607e-02
6.568539192715050490e-02
6.568539192715050490e-02
6.568539192715050490e-02
6.568539192715050490e-02
7.391292184555497968e-02
7.391292184555497968e-02
7.270965640725446377e-02
7.270965640725446377e-02
7.270965640725446377e-02
7.270965640725446377e-02
7.270965640725446377e-02
7.270965640725446377e-02
7.270965640725446377e-02
7.444435209123945185e-02
7.444435209123945185e-02
7.444435209123945185e-02
7.444435209123945185e-02
7.444435209123945185e-02
7.132540267766618314e-02
inf
