2.208861666393918899e+00
2.155211599927431276e-02
2.253317445634261951e-02
2.030155842137992828e-02
2.111924523790842390e-02
2.096680184228638666e-02
2.076995363410605311e-02
1.969987623536528787e-02
1.905990313936689606e-02
1.865039433875659292e-02
1.932299136728976574e-02
1.867481840273266247e-02
1.864576707837206637e-02
1.764405975629912415e-02
1.641012911546380071e-02
1.489956807820091989e-02
1.306201992672373358e-02
1.084105001662871715e-02
8.853701244919465196e-03
5.672885389021109503e-03
1.904924391007201123e-03
-2.527381295521768934e-03
-7.703853633385993049e-03
-1.370507822764999162e-02
-1.244391472752015559e-02
-2.032745185827922185e-02
-2.925681336998708915e-02
-3.503547161916120700e-02
-4.621132032801411604e-02
-5.855531554974402475e-02
-7.206992618700747144e-02
-8.673318917014305462e-02
-1.024963458102956526e-01
-1.132935560603776093e-02
-2.903202680778493860e-02
6.135895514380873550e-04
2.537991531533834166e-02
5.839602699884705039e-03
-1.392869459257040088e-02
-3.370153951042709206e-02
3.786489623692046447e-02
1.879536465970754744e-02
1.725522704469983903e-02
-1.432921894740646351e-04
-1.635622928816904409e-02
3.702888833028605831e-03
-9.506048661132249222e-03
-2.093566823634174234e-02
-2.921063755032393683e-02
-3.664864519977639734e-02
-4.193019205234460589e-02
-4.498807168599372464e-02
-4.578620235129948757e-02
-4.431997531352827036e-02
-4.061611356831706932e-02
-3.473280625464791882e-02
-2.675561133530113267e-02
-1.680041647635310831e-02
-5.008409196843865985e-03
8.455655256321970015e-03
7.070250841126779484e-03
2.330504815158562781e-02
4.060783388894029233e-02
4.002606301042954673e-02
5.878388048074267846e-02
9.218622279836385935e-03
1.376922565396643261e-02
2.017453760161047605e-02
5.207552360285916393e-03
2.372580185049155688e-02
4.162665342831006754e-02
5.876720261180823357e-02
-1.020274486697649863e-01
-8.673584754631891158e-02
-7.248136058213461297e-02
-5.930554557222311729e-02
-4.722658170782612075e-02
-3.624144743630619558e-02
-3.082821499765930895e-02
-2.195033004729873838e-02
-1.709361194827785368e-02
-1.012669949505262679e-02
-4.019500454732316541e-03
1.298111272662882953e-03
-2.329542368275649977e-03
1.624203800618673199e-03
6.204836332877050609e-03
9.072470220598205515e-03
1.149299428800576450e-02
1.352439147284290044e-02
1.521964519662422077e-02
1.662659625893558868e-02
1.778797322727232455e-02
1.700686076028334881e-02
1.778574405601363040e-02
1.841866297538041763e-02
1.893036332354469664e-02
1.934198873996750834e-02
2.279042000574982296e-02
-inf
