1.207901558231339600e-01
1.076330139048490953e+00
1.075201120506820152e+00
1.077506377793425063e+00
1.076499299151685962e+00
1.076499299151685962e+00
1.076499299151685962e+00
1.077379519771413330e+00
1.077721454162581027e+00
1.077721454162581027e+00
1.076440458300435221e+00
1.076440458300435221e+00
1.075602057769332376e+00
1.075602057769332376e+00
1.075602057769332376e+00
1.075602057769332376e+00
1.075602057769332376e+00
1.075602057769332376e+00
1.074871451800092137e+00
1.074871451800092137e+00
1.074871451800092137e+00
1.074871451800092137e+00
1.074871451800092137e+00
1.074871451800092137e+00
1.066129604270826814e+00
1.066129604270826814e+00
1.066129604270826814e+00
1.061605024795432284e+00
1.061605024795432284e+00
1.061605024795432284e+00
1.061605024795432284e+00
1.061605024795432284e+00
1.061605024795432284e+00
9.529708204203056754e-01
9.529708204203056754e-01
9.081901871173445606e-01
8.692075687118693272e-01
8.692075687118693272e-01
8.692075687118693272e-01
8.692075687118693272e-01
7.935157451784794480e-01
7.935157451784794480e-01
7.802854626063110421e-01
7.802854626063110421e-01
7.802854626063110421e-01
7.535461111858891003e-01
7.535461111858891003e-01
7.535461111858891003e-01
7.526258222247189655e-01
7.526258222247189655e-01
7.526258222247189655e-01
7.526258222247189655e-01
7.526258222247189655e-01
7.526258222247189655e-01
7.526258222247189655e-01
7.526263885540450671e-01
7.526263885540450671e-01
7.526263885540450671e-01
7.526263885540450671e-01
7.526263885540450671e-01
7.650223786327147169e-01
7.650223786327147169e-01
7.650223786327147169e-01
7.794840837403599343e-01
7.794840837403599343e-01
8.349211462346288748e-01
8.473233123391492594e-01
8.582638210472297580e-01
8.878902668304532453e-01
8.878902668304532453e-01
8.878902668304532453e-01
8.878902668304532453e-01
1.059873696026532031e+00
1.059873696026532031e+00
1.059873696026532031e+00
1.059873696026532031e+00
1.059873696026532031e+00
1.059873696026532031e+00
1.064653514006950186e+00
1.064653514006950186e+00
1.067890697277196210e+00
1.067890697277196210e+00
1.067890697277196210e+00
1.067890697277196210e+00
1.076713043229285072e+00
1.076713043229285072e+00
1.075418250783122032e+00
1.075418250783122032e+00
1.075418250783122032e+00
1.075418250783122032e+00
1.075418250783122032e+00
1.075418250783122032e+00
1.075418250783122032e+00
1.077285393174945982e+00
1.077285393174945982e+00
1.077285393174945982e+00
1.077285393174945982e+00
1.077285393174945982e+00
1.073930628919208319e+00
0.000000000000000000e+00
