1.099836110293158198e+00
-3.237078954472005776e-03
-3.312349633027178442e-03
-3.411194176303311565e-03
-3.540267525207418942e-03
-3.707862593504973603e-03
-3.924238170690763639e-03
-4.201989801106309486e-03
-4.556462223424651015e-03
-5.006199057120186424e-03
-5.573421611518636354e-03
-6.284523860512258864e-03
-7.170564708357751726e-03
-8.267731683077261806e-03
-9.617742268601903177e-03
-1.126814053423030870e-02
-1.327243808351408205e-02
-1.569004046104027772e-02
-1.858589419918965646e-02
-2.202978717983183898e-02
-2.609523774491884218e-02
7.411572977672864493e-02
6.858007209111927072e-02
6.219819890670519325e-02
5.490244059209115068e-02
-5.833950349915717482e-02
-6.762627511835517247e-02
-7.796098898641190544e-02
-8.935307414729676267e-02
-1.017888155309767395e-01
-1.152289897294787036e-01
7.746340639147553109e-02
6.223971464756195004e-02
4.628991796891579469e-02
2.975661157696685155e-02
1.280232834100891726e-02
-4.394973424556414265e-03
-2.164704091046953938e-02
-3.876071710680439875e-02
-5.554322886981166718e-02
1.548625993000540824e-02
-8.077046875087923183e-05
-1.478567800549712707e-02
-2.847831486458529682e-02
-4.102523531506585552e-02
5.407620896095810537e-02
4.415143247028852080e-02
3.566874165854494461e-02
2.869375946584784565e-02
2.327704959085452607e-02
1.945516491250653957e-02
1.725160121431634774e-02
1.667756176336832041e-02
1.773246850912169048e-02
2.040418574913183125e-02
2.466895139589342367e-02
3.049103927914553758e-02
3.782220317510931462e-02
-5.978562527886821520e-02
-4.963465716014137108e-02
-3.820153163628758897e-02
-2.559133983920791611e-02
-1.192431156499929035e-02
2.664601076495576315e-03
1.802675919550023043e-02
3.400157856512964205e-02
5.041901417341010383e-02
6.710276245335988765e-02
8.387408531297313452e-02
1.005560896432677875e-01
-7.241233045623296505e-02
-5.640976570610101160e-02
-4.097154422317872413e-02
-2.622392630395287139e-02
-1.227194760605110346e-02
8.023263536542923902e-04
1.294049811373898518e-02
2.410750579967946283e-02
3.429035761229382029e-02
4.349609359491013461e-02
5.174917517525179367e-02
5.908851875931697695e-02
6.556438312794032885e-02
7.123529628091163080e-02
-2.880847599746938492e-02
-2.455292422209653935e-02
-2.090440014226957466e-02
-1.779684616981791478e-02
-1.516686494769370341e-02
-1.295476482529411832e-02
-1.110526689419288893e-02
-9.567920429179865849e-03
-8.297277087879528779e-03
-7.252873621681255045e-03
-6.399069414849689608e-03
9.926886775643828376e-02
9.983050606990395703e-02
1.002825115426190239e-01
-4.329198418882684862e-03
1.098975365373713098e+00
