10.914779 1.025717 0.521762 1.980809 1.034495 1.628661 0.319069 0.815408 0.947734 0.895122
1.025717 11.244987 1.093106 1.312645 0.975605 1.726819 1.848658 1.352563 0.763398 0.982243
0.521762 1.093106 11.816401 0.818053 1.338674 0.289944 0.264292 1.204478 0.486737 0.603597
1.980809 1.312645 0.818053 10.976704 0.978597 1.260042 1.083728 0.751735 0.952283 0.983752
1.034495 0.975605 1.338674 0.978597 10.490684 0.813271 0.665610 1.134603 0.746564 1.305781
1.628661 1.726819 0.289944 1.260042 0.813271 10.210951 1.936231 0.957243 1.187492 0.472344
0.319069 1.848658 0.264292 1.083728 0.665610 1.936231 10.372616 1.398270 1.754633 0.946977
0.815408 1.352563 1.204478 0.751735 1.134603 0.957243 1.398270 10.745255 1.116342 1.403976
0.947734 0.763398 0.486737 0.952283 0.746564 1.187492 1.754633 1.116342 11.262292 0.458449
0.895122 0.982243 0.603597 0.983752 1.305781 0.472344 0.946977 1.403976 0.458449 11.527985
