10.313476 1.291651 0.626780 1.139988 0.884040 1.382795 0.995808 1.420616 0.065571 0.501693
1.291651 10.218539 0.706196 1.131875 1.549059 0.185367 1.417211 1.856316 0.698190 1.316183
0.626780 0.706196 11.366219 0.369274 1.185149 0.603996 0.345567 1.762366 1.006367 1.551869
1.139988 1.131875 0.369274 11.482635 1.859691 0.928017 1.398534 0.819221 1.651529 1.580475
0.884040 1.549059 1.185149 1.859691 11.841878 1.251262 1.757052 1.159882 1.207031 1.365271
1.382795 0.185367 0.603996 0.928017 1.251262 10.120527 1.412960 0.787522 1.108461 1.304436
0.995808 1.417211 0.345567 1.398534 1.757052 1.412960 11.769161 1.512907 1.513755 0.114806
1.420616 1.856316 1.762366 0.819221 1.159882 0.787522 1.512907 10.908110 0.428717 1.375055
0.065571 0.698190 1.006367 1.651529 1.207031 1.108461 1.513755 0.428717 10.494319 1.784573
0.501693 1.316183 1.551869 1.580475 1.365271 1.304436 0.114806 1.375055 1.784573 11.028669
