11.019710 0.501553 0.609364 1.403155 0.969507 0.259526 1.350283 0.642621 1.155083 0.669997
0.501553 11.412511 1.044528 1.230054 0.371604 1.406070 0.950954 0.707675 1.031099 1.475356
0.609364 1.044528 10.020718 0.911964 0.126560 0.948089 0.521397 0.857773 0.488404 0.975648
1.403155 1.230054 0.911964 11.524883 0.687293 0.682022 0.226610 0.725118 1.126105 0.813672
0.969507 0.371604 0.126560 0.687293 11.446276 1.124368 0.794845 0.408962 1.788052 1.754722
0.259526 1.406070 0.948089 0.682022 1.124368 11.837207 1.586642 1.530697 1.025773 0.190993
1.350283 0.950954 0.521397 0.226610 0.794845 1.586642 10.390929 0.865606 0.240030 1.449531
0.642621 0.707675 0.857773 0.725118 0.408962 1.530697 0.865606 11.432836 1.246453 0.899893
1.155083 1.031099 0.488404 1.126105 1.788052 1.025773 0.240030 1.246453 11.821897 1.451209
0.669997 1.475356 0.975648 0.813672 1.754722 0.190993 1.449531 0.899893 1.451209 10.047183
