10.358203 0.638033 0.932472 1.021641 1.355983 1.119577 1.210669 0.845134 1.148780 1.598293
0.638033 11.030093 0.526654 0.375567 0.468073 1.909715 1.572601 0.657711 1.323561 1.241761
0.932472 0.526654 10.886878 1.559696 1.247218 1.494656 1.247539 0.398558 1.399956 0.695024
1.021641 0.375567 1.559696 11.093338 1.171650 1.659619 0.922067 1.145581 1.495914 0.948805
1.355983 0.468073 1.247218 1.171650 11.321382 1.093750 0.880864 1.226978 1.531787 1.182378
1.119577 1.909715 1.494656 1.659619 1.093750 10.744929 1.884028 0.773624 1.589201 1.017353
1.210669 1.572601 1.247539 0.922067 0.880864 1.884028 10.922273 0.979337 1.570781 0.684998
0.845134 0.657711 0.398558 1.145581 1.226978 0.773624 0.979337 10.398897 1.083304 1.310579
1.148780 1.323561 1.399956 1.495914 1.531787 1.589201 1.570781 1.083304 11.225995 1.074415
1.598293 1.241761 0.695024 0.948805 1.182378 1.017353 0.684998 1.310579 1.074415 10.147609
