0.195635 1.000000
0.190445 1.000000
0.891395 1.000000
2.256165 1.000000
0.907303 1.000000
2.030893 1.000000
1.584700 1.000000
0.098417 1.000000
1.101535 1.000000
2.463182 1.000000
0.299275 1.000000
0.383565 1.000000
2.373476 1.000000
4.305687 1.000000
2.514266 1.000000
0.821490 1.000000
1.855485 1.000000
0.972628 1.000000
1.403598 1.000000
0.105521 1.000000
0.033765 1.000000
0.351852 1.000000
1.127833 1.000000
0.241842 1.000000
0.203645 1.000000
0.601161 1.000000
0.820069 1.000000
0.068266 1.000000
0.510016 1.000000
0.340781 1.000000
2.137499 1.000000
0.697257 1.000000
1.131867 1.000000
0.359772 1.000000
1.715991 1.000000
0.908506 1.000000
1.202330 1.000000
0.497390 1.000000
0.020337 1.000000
0.283091 1.000000
0.730392 1.000000
0.321302 1.000000
1.646650 1.000000
1.016167 1.000000
0.739446 1.000000
0.526338 1.000000
0.460726 1.000000
2.012675 1.000000
1.454286 1.000000
0.572548 1.000000
1.712884 1.000000
2.283223 1.000000
0.041564 1.000000
0.507339 1.000000
1.994885 1.000000
0.458933 1.000000
3.765148 1.000000
1.090402 1.000000
0.043883 1.000000
0.550155 1.000000
1.356025 1.000000
0.830694 1.000000
0.885814 1.000000
0.035238 1.000000
0.441547 1.000000
1.537697 1.000000
1.701616 1.000000
0.806833 1.000000
0.787214 1.000000
1.217763 1.000000
1.097889 1.000000
1.063408 1.000000
0.862279 1.000000
0.652995 1.000000
0.121141 1.000000
0.122212 1.000000
0.799104 1.000000
0.878435 1.000000
0.900052 1.000000
2.093872 1.000000
0.293800 1.000000
0.076860 1.000000
0.930575 1.000000
0.683097 1.000000
0.487394 1.000000
0.304122 1.000000
0.825072 1.000000
0.933985 1.000000
0.807439 1.000000
2.873483 1.000000
0.244113 1.000000
1.840853 1.000000
0.422839 1.000000
0.012918 1.000000
0.043535 1.000000
0.842827 1.000000
0.015170 1.000000
0.009528 1.000000
0.765850 1.000000
0.890754 1.000000
1.742231 1.000000
0.307248 1.000000
0.163682 1.000000
1.063887 1.000000
0.668167 1.000000
2.098585 1.000000
0.031976 1.000000
0.853065 1.000000
2.324251 1.000000
0.736999 1.000000
0.491424 1.000000
2.462603 1.000000
0.251122 1.000000
0.578530 1.000000
0.481472 1.000000
1.462111 1.000000
0.317994 1.000000
0.099204 1.000000
0.395274 1.000000
1.071168 1.000000
0.989716 1.000000
0.420632 1.000000
0.162787 1.000000
2.204095 1.000000
0.391617 1.000000
0.182565 1.000000
0.288196 1.000000
0.967023 1.000000
1.583808 1.000000
0.339463 1.000000
0.663834 1.000000
2.217991 1.000000
0.195115 1.000000
1.244959 1.000000
0.464657 1.000000
1.665362 1.000000
0.375276 1.000000
0.231448 1.000000
1.807102 1.000000
1.025784 1.000000
0.421078 1.000000
0.598063 1.000000
1.295666 1.000000
0.050925 1.000000
1.403363 1.000000
1.003285 1.000000
0.887493 1.000000
0.870028 1.000000
1.281882 1.000000
0.562207 1.000000
1.275002 1.000000
0.562416 1.000000
0.487793 1.000000
0.344259 1.000000
1.128874 1.000000
1.177052 1.000000
0.600922 1.000000
1.151647 1.000000
1.283425 1.000000
1.331270 1.000000
3.515489 1.000000
0.523773 1.000000
0.600248 1.000000
0.002041 1.000000
1.181065 1.000000
2.266341 1.000000
1.308965 1.000000
0.397157 1.000000
0.999084 1.000000
0.027050 1.000000
2.312653 1.000000
1.625981 1.000000
2.130182 1.000000
1.582005 1.000000
1.159971 1.000000
0.443768 1.000000
0.387760 1.000000
1.463243 1.000000
0.620340 1.000000
0.611500 1.000000
2.224410 1.000000
0.631043 1.000000
2.118020 1.000000
4.619190 1.000000
1.017863 1.000000
0.342068 1.000000
1.878849 1.000000
0.079974 1.000000
0.220905 1.000000
2.115232 1.000000
1.442014 1.000000
0.194348 1.000000
1.835370 1.000000
3.127898 1.000000
3.325478 1.000000
4.187580 1.000000
2.837854 1.000000
0.420345 1.000000
0.688886 1.000000
0.448046 1.000000
0.331469 1.000000
1.174551 1.000000
1.528454 1.000000
2.009254 1.000000
1.579777 1.000000
1.057362 1.000000
3.031942 1.000000
0.156161 1.000000
0.133223 1.000000
0.063308 1.000000
0.314686 1.000000
0.100227 1.000000
1.220325 1.000000
0.430723 1.000000
1.923787 1.000000
0.614106 1.000000
0.841969 1.000000
2.864699 1.000000
0.063384 1.000000
0.137832 1.000000
1.714030 1.000000
0.116645 1.000000
2.650217 1.000000
1.510467 1.000000
2.039956 1.000000
1.339232 1.000000
0.634035 1.000000
0.737728 1.000000
1.198053 1.000000
2.201775 1.000000
1.609538 1.000000
1.598121 1.000000
0.818682 1.000000
1.988700 1.000000
0.096041 1.000000
0.318439 1.000000
0.216952 1.000000
1.075624 1.000000
0.005006 1.000000
0.300228 1.000000
1.788543 1.000000
2.996709 1.000000
0.914134 1.000000
0.088105 1.000000
0.009497 1.000000
1.672948 1.000000
0.112643 1.000000
0.267328 1.000000
1.550697 1.000000
0.991052 1.000000
0.661354 1.000000
2.453503 1.000000
0.642359 1.000000
0.499627 1.000000
0.363218 1.000000
0.808642 1.000000
0.928736 1.000000
1.044386 1.000000
1.286039 1.000000
2.099715 1.000000
0.355313 1.000000
1.136188 1.000000
0.040367 1.000000
1.955360 1.000000
0.360848 1.000000
0.723289 1.000000
0.662084 1.000000
0.926368 1.000000
1.002017 1.000000
0.190467 1.000000
1.365907 1.000000
3.083580 1.000000
0.076902 1.000000
1.278789 1.000000
0.040546 1.000000
0.553578 1.000000
2.466497 1.000000
2.660047 1.000000
1.123801 1.000000
1.803391 1.000000
1.928596 1.000000
1.285348 1.000000
0.454358 1.000000
0.062993 1.000000
0.391083 1.000000
2.424975 1.000000
0.050920 1.000000
0.320269 1.000000
1.914426 1.000000
1.435611 1.000000
0.869670 1.000000
0.007935 1.000000
0.739125 1.000000
0.528991 1.000000
0.193233 1.000000
0.595183 1.000000
0.635842 1.000000
0.523844 1.000000
0.420393 1.000000
1.999735 1.000000
1.845225 0.000000
1.736951 0.000000
1.882674 0.000000
0.533787 0.000000
0.319009 0.000000
2.172513 0.000000
1.939109 0.000000
2.268471 0.000000
1.024118 0.000000
1.351389 0.000000
0.003308 0.000000
2.550108 0.000000
2.704551 0.000000
4.596992 0.000000
1.996759 0.000000
0.973726 0.000000
2.099293 0.000000
1.386199 0.000000
1.049792 0.000000
1.335124 0.000000
2.271908 0.000000
2.473235 0.000000
3.356971 0.000000
3.063633 0.000000
0.582514 0.000000
0.845120 0.000000
1.600317 0.000000
2.916299 0.000000
2.152985 0.000000
1.556277 0.000000
0.963993 0.000000
1.805012 0.000000
1.963015 0.000000
3.448855 0.000000
2.239458 0.000000
3.956014 0.000000
3.863468 0.000000
1.204680 0.000000
3.733394 0.000000
1.621925 0.000000
0.780877 0.000000
1.049504 0.000000
1.286816 0.000000
3.476952 0.000000
2.572559 0.000000
1.026964 0.000000
0.474657 0.000000
1.064155 0.000000
1.789149 0.000000
1.197834 0.000000
1.789434 0.000000
2.628999 0.000000
3.303869 0.000000
1.614432 0.000000
0.132840 0.000000
1.188494 0.000000
1.433596 0.000000
1.326433 0.000000
1.998197 0.000000
3.842383 0.000000
1.128776 0.000000
0.556373 0.000000
1.478121 0.000000
0.773337 0.000000
2.440928 0.000000
2.967178 0.000000
1.626377 0.000000
1.593536 0.000000
1.609030 0.000000
2.902042 0.000000
2.072989 0.000000
3.293181 0.000000
2.193313 0.000000
1.487108 0.000000
4.138545 0.000000
2.728425 0.000000
1.626856 0.000000
2.300712 0.000000
2.749774 0.000000
3.212160 0.000000
1.645554 0.000000
1.707242 0.000000
1.604635 0.000000
0.918950 0.000000
3.208085 0.000000
1.095755 0.000000
0.055517 0.000000
1.743101 0.000000
1.303698 0.000000
2.795946 0.000000
1.809682 0.000000
1.614396 0.000000
2.365173 0.000000
3.547666 0.000000
0.115756 0.000000
1.899678 0.000000
2.835327 0.000000
1.490047 0.000000
2.432457 0.000000
1.750149 0.000000
2.885835 0.000000
1.487389 0.000000
1.876454 0.000000
2.696714 0.000000
1.811960 0.000000
2.419799 0.000000
2.458839 0.000000
2.713872 0.000000
1.723524 0.000000
2.522717 0.000000
1.016912 0.000000
2.784823 0.000000
1.795396 0.000000
1.997787 0.000000
3.125415 0.000000
4.907901 0.000000
2.540039 0.000000
3.050055 0.000000
2.454268 0.000000
2.254195 0.000000
2.456097 0.000000
2.592654 0.000000
1.555683 0.000000
2.471226 0.000000
2.198245 0.000000
1.733152 0.000000
2.684740 0.000000
2.267738 0.000000
3.311903 0.000000
2.253980 0.000000
2.639135 0.000000
2.399767 0.000000
3.798866 0.000000
4.153919 0.000000
2.273021 0.000000
2.712039 0.000000
0.915004 0.000000
1.223187 0.000000
1.217300 0.000000
1.427720 0.000000
2.984216 0.000000
1.300217 0.000000
2.857035 0.000000
2.809952 0.000000
0.804710 0.000000
3.304754 0.000000
0.053910 0.000000
0.409312 0.000000
0.761607 0.000000
2.635485 0.000000
1.703669 0.000000
0.765204 0.000000
4.233418 0.000000
3.125040 0.000000
3.124044 0.000000
0.749608 0.000000
1.078184 0.000000
1.622759 0.000000
2.641974 0.000000
2.126645 0.000000
3.229973 0.000000
2.068060 0.000000
1.676752 0.000000
1.739706 0.000000
2.360354 0.000000
1.569083 0.000000
2.763585 0.000000
1.788171 0.000000
2.273413 0.000000
1.534772 0.000000
3.102310 0.000000
2.654921 0.000000
1.720589 0.000000
1.765945 0.000000
1.045254 0.000000
3.706918 0.000000
2.484444 0.000000
2.590687 0.000000
2.415351 0.000000
1.444693 0.000000
1.354885 0.000000
2.353639 0.000000
1.018386 0.000000
2.425655 0.000000
1.608855 0.000000
1.087511 0.000000
1.902709 0.000000
2.445085 0.000000
1.281191 0.000000
2.090402 0.000000
2.233311 0.000000
3.299747 0.000000
1.184205 0.000000
2.156819 0.000000
0.750169 0.000000
1.487879 0.000000
1.204960 0.000000
1.745372 0.000000
2.850269 0.000000
1.533938 0.000000
0.681196 0.000000
1.453765 0.000000
2.826123 0.000000
0.272302 0.000000
1.293134 0.000000
3.240768 0.000000
1.730850 0.000000
2.678601 0.000000
0.165698 0.000000
2.158151 0.000000
0.830273 0.000000
2.792236 0.000000
2.926001 0.000000
3.313296 0.000000
2.127469 0.000000
1.262801 0.000000
1.648520 0.000000
3.471514 0.000000
3.431682 0.000000
2.732225 0.000000
1.927426 0.000000
2.416075 0.000000
1.870128 0.000000
0.515181 0.000000
2.829029 0.000000
1.172482 0.000000
2.399697 0.000000
1.394013 0.000000
1.610623 0.000000
2.333830 0.000000
1.291124 0.000000
0.354695 0.000000
3.282504 0.000000
2.629576 0.000000
1.564170 0.000000
0.732628 0.000000
1.167984 0.000000
2.967688 0.000000
1.296203 0.000000
1.564334 0.000000
1.284579 0.000000
2.597304 0.000000
2.801556 0.000000
1.930985 0.000000
2.424140 0.000000
2.097350 0.000000
2.712487 0.000000
2.650637 0.000000
0.994303 0.000000
2.017615 0.000000
3.580236 0.000000
4.512877 0.000000
2.950429 0.000000
1.799862 0.000000
1.954289 0.000000
0.334589 0.000000
3.830868 0.000000
2.285588 0.000000
1.686293 0.000000
3.116509 0.000000
1.718764 0.000000
2.572179 0.000000
2.031218 0.000000
0.644421 0.000000
2.853256 0.000000
1.953278 0.000000
2.368236 0.000000
3.264929 0.000000
1.003433 0.000000
1.561854 0.000000
3.313028 0.000000
3.065692 0.000000
2.824833 0.000000
2.020568 0.000000
0.414697 0.000000
2.010607 0.000000
2.462874 0.000000
0.326826 0.000000
0.945008 0.000000
4.562176 0.000000
2.485452 0.000000
1.930905 0.000000
1.604835 0.000000
2.028803 0.000000
1.100125 0.000000
2.721682 0.000000
2.152245 0.000000
1.434280 0.000000
2.493588 0.000000
1.789085 0.000000
1.609912 0.000000
1.382295 0.000000
2.785553 0.000000
2.000668 0.000000
3.370753 0.000000
1.849367 0.000000
1.366292 0.000000
2.161583 0.000000
0.578323 0.000000
1.691294 0.000000
