3.411126 1.000000
2.154096 1.000000
3.287164 1.000000
3.956431 1.000000
3.062782 1.000000
2.780046 1.000000
0.209282 1.000000
2.708595 1.000000
3.569890 1.000000
0.061463 1.000000
3.771601 1.000000
0.854994 1.000000
3.747333 1.000000
2.262301 1.000000
0.215021 1.000000
0.026304 1.000000
2.670640 1.000000
3.653487 1.000000
3.639152 1.000000
3.957884 1.000000
1.828838 1.000000
3.123332 1.000000
0.656487 1.000000
2.567411 1.000000
1.288370 1.000000
3.993670 1.000000
0.691635 1.000000
4.179924 1.000000
0.134691 1.000000
3.208791 1.000000
0.655401 1.000000
1.132702 1.000000
2.666112 1.000000
3.914614 1.000000
0.535153 1.000000
2.823236 1.000000
0.269627 1.000000
0.316124 1.000000
2.653068 1.000000
2.500672 1.000000
0.290211 1.000000
0.851173 1.000000
2.745294 1.000000
2.536597 1.000000
2.481502 1.000000
0.479446 1.000000
2.938545 1.000000
0.259565 1.000000
2.666489 1.000000
0.336671 1.000000
0.161196 1.000000
3.380114 1.000000
3.363156 1.000000
2.539138 1.000000
2.557519 1.000000
3.367940 1.000000
3.507309 1.000000
0.516191 1.000000
2.716956 1.000000
0.329619 1.000000
3.381465 1.000000
3.327484 1.000000
2.784110 1.000000
3.204965 1.000000
1.279229 1.000000
4.004598 1.000000
2.806432 1.000000
0.731942 1.000000
3.605412 1.000000
3.201147 1.000000
2.261525 1.000000
4.339499 1.000000
3.118143 1.000000
0.544855 1.000000
0.685832 1.000000
0.651410 1.000000
2.871625 1.000000
3.269818 1.000000
4.101268 1.000000
3.441866 1.000000
0.208604 1.000000
2.623665 1.000000
2.336037 1.000000
0.051574 1.000000
3.355186 1.000000
3.468708 1.000000
3.233369 1.000000
3.011049 1.000000
0.369707 1.000000
3.687652 1.000000
3.733121 1.000000
3.942392 1.000000
1.039073 1.000000
2.964409 1.000000
3.583396 1.000000
0.506874 1.000000
0.566909 1.000000
2.841484 1.000000
0.469364 1.000000
3.081577 1.000000
3.022496 1.000000
2.756039 1.000000
3.144248 1.000000
3.786357 1.000000
3.782723 1.000000
2.872106 1.000000
2.240319 1.000000
2.392099 1.000000
0.228477 1.000000
2.594140 1.000000
0.915230 1.000000
0.547400 1.000000
0.040959 1.000000
0.120016 1.000000
3.964930 1.000000
0.445598 1.000000
0.535887 1.000000
0.974140 1.000000
3.265601 1.000000
3.039708 1.000000
3.687773 1.000000
2.969837 1.000000
1.749254 1.000000
3.465689 1.000000
3.176402 1.000000
2.997779 1.000000
4.085574 1.000000
2.875960 1.000000
2.746132 1.000000
3.455963 1.000000
1.143945 1.000000
2.325420 1.000000
2.651278 1.000000
2.958521 1.000000
3.236299 1.000000
0.421645 1.000000
0.144846 1.000000
2.415374 1.000000
0.336848 1.000000
4.345669 1.000000
3.455862 1.000000
4.980180 1.000000
2.943726 1.000000
2.682645 1.000000
3.432864 1.000000
3.974153 1.000000
3.956680 1.000000
2.422946 1.000000
0.359772 1.000000
3.170404 1.000000
3.813778 1.000000
3.263665 1.000000
4.185773 1.000000
3.861308 1.000000
2.527725 1.000000
3.630324 1.000000
4.409451 1.000000
3.086553 1.000000
3.879926 1.000000
4.153721 1.000000
2.820971 1.000000
2.988185 1.000000
3.573033 1.000000
3.128297 1.000000
2.531819 1.000000
3.187008 1.000000
3.518749 1.000000
3.496575 1.000000
3.430754 1.000000
3.282809 1.000000
3.304487 1.000000
2.803170 1.000000
0.816667 1.000000
3.288365 1.000000
0.401805 1.000000
3.037651 1.000000
4.327943 1.000000
0.311047 1.000000
0.356827 1.000000
3.763624 1.000000
2.205479 1.000000
3.793460 1.000000
0.072671 1.000000
3.730724 1.000000
3.245838 1.000000
0.446795 1.000000
4.114792 1.000000
3.573259 1.000000
0.872851 1.000000
3.566866 1.000000
3.068234 1.000000
0.751016 1.000000
2.889334 1.000000
2.920775 1.000000
2.806740 1.000000
3.031166 1.000000
0.679414 1.000000
2.894236 1.000000
0.446798 1.000000
3.010920 1.000000
3.349175 1.000000
3.463250 1.000000
3.100909 1.000000
0.813542 1.000000
3.507611 1.000000
3.494250 1.000000
0.150690 1.000000
0.419589 1.000000
0.135409 1.000000
3.031520 1.000000
0.940764 1.000000
3.283640 1.000000
2.796762 1.000000
0.996696 1.000000
0.295124 1.000000
4.187219 1.000000
3.232092 1.000000
1.688900 1.000000
3.248160 1.000000
2.641945 1.000000
0.402910 1.000000
0.604852 1.000000
3.750675 1.000000
4.284542 1.000000
0.680691 1.000000
3.496544 1.000000
3.608610 1.000000
3.000131 1.000000
2.819350 1.000000
3.161654 1.000000
3.332498 1.000000
3.216962 1.000000
0.730260 1.000000
2.822396 1.000000
3.036705 1.000000
3.989149 1.000000
2.978262 1.000000
3.612781 1.000000
0.370127 1.000000
3.245630 1.000000
3.040568 1.000000
0.068165 1.000000
2.759861 1.000000
2.666545 1.000000
3.517558 1.000000
2.132504 1.000000
0.992096 1.000000
0.932747 1.000000
0.391060 1.000000
2.285690 1.000000
2.576601 1.000000
3.502457 1.000000
0.341982 1.000000
0.247317 1.000000
0.860737 1.000000
2.671472 1.000000
2.144621 1.000000
2.760561 1.000000
0.657447 1.000000
2.905535 1.000000
3.520335 1.000000
2.709319 1.000000
0.303962 1.000000
3.271815 1.000000
2.907773 1.000000
3.288785 1.000000
0.153824 1.000000
0.587385 1.000000
0.541712 1.000000
3.804641 1.000000
2.735842 1.000000
0.526735 1.000000
0.115035 1.000000
3.563751 1.000000
3.402000 1.000000
1.093062 1.000000
0.645720 1.000000
3.403106 1.000000
3.675982 1.000000
3.837658 1.000000
3.231633 1.000000
3.629604 1.000000
3.747879 1.000000
3.007910 1.000000
2.743319 1.000000
0.417280 1.000000
0.450916 1.000000
2.981881 1.000000
1.872313 1.000000
0.902006 1.000000
3.803346 1.000000
0.322591 1.000000
2.169481 1.000000
0.942128 1.000000
3.030004 1.000000
2.723750 1.000000
2.345533 1.000000
3.539351 1.000000
3.009806 1.000000
3.786105 1.000000
0.658702 0.000000
0.606225 0.000000
0.174910 0.000000
3.073393 0.000000
3.043503 0.000000
1.906474 0.000000
0.174932 0.000000
0.281647 0.000000
0.632243 0.000000
0.135722 0.000000
1.301629 0.000000
0.139232 0.000000
0.172687 0.000000
0.505960 0.000000
1.727253 0.000000
0.565810 0.000000
0.647466 0.000000
0.195839 0.000000
0.339947 0.000000
0.348113 0.000000
2.196376 0.000000
0.474891 0.000000
3.005665 0.000000
0.561290 0.000000
1.510793 0.000000
2.123406 0.000000
0.471090 0.000000
0.082625 0.000000
1.900889 0.000000
0.646152 0.000000
0.126834 0.000000
1.262032 0.000000
0.193401 0.000000
0.939154 0.000000
0.544211 0.000000
0.803275 0.000000
0.157966 0.000000
0.304290 0.000000
0.257687 0.000000
4.219113 0.000000
1.811744 0.000000
2.075264 0.000000
0.684128 0.000000
0.216094 0.000000
0.484015 0.000000
2.913401 0.000000
4.461275 0.000000
1.898908 0.000000
1.109929 0.000000
1.380871 0.000000
0.918272 0.000000
0.042269 0.000000
0.124774 0.000000
0.197815 0.000000
0.065050 0.000000
0.113940 0.000000
0.622863 0.000000
0.222924 0.000000
0.865195 0.000000
2.501418 0.000000
0.075313 0.000000
0.052997 0.000000
2.902624 0.000000
1.759211 0.000000
0.159560 0.000000
0.904296 0.000000
0.215730 0.000000
1.364467 0.000000
0.132973 0.000000
0.305332 0.000000
1.141302 0.000000
0.781722 0.000000
0.506488 0.000000
1.829308 0.000000
1.053915 0.000000
0.841176 0.000000
0.213034 0.000000
0.254626 0.000000
1.682977 0.000000
0.904444 0.000000
0.222153 0.000000
2.685855 0.000000
1.284002 0.000000
2.682554 0.000000
1.248370 0.000000
0.295745 0.000000
0.678751 0.000000
1.654214 0.000000
0.082863 0.000000
1.826432 0.000000
1.135807 0.000000
0.956924 0.000000
0.048318 0.000000
1.368019 0.000000
1.510403 0.000000
1.107399 0.000000
0.607675 0.000000
1.618607 0.000000
0.026147 0.000000
2.163209 0.000000
0.101606 0.000000
1.040362 0.000000
0.217257 0.000000
0.105311 0.000000
0.003648 0.000000
1.452799 0.000000
1.586412 0.000000
0.766502 0.000000
0.417280 0.000000
3.330600 0.000000
0.368534 0.000000
0.184988 0.000000
1.228262 0.000000
1.487865 0.000000
0.381020 0.000000
0.058013 0.000000
1.839056 0.000000
0.678198 0.000000
1.282020 0.000000
1.741417 0.000000
0.461987 0.000000
2.097562 0.000000
0.615801 0.000000
1.524962 0.000000
0.261050 0.000000
0.579407 0.000000
0.993850 0.000000
1.052473 0.000000
0.518144 0.000000
1.356500 0.000000
0.516021 0.000000
0.149128 0.000000
0.157696 0.000000
2.768876 0.000000
2.041072 0.000000
0.030365 0.000000
2.825559 0.000000
0.675767 0.000000
2.154027 0.000000
1.892897 0.000000
0.123537 0.000000
0.879492 0.000000
0.812129 0.000000
0.935050 0.000000
0.819572 0.000000
0.534170 0.000000
0.320986 0.000000
1.802017 0.000000
1.218446 0.000000
1.923455 0.000000
0.104035 0.000000
0.659762 0.000000
0.367314 0.000000
0.593086 0.000000
0.043220 0.000000
1.235071 0.000000
1.494778 0.000000
0.020204 0.000000
0.404714 0.000000
0.003038 0.000000
0.779413 0.000000
0.031478 0.000000
0.091722 0.000000
0.336527 0.000000
0.773483 0.000000
1.452363 0.000000
0.576106 0.000000
0.430615 0.000000
0.579587 0.000000
0.117984 0.000000
0.097457 0.000000
2.510201 0.000000
1.471325 0.000000
0.505004 0.000000
0.754992 0.000000
0.599735 0.000000
0.174392 0.000000
0.266100 0.000000
0.211595 0.000000
1.410127 0.000000
0.407968 0.000000
0.959457 0.000000
0.256296 0.000000
0.512058 0.000000
1.497206 0.000000
1.399222 0.000000
1.358146 0.000000
1.316091 0.000000
2.106006 0.000000
0.513087 0.000000
0.791404 0.000000
0.297846 0.000000
1.132534 0.000000
0.012817 0.000000
0.954482 0.000000
1.195888 0.000000
1.564980 0.000000
0.257448 0.000000
4.779233 0.000000
1.403510 0.000000
0.157887 0.000000
1.386340 0.000000
0.049248 0.000000
0.080172 0.000000
1.442340 0.000000
0.056436 0.000000
0.346891 0.000000
1.200926 0.000000
1.639714 0.000000
0.365906 0.000000
0.544201 0.000000
0.403534 0.000000
0.067540 0.000000
1.639674 0.000000
1.094375 0.000000
0.582029 0.000000
0.148887 0.000000
3.282900 0.000000
1.231045 0.000000
0.361672 0.000000
0.137771 0.000000
0.644329 0.000000
0.127094 0.000000
0.007917 0.000000
1.924912 0.000000
1.939732 0.000000
0.445088 0.000000
0.361391 0.000000
1.337592 0.000000
1.627161 0.000000
0.123899 0.000000
2.378123 0.000000
0.153378 0.000000
0.993450 0.000000
1.422987 0.000000
0.386301 0.000000
0.264357 0.000000
0.211967 0.000000
2.839082 0.000000
0.493323 0.000000
0.146294 0.000000
2.337017 0.000000
0.642290 0.000000
1.761431 0.000000
0.650129 0.000000
0.548086 0.000000
0.952152 0.000000
0.979341 0.000000
1.147820 0.000000
0.094608 0.000000
0.221223 0.000000
2.166885 0.000000
1.057042 0.000000
1.594794 0.000000
0.935468 0.000000
0.632094 0.000000
0.531554 0.000000
2.186756 0.000000
0.597351 0.000000
1.391752 0.000000
2.229398 0.000000
1.784515 0.000000
0.361806 0.000000
1.172182 0.000000
0.545708 0.000000
1.401536 0.000000
2.482001 0.000000
0.229054 0.000000
0.286268 0.000000
0.953907 0.000000
4.036393 0.000000
1.595569 0.000000
0.589322 0.000000
0.524024 0.000000
0.080216 0.000000
0.271933 0.000000
3.756516 0.000000
2.239246 0.000000
0.719410 0.000000
1.173003 0.000000
1.489557 0.000000
0.920601 0.000000
4.269428 0.000000
0.134072 0.000000
0.349903 0.000000
2.206806 0.000000
0.428425 0.000000
0.170567 0.000000
3.210699 0.000000
0.667011 0.000000
0.353566 0.000000
4.841707 0.000000
1.137416 0.000000
1.515893 0.000000
0.344363 0.000000
0.182030 0.000000
1.877754 0.000000
0.709094 0.000000
1.583540 0.000000
0.069148 0.000000
