4.007781 1.000000
1.028086 1.000000
0.595221 1.000000
1.100558 1.000000
1.710932 1.000000
0.251593 1.000000
2.393551 1.000000
0.857302 1.000000
2.730985 1.000000
1.816810 1.000000
1.134585 1.000000
3.698404 1.000000
1.184745 1.000000
1.635227 1.000000
3.667797 1.000000
0.091159 1.000000
2.811436 1.000000
0.773053 1.000000
3.260045 1.000000
1.710705 1.000000
1.312912 1.000000
1.204562 1.000000
2.974340 1.000000
0.141806 1.000000
2.191686 1.000000
3.048797 1.000000
0.360006 1.000000
3.167944 1.000000
1.868791 1.000000
1.278369 1.000000
1.576447 1.000000
3.088980 1.000000
2.052642 1.000000
1.409451 1.000000
1.271222 1.000000
1.664812 1.000000
4.501772 1.000000
2.327107 1.000000
3.161514 1.000000
2.098964 1.000000
1.697471 1.000000
3.622099 1.000000
2.308829 1.000000
1.391836 1.000000
1.953603 1.000000
2.294111 1.000000
3.377418 1.000000
2.229354 1.000000
1.063414 1.000000
0.508863 1.000000
1.551719 1.000000
2.904699 1.000000
0.690190 1.000000
1.694102 1.000000
1.240614 1.000000
3.382366 1.000000
2.650977 1.000000
1.677891 1.000000
2.244439 1.000000
1.842924 1.000000
2.271880 1.000000
2.079092 1.000000
3.703550 1.000000
2.028519 1.000000
1.249211 1.000000
3.291463 1.000000
2.177247 1.000000
1.897393 1.000000
2.205629 1.000000
2.110154 1.000000
2.219074 1.000000
1.041019 1.000000
2.227365 1.000000
3.139852 1.000000
2.904761 1.000000
2.828042 1.000000
1.769392 1.000000
2.199170 1.000000
1.770987 1.000000
2.456478 1.000000
1.480397 1.000000
0.435063 1.000000
2.235399 1.000000
2.026516 1.000000
2.373934 1.000000
3.733884 1.000000
2.679335 1.000000
3.422851 1.000000
1.302733 1.000000
2.492456 1.000000
0.921711 1.000000
2.012307 1.000000
1.503417 1.000000
1.322042 1.000000
1.198031 1.000000
1.936029 1.000000
1.787402 1.000000
1.332969 1.000000
2.328413 1.000000
4.792506 1.000000
1.415018 1.000000
3.475366 1.000000
1.673783 1.000000
2.162494 1.000000
2.340506 1.000000
0.804046 1.000000
3.221283 1.000000
0.590532 1.000000
0.218064 1.000000
1.950260 1.000000
3.225002 1.000000
0.966497 1.000000
4.336547 1.000000
1.623953 1.000000
2.887215 1.000000
2.644187 1.000000
2.899296 1.000000
1.229597 1.000000
1.513437 1.000000
2.305462 1.000000
2.049390 1.000000
2.428632 1.000000
2.356189 1.000000
1.712017 1.000000
1.909925 1.000000
2.693869 1.000000
3.533925 1.000000
1.781102 1.000000
2.384056 1.000000
2.009153 1.000000
0.964715 1.000000
1.304226 1.000000
0.686942 1.000000
1.951679 1.000000
1.477144 1.000000
1.544565 1.000000
0.916120 1.000000
2.774790 1.000000
1.007143 1.000000
3.551543 1.000000
3.452769 1.000000
1.426446 1.000000
2.463111 1.000000
1.442734 1.000000
3.317091 1.000000
2.401222 1.000000
1.199163 1.000000
1.381732 1.000000
0.179280 1.000000
0.620969 1.000000
2.039188 1.000000
2.467136 1.000000
3.371157 1.000000
1.279898 1.000000
1.674936 1.000000
3.188346 1.000000
2.985910 1.000000
3.435997 1.000000
2.594611 1.000000
2.812079 1.000000
1.358661 1.000000
0.853825 1.000000
1.042733 1.000000
2.923944 1.000000
1.820001 1.000000
0.723903 1.000000
2.146524 1.000000
1.046549 1.000000
1.324762 1.000000
2.685534 1.000000
2.548038 1.000000
1.187630 1.000000
1.461658 1.000000
1.848181 1.000000
2.272557 1.000000
1.282330 1.000000
3.699138 1.000000
2.094092 1.000000
1.100544 1.000000
0.711454 1.000000
1.214111 1.000000
3.333156 1.000000
1.500018 1.000000
0.793957 1.000000
1.293394 1.000000
0.316312 1.000000
2.665044 1.000000
0.893351 1.000000
0.669596 1.000000
2.465011 1.000000
2.649102 1.000000
2.950871 1.000000
3.556495 1.000000
2.541618 1.000000
2.172216 1.000000
1.707842 1.000000
2.098680 1.000000
2.510937 1.000000
3.176052 1.000000
1.873873 1.000000
1.694414 1.000000
3.506479 1.000000
2.778709 1.000000
2.339376 1.000000
1.527810 1.000000
2.019530 1.000000
2.008407 1.000000
1.163656 1.000000
2.468638 1.000000
2.542832 1.000000
3.058094 1.000000
1.782303 1.000000
1.539198 1.000000
0.937845 1.000000
2.804136 1.000000
0.889043 1.000000
1.287871 1.000000
1.244778 1.000000
3.396670 1.000000
1.047428 1.000000
1.706612 1.000000
1.684899 1.000000
3.772331 1.000000
2.400110 1.000000
2.436761 1.000000
2.055820 1.000000
0.126884 1.000000
1.117638 1.000000
2.662335 1.000000
1.498649 1.000000
1.511282 1.000000
1.050807 1.000000
0.506210 1.000000
1.364411 1.000000
1.832033 1.000000
3.606528 1.000000
1.730645 1.000000
1.453342 1.000000
1.384580 1.000000
1.378291 1.000000
1.921868 1.000000
2.469237 1.000000
1.974900 1.000000
2.652677 1.000000
3.042042 1.000000
1.653388 1.000000
2.657424 1.000000
1.736868 1.000000
3.189668 1.000000
1.474444 1.000000
1.026863 1.000000
2.716343 1.000000
0.921207 1.000000
1.886945 1.000000
0.978376 1.000000
3.432815 1.000000
2.471177 1.000000
2.247037 1.000000
2.928046 1.000000
2.894672 1.000000
2.766000 1.000000
1.518931 1.000000
1.330998 1.000000
1.651318 1.000000
2.627359 1.000000
1.609125 1.000000
2.381298 1.000000
0.865562 1.000000
1.659648 1.000000
2.998724 1.000000
2.120566 1.000000
0.332202 1.000000
1.532858 1.000000
3.256337 1.000000
4.154807 1.000000
2.226754 1.000000
3.256065 1.000000
3.522850 1.000000
0.724854 1.000000
2.038319 1.000000
2.376497 1.000000
1.206232 1.000000
0.701218 1.000000
0.724029 1.000000
1.512762 1.000000
2.925216 1.000000
3.579781 1.000000
2.524148 1.000000
1.580992 1.000000
2.070361 1.000000
0.701024 1.000000
2.327752 1.000000
1.491906 1.000000
1.932419 1.000000
2.646036 1.000000
1.805850 1.000000
2.749954 1.000000
2.535065 1.000000
2.062373 1.000000
2.889750 1.000000
2.219380 0.000000
1.438400 0.000000
0.153685 0.000000
0.417879 0.000000
0.187849 0.000000
2.905065 0.000000
0.464697 0.000000
2.515771 0.000000
0.157926 0.000000
0.918548 0.000000
1.221296 0.000000
1.819894 0.000000
1.361773 0.000000
0.060566 0.000000
0.977313 0.000000
0.172043 0.000000
0.185119 0.000000
0.621426 0.000000
0.350925 0.000000
1.774383 0.000000
0.201361 0.000000
0.008526 0.000000
0.427555 0.000000
2.372190 0.000000
2.350273 0.000000
0.308403 0.000000
0.011084 0.000000
2.356531 0.000000
1.380283 0.000000
0.260475 0.000000
0.174539 0.000000
4.387739 0.000000
0.841211 0.000000
1.341892 0.000000
2.933172 0.000000
1.552925 0.000000
3.211812 0.000000
0.044935 0.000000
1.157808 0.000000
2.567872 0.000000
0.416938 0.000000
1.111721 0.000000
0.273795 0.000000
2.976336 0.000000
0.535115 0.000000
0.072045 0.000000
0.937641 0.000000
0.013302 0.000000
0.019883 0.000000
1.089913 0.000000
1.531102 0.000000
2.869572 0.000000
0.549018 0.000000
0.503549 0.000000
1.107203 0.000000
0.260023 0.000000
0.365417 0.000000
1.221673 0.000000
0.292445 0.000000
0.318640 0.000000
1.085124 0.000000
1.625127 0.000000
1.091334 0.000000
0.384859 0.000000
0.060454 0.000000
0.050056 0.000000
2.489528 0.000000
3.239175 0.000000
2.097651 0.000000
1.798530 0.000000
0.232784 0.000000
0.774021 0.000000
0.617892 0.000000
0.565264 0.000000
0.250134 0.000000
1.441860 0.000000
0.723771 0.000000
0.889702 0.000000
0.460220 0.000000
0.661053 0.000000
1.751109 0.000000
0.169392 0.000000
0.116125 0.000000
0.669557 0.000000
1.131634 0.000000
1.610329 0.000000
0.050897 0.000000
0.559574 0.000000
0.052074 0.000000
0.194566 0.000000
1.636392 0.000000
0.944932 0.000000
0.267030 0.000000
1.764685 0.000000
0.148703 0.000000
0.013371 0.000000
1.946130 0.000000
0.109315 0.000000
0.310315 0.000000
0.520639 0.000000
0.566525 0.000000
0.063760 0.000000
4.712418 0.000000
0.031712 0.000000
4.462892 0.000000
0.329775 0.000000
0.030789 0.000000
0.322572 0.000000
0.091660 0.000000
1.176764 0.000000
3.246544 0.000000
1.147540 0.000000
3.310979 0.000000
0.489755 0.000000
0.006704 0.000000
0.324331 0.000000
0.648414 0.000000
1.123285 0.000000
1.688458 0.000000
1.000569 0.000000
0.191569 0.000000
0.491608 0.000000
0.779972 0.000000
0.766702 0.000000
0.154869 0.000000
0.144164 0.000000
1.124377 0.000000
0.599512 0.000000
1.304060 0.000000
2.592521 0.000000
0.120458 0.000000
1.766539 0.000000
0.915743 0.000000
0.864883 0.000000
0.681536 0.000000
0.507375 0.000000
0.219608 0.000000
2.236517 0.000000
1.235393 0.000000
1.233744 0.000000
0.000124 0.000000
0.918303 0.000000
2.462721 0.000000
0.488492 0.000000
0.769548 0.000000
1.104481 0.000000
0.424986 0.000000
0.960577 0.000000
0.422596 0.000000
0.996399 0.000000
1.639883 0.000000
0.305303 0.000000
0.235667 0.000000
0.476581 0.000000
1.220069 0.000000
0.499767 0.000000
0.869617 0.000000
1.877912 0.000000
0.379448 0.000000
2.810603 0.000000
0.148931 0.000000
2.034039 0.000000
1.414473 0.000000
0.875738 0.000000
0.920158 0.000000
0.343482 0.000000
0.720943 0.000000
1.938914 0.000000
0.838626 0.000000
1.823173 0.000000
0.051114 0.000000
0.107849 0.000000
2.730059 0.000000
0.142632 0.000000
1.621278 0.000000
0.573724 0.000000
2.914999 0.000000
0.420133 0.000000
0.488846 0.000000
0.477391 0.000000
2.255900 0.000000
0.494142 0.000000
0.821960 0.000000
0.032145 0.000000
1.615077 0.000000
1.620438 0.000000
0.255436 0.000000
0.002607 0.000000
0.414106 0.000000
0.232374 0.000000
0.150355 0.000000
1.316526 0.000000
0.273187 0.000000
0.301744 0.000000
0.537538 0.000000
0.296740 0.000000
2.352574 0.000000
0.313098 0.000000
0.796978 0.000000
0.635334 0.000000
0.885370 0.000000
1.035440 0.000000
2.702056 0.000000
1.486637 0.000000
1.930930 0.000000
0.078517 0.000000
1.738652 0.000000
0.357517 0.000000
0.068177 0.000000
1.151947 0.000000
0.211907 0.000000
1.214911 0.000000
1.080001 0.000000
3.206948 0.000000
0.864744 0.000000
0.709759 0.000000
0.013330 0.000000
0.467810 0.000000
0.955860 0.000000
2.200583 0.000000
1.263058 0.000000
0.010955 0.000000
1.012593 0.000000
0.048632 0.000000
0.576559 0.000000
2.329713 0.000000
1.911748 0.000000
0.128316 0.000000
0.322744 0.000000
2.192159 0.000000
0.829908 0.000000
0.572906 0.000000
0.036056 0.000000
0.480956 0.000000
1.523638 0.000000
0.454767 0.000000
0.508258 0.000000
0.599153 0.000000
0.352206 0.000000
0.920497 0.000000
0.005766 0.000000
0.009680 0.000000
0.606848 0.000000
0.480774 0.000000
0.484229 0.000000
1.861095 0.000000
0.845311 0.000000
1.257972 0.000000
3.541849 0.000000
1.148600 0.000000
1.649333 0.000000
1.412607 0.000000
0.570219 0.000000
0.421031 0.000000
0.129265 0.000000
0.333174 0.000000
1.644112 0.000000
0.084063 0.000000
0.084760 0.000000
0.070310 0.000000
0.916682 0.000000
0.047436 0.000000
0.073935 0.000000
0.487281 0.000000
0.593339 0.000000
1.125293 0.000000
0.405825 0.000000
0.053501 0.000000
1.361215 0.000000
1.271647 0.000000
0.207629 0.000000
0.379845 0.000000
0.194044 0.000000
1.242140 0.000000
0.330395 0.000000
0.327191 0.000000
0.904412 0.000000
0.326373 0.000000
0.085984 0.000000
2.271551 0.000000
0.291931 0.000000
0.059868 0.000000
1.652927 0.000000
0.484800 0.000000
0.059366 0.000000
0.561550 0.000000
1.306568 0.000000
1.237068 0.000000
0.066677 0.000000
0.005891 0.000000
0.179237 0.000000
2.551823 0.000000
0.585997 0.000000
0.907487 0.000000
0.398104 0.000000
0.333179 0.000000
0.324136 0.000000
2.176857 0.000000
0.833008 0.000000
0.863309 0.000000
