0.0525 0.055 0.2875 0.2875
0.04 0.0425 0.3125 0.3125
0.0275 0.0275 0.2875 0.2875
0.0475 0.05 0.275 0.275
0.0475 0.0475 0.25 0.25
0.035 0.035 0.2875 0.2875
0.055 0.0575 0.3 0.3
0.0475 0.0425 0.3125 0.3125
0.0475 0.0475 0.3125 0.3125
0.0525 0.0525 0.325 0.325
0.035 0.0375 0.2875 0.275
0.0675 0.0675 0.2625 0.2625
0.0575 0.0575 0.275 0.275
0.05 0.05 0.3 0.3
0.0525 0.0525 0.275 0.275
0.05 0.05 0.2875 0.2875
0.0425 0.0425 0.3 0.3
0.06 0.0625 0.275 0.275
0.0475 0.05 0.275 0.275
0.065 0.065 0.2625 0.2625
0.0575 0.06 0.2625 0.2625
0.04 0.04 0.2875 0.2875
0.0275 0.03 0.3125 0.3125
0.0525 0.055 0.3 0.3
0.0625 0.065 0.2625 0.25
0.035 0.035 0.2625 0.2625
0.035 0.035 0.2875 0.2875
0.0525 0.0525 0.2625 0.2625
0.0575 0.0575 0.325 0.325
0.035 0.0375 0.3 0.2875
0.0525 0.05 0.2875 0.2875
0.07 0.07 0.2875 0.2875
0.07 0.07 0.275 0.275
0.05 0.05 0.2625 0.2625
0.0525 0.0525 0.325 0.325
0.07 0.07 0.3 0.2875
0.0525 0.055 0.2875 0.2875
0.04 0.0425 0.3125 0.3125
0.0275 0.0275 0.2875 0.2875
0.0475 0.05 0.275 0.275
0.0475 0.0475 0.25 0.25
0.035 0.035 0.2875 0.2875
0.055 0.0575 0.325 0.3125
0.0525 0.0525 0.2875 0.2875
0.03 0.03 0.3 0.3
0.0425 0.0425 0.275 0.275
0.065 0.065 0.2625 0.2625
0.0425 0.04 0.3 0.3
0.05 0.05 0.3 0.3
0.035 0.035 0.3125 0.3125
0.07 0.07 0.2625 0.2625
0.045 0.0475 0.2625 0.2625
0.055 0.055 0.3 0.3
0.0425 0.045 0.2875 0.275
0.0375 0.04 0.2875 0.275
0.0475 0.0475 0.275 0.275
0.07 0.07 0.275 0.275
0.055 0.055 0.2625 0.2625
0.0575 0.0575 0.275 0.275
0.055 0.0575 0.3125 0.3125
0.05 0.0525 0.2625 0.2625
0.0625 0.065 0.2875 0.2875
0.055 0.0575 0.3125 0.3125
0.06 0.06 0.325 0.325
0.045 0.0475 0.2625 0.2625
0.0575 0.0575 0.275 0.275
0.0575 0.055 0.2875 0.2875
0.04 0.04 0.275 0.275
0.0525 0.055 0.2875 0.2875
0.0525 0.055 0.2875 0.2875
0.04 0.0425 0.3125 0.3125
0.0275 0.0275 0.2875 0.2875
0.0475 0.05 0.275 0.275
0.0475 0.0475 0.25 0.25
