0.055 0.05875
0.04375 0.04375
0.02875 0.02875
0.0475 0.0475
0.04375 0.04375
0.03625 0.03625
0.05875 0.05875
0.0475 0.04375
0.05125 0.0475
0.055 0.055
0.03625 0.03625
0.07 0.07
0.05875 0.05875
0.05125 0.05125
0.05125 0.05125
0.05125 0.05125
0.04 0.04375
0.0625 0.0625
0.0475 0.05125
0.06625 0.06625
0.05875 0.05875
0.04 0.04
0.02875 0.02875
0.055 0.055
0.0625 0.0625
0.03625 0.0325
0.0325 0.03625
0.05125 0.05125
0.05875 0.05875
0.0325 0.03625
0.05125 0.0475
0.07375 0.07375
0.07375 0.07375
0.0475 0.0475
0.055 0.055
0.07375 0.07375
0.055 0.05875
0.04375 0.04375
0.02875 0.02875
0.0475 0.0475
0.04375 0.04375
0.03625 0.03625
0.05875 0.05875
0.05125 0.05125
0.02875 0.02875
0.04 0.04
0.06625 0.06625
0.04 0.04
0.05125 0.05125
0.03625 0.03625
0.07375 0.07375
0.04375 0.04375
0.055 0.05875
0.04 0.04375
0.03625 0.04
0.0475 0.0475
0.0775 0.0775
0.055 0.055
0.05875 0.055
0.05875 0.05875
0.0475 0.05125
0.06625 0.06625
0.055 0.05875
0.0625 0.0625
0.0475 0.0475
0.055 0.05875
0.055 0.055
0.04 0.04
0.055 0.05875
0.055 0.05875
0.04375 0.04375
0.02875 0.02875
0.0475 0.0475
0.04375 0.04375
