1.009979753834596039e+00
1.009976294521576667e+00
1.009971855711483624e+00
1.009959959823244935e+00
1.009945469874943713e+00
1.009931656379872589e+00
1.009909288864642152e+00
1.009876772232354725e+00
1.009854586585815284e+00
1.009825102333615554e+00
1.009775265985030979e+00
1.009693674228882232e+00
1.009593598835562878e+00
1.009500388112799518e+00
1.009362277584220813e+00
1.009187948736353757e+00
1.009009081750066317e+00
1.008797116040555109e+00
1.008533654464027540e+00
1.008214786931578066e+00
1.007847525310274328e+00
1.007303471301097764e+00
1.006726092487709279e+00
1.006087272345471462e+00
1.005334586760862514e+00
1.004508116685487451e+00
1.003579260238649296e+00
1.002670408428764981e+00
1.001468478626544423e+00
1.000066791560884516e+00
9.984723184203323498e-01
9.967923539134390110e-01
9.950441424480882535e-01
9.929107744908226563e-01
9.908537635278860112e-01
9.885569080181133561e-01
9.862828075603740086e-01
9.842027100760437630e-01
9.816618900995706110e-01
9.792527607660657107e-01
9.771449835131515993e-01
9.749255460846459886e-01
9.724097149856711919e-01
9.703080060012951868e-01
9.685594877554196680e-01
9.669624418367580576e-01
9.644883896262990142e-01
9.627538843146447034e-01
9.615615851448587881e-01
9.607833376653804880e-01
9.603371519125246669e-01
9.601850102313176372e-01
9.605194832874921484e-01
9.609880476124861293e-01
9.616504193902445374e-01
9.626108484281603594e-01
9.637784400584249456e-01
9.646281344139053804e-01
9.658183993238684817e-01
9.674782762403245640e-01
9.697911418215452439e-01
9.724293811086841544e-01
9.739949716997137186e-01
9.759361921125320194e-01
9.783573613774045885e-01
9.806796395666731447e-01
9.826561345736081199e-01
9.849595448963246458e-01
9.872954518911296606e-01
9.891526941416808327e-01
9.912443328128391906e-01
9.931792450211820444e-01
9.949143463356837636e-01
9.968274842826591042e-01
9.982860891411464710e-01
9.998796799981528594e-01
1.001177974679961835e+00
1.002335416988896721e+00
1.003427479704268155e+00
1.004413780124317368e+00
1.005276006437807901e+00
1.006022740046009334e+00
1.006699511344262499e+00
1.007257192998939344e+00
1.007754250484794722e+00
1.008189365201860310e+00
1.008524943459331080e+00
1.008791593869468706e+00
1.008958101038671451e+00
1.009094985331073335e+00
1.009219795023956978e+00
1.009328603348911280e+00
1.009449015002418015e+00
1.009566440835355960e+00
1.009659854882784424e+00
1.009726198881981896e+00
1.009782587925744268e+00
1.009802751870859439e+00
1.009826328946656471e+00
1.009853560039678522e+00
