5.196092071058089346e-06
3.420175329615915416e-06
9.448439202142111526e-07
3.759871418651528074e-06
6.389622563052199666e-06
4.799524893073225940e-06
7.273798882101445429e-06
1.424403511252059218e-05
3.809952428213136955e-06
-8.119348170909646001e-06
-1.055865513244214071e-05
5.428657300576844591e-06
2.365304349472019396e-05
1.534410219772297523e-05
2.828815545963259126e-05
4.922183828304227404e-05
4.123897319097125092e-05
2.700070066352644460e-05
1.831737815383149837e-05
1.183137732030381528e-05
-7.385865836484484248e-06
8.056115931442953126e-05
1.232150966870015907e-04
1.393558544291462198e-04
1.719091753007440104e-04
1.713665551621446070e-04
1.572538177945226323e-04
-1.217642788153838751e-06
1.684167887594512081e-06
6.673682893509891301e-05
1.829402541667635163e-04
2.412742075404983311e-04
2.254910174753765872e-04
4.566053673468184471e-04
4.806479606643820901e-04
6.250554190400103849e-04
6.423049568423655487e-04
3.800974466106055161e-04
5.158734751647964245e-04
4.834502470765222881e-04
1.425126766387840860e-04
-6.200693738545037803e-05
8.844596948842653461e-05
-8.170514243055482240e-05
-4.763379392470623586e-04
-8.592098390843849742e-04
-1.689205450927655505e-04
8.379201636321553792e-06
-1.029487734722778214e-04
-3.518846156650434764e-04
-6.383855941838323389e-04
-9.117091751225103735e-04
-1.357384066674960366e-03
-1.621710531145570400e-03
-1.769099341599411623e-03
-1.914194733310781160e-03
-1.981857057338443084e-03
-1.467648720785641459e-03
-1.054899419692278961e-03
-9.010147031309756471e-04
-1.220419032576414153e-03
-1.718360557072640127e-03
-1.030609692081685402e-03
-6.392972912352412607e-04
-6.818304170970179712e-04
-6.109432504042278111e-04
-2.091518012550253047e-04
-1.758599744167144152e-04
-2.402419828525514944e-04
8.866126748752201081e-05
8.112437313001485961e-05
1.151684237289396506e-04
2.242518314132802004e-04
2.419502938066919739e-05
1.442711133017304803e-04
-5.616034216782139765e-06
6.604694323231186104e-06
3.027129836996600432e-05
-4.690460380318839384e-06
-5.124779878551422030e-05
-8.353036928787638260e-05
-1.019652319593777889e-04
-1.436092853359660637e-04
-1.507801359597049640e-04
-1.735042833652666872e-04
-2.022988260279579009e-04
-1.918022298839083817e-04
-1.653399329024640707e-04
-8.495652425377642203e-05
-1.500843938928575483e-05
3.253228044619582704e-05
6.658657312308413623e-05
6.398087850500999707e-05
4.320143663960607228e-05
2.867317107302369550e-05
2.639542682802975548e-05
2.177877631681646164e-05
4.324655406517941003e-05
5.298334164005602531e-05
5.228093572928749211e-05
