7.677010914277637710e-04
7.643066598479464346e-04
7.659923256748690790e-04
7.888908801265692716e-04
8.106444850715099903e-04
8.345229006616605716e-04
8.515488794054171251e-04
8.602322318367328080e-04
8.807309170388855080e-04
8.947331043005490869e-04
8.881743357722626797e-04
8.558249629420089377e-04
8.117302473649168348e-04
7.821114261892248010e-04
7.179164418444905493e-04
6.299919010568366673e-04
5.143712077471107591e-04
3.726014595848425870e-04
1.880341427917819885e-04
-4.171582946987939522e-05
-3.080885263084809367e-04
-7.452191498811266968e-04
-1.228498267209943151e-03
-1.764300597709489438e-03
-2.402685640352508756e-03
-3.102961794035685728e-03
-3.892354966467337363e-03
-4.690272986997978677e-03
-5.770606085263363383e-03
-7.042660771509945405e-03
-8.497991636751134337e-03
-1.002963964742398240e-02
-1.166518260868287804e-02
-1.368304944484766139e-02
-1.562415203061995328e-02
-1.780409857931797291e-02
-1.996312319236648314e-02
-2.193716250635890930e-02
-2.437786337364999945e-02
-2.668951127939256374e-02
-2.869978308126053257e-02
-3.084203974286348071e-02
-3.330608194397788324e-02
-3.535775027665888359e-02
-3.705787401502735889e-02
-3.861305914845802878e-02
-4.109706810005053779e-02
-4.283257145138386068e-02
-4.401983346022464438e-02
-4.478999145853457264e-02
-4.522754151812913292e-02
-4.537273045691936346e-02
-4.502695289050662186e-02
-4.455667795223505756e-02
-4.390153949983910397e-02
-4.294743183500859818e-02
-4.179241945227729627e-02
-4.097812801191691445e-02
-3.982602158104520118e-02
-3.820428393071750861e-02
-3.592642464509987477e-02
-3.333221277399101012e-02
-3.184727955464361493e-02
-2.999188086628556960e-02
-2.764809573954973843e-02
-2.541180789874086798e-02
-2.353380697138196531e-02
-2.133399568276739267e-02
-1.910996747109283689e-02
-1.737462982893234198e-02
-1.540914865548637103e-02
-1.360433171782648998e-02
-1.200176842395772603e-02
-1.022479025343470127e-02
-8.909501458585600275e-03
-7.459302493582287141e-03
-6.301328309358700253e-03
-5.281608852652830421e-03
-4.324424953670913396e-03
-3.456056799064910479e-03
-2.702072403581112781e-03
-2.058839861111216862e-03
-1.481413332942604910e-03
-1.018292863237846291e-03
-6.117714588866896008e-04
-2.576990602709550160e-04
2.621769552568764539e-06
1.989464472780255733e-04
3.004513867468361354e-04
3.760990159360488860e-04
4.429517825270679054e-04
5.058851250727691706e-04
5.844213321966051922e-04
6.577237894984655497e-04
7.050149659582061190e-04
7.231146517137077012e-04
7.285958896088295944e-04
6.954781904400242354e-04
6.854522040775634650e-04
7.121660779692007281e-04
