9.167728588012569180e-03
9.165939533115952109e-03
9.157408021705781831e-03
9.125518233471074936e-03
9.092021368283687011e-03
9.052891027501508425e-03
9.016167337034253215e-03
8.982188113526023976e-03
8.929388659703829667e-03
8.874376364357949853e-03
8.829166337587346369e-03
8.796543569389858597e-03
8.759570247284909073e-03
8.688631388559686641e-03
8.628832034381805904e-03
8.564776928224659969e-03
8.495240796534186956e-03
8.412810288439986905e-03
8.327576746356868398e-03
8.234679961365065637e-03
8.117653777478528454e-03
8.102123105923286772e-03
8.054455904425106283e-03
7.971623444964048844e-03
7.894076253995407910e-03
7.771530289983896722e-03
7.621905594838329634e-03
7.355907809540207509e-03
7.239689248400793531e-03
7.176180247207675222e-03
7.152345335237342283e-03
7.058859367211178792e-03
6.923592482013685157e-03
7.028335731678492238e-03
6.920798980800668687e-03
6.927121593730989346e-03
6.802006922406178546e-03
6.399889313231987842e-03
6.394898333678122881e-03
6.217595292901778592e-03
5.725377122621333470e-03
5.384262114316307191e-03
5.418987403975172867e-03
5.131815436270947828e-03
4.620577190822761082e-03
4.128474091159017867e-03
4.764428289618982681e-03
4.883803090180660611e-03
4.716098686986081034e-03
4.417326234869900503e-03
4.091712671971503568e-03
3.793471217635069337e-03
3.331763935282006095e-03
3.074399952543105385e-03
2.955912388062142959e-03
2.850855067795809994e-03
2.840116594859387611e-03
3.442898753127976441e-03
3.953736081911185529e-03
4.210239912779467630e-03
3.992648857869873780e-03
3.605747645969881177e-03
4.439455168543604557e-03
4.978534038015958174e-03
5.070663810827547024e-03
5.279196406358543925e-03
5.824908721827393165e-03
6.000724538747226333e-03
6.080663448469803001e-03
6.557692544118420841e-03
6.696762989712334857e-03
6.876161703703420613e-03
7.128511540114290668e-03
7.071503177302762566e-03
7.338628537972402555e-03
7.333358526910194186e-03
7.485206623083717759e-03
7.644503304744532102e-03
7.741369786782303919e-03
7.809100865666440683e-03
7.881114053437610067e-03
7.962155767573975140e-03
8.015918930457832658e-03
8.099574167572232142e-03
8.163928199221182069e-03
8.213037650773635789e-03
8.295990528873531389e-03
8.390313952329808700e-03
8.533558110950689723e-03
8.662902734352773138e-03
8.766834939869738719e-03
8.845444503304822348e-03
8.883610937589381251e-03
8.906039556072720131e-03
8.936880260344004512e-03
8.982230064909835221e-03
9.028019867408421106e-03
9.102364229952364383e-03
9.145378725393893404e-03
9.144933672292410165e-03
