-6.915944683623829192e+00
-6.821012579992300040e+00
-6.723691167628197185e+00
-6.559120577985906309e+00
-6.407455257169283769e+00
-6.219150288524545545e+00
-6.035841662511584715e+00
-5.856854576892319919e+00
-5.679982575387056087e+00
-5.512340310646264285e+00
-5.331218639088850964e+00
-5.171296105842280610e+00
-4.992844066460007113e+00
-4.838265296867801268e+00
-4.670294837206175664e+00
-4.531720214698514937e+00
-4.359921972173390614e+00
-4.218192835816582331e+00
-4.057972121760769824e+00
-3.917628164573378147e+00
-3.772756583918866369e+00
-3.628764971354699220e+00
-3.513775037246412936e+00
-3.362874364289408113e+00
-3.245596159113737222e+00
-3.140186353265907560e+00
-3.013625585108021365e+00
-2.918336926880767290e+00
-2.844140396672135918e+00
-2.719706139789868082e+00
-2.622434687223728300e+00
-2.551598103374570048e+00
-2.498048229998330871e+00
-2.445000266387101551e+00
-2.386489562824898769e+00
-2.340929087673065290e+00
-2.305003166330036546e+00
-2.276511890850047681e+00
-2.253944149470217262e+00
-2.236236572698124814e+00
-2.222630244340928485e+00
-2.212582172459563790e+00
-2.205709156546378669e+00
-2.201751837173924198e+00
-2.200552032972979966e+00
-2.202039436049066712e+00
-2.206225518601862223e+00
-2.213203695857576925e+00
-2.223155734530820826e+00
-2.236365333415125445e+00
-2.253240971454775643e+00
-2.274351847411030469e+00
-2.300483589487203773e+00
-2.332725491536693951e+00
-2.372610646737658424e+00
-2.422349731391243211e+00
-2.478507269359121246e+00
-2.521513139961668593e+00
-2.575894069780217066e+00
-2.646305563228433133e+00
-2.740548937888360292e+00
-2.848656894070113132e+00
-2.914821642406270730e+00
-2.997094105085807314e+00
-3.102039743947974770e+00
-3.207098895652567005e+00
-3.300327927982251719e+00
-3.415893238910939989e+00
-3.542138135472403082e+00
-3.648999660895751784e+00
-3.780706948802458278e+00
-3.911029106891423801e+00
-4.035476429122955011e+00
-4.189191787439661141e+00
-4.313485861561361823e+00
-4.466656928723610420e+00
-4.609883667488007042e+00
-4.759413537153890594e+00
-4.920648493478130270e+00
-5.088314354059651379e+00
-5.265637326122707407e+00
-5.445393001487509821e+00
-5.638295728453545763e+00
-5.831383955979685396e+00
-6.039963915496736391e+00
-6.263492817663339984e+00
-6.476623776353826578e+00
-6.682453799694608954e+00
-6.830202726080992548e+00
-6.972573508402755138e+00
-7.123366453705269663e+00
-7.275812168748286624e+00
-7.480508075938320900e+00
-7.731751867577330906e+00
-7.986075406198200000e+00
-8.211657442346124824e+00
-8.453630215179952501e+00
-8.549016816583566936e+00
-8.679606123371048199e+00
-8.862631972719782425e+00
