1.396610533666371463e-03
1.644519078725064764e-03
1.963443621334361178e-03
2.826009977464090557e-03
3.883440494533916144e-03
4.870787103039938247e-03
6.499566174905826825e-03
8.895741321316335062e-03
1.047385048735741120e-02
1.259245459714052745e-02
1.624635484910582142e-02
2.238363556203990315e-02
2.991207768837137598e-02
3.689594710180043452e-02
4.735940568306000464e-02
6.081500028712254202e-02
7.437301709300714325e-02
9.070487611477999479e-02
1.109493382267015965e-01
1.358346832459324249e-01
1.644570507013511929e-01
2.080184110772064221e-01
2.551626411584767551e-01
3.060559547642686673e-01
3.680219481066831499e-01
4.370420667506030310e-01
5.130707556213441878e-01
5.892026837494317437e-01
6.961756707814462652e-01
8.145959386653781609e-01
9.554497259884849880e-01
1.110863541371121865e+00
1.281352951328031731e+00
1.497857830952954661e+00
1.706522047487907479e+00
1.953846999913161797e+00
2.210696237710835010e+00
2.455550832177118004e+00
2.776534089183707810e+00
3.098917470259842322e+00
3.397162198680246714e+00
3.732484402564954173e+00
4.141461885275049326e+00
4.510474480520785256e+00
4.843824053051615230e+00
5.175093386271988116e+00
5.720231670692048631e+00
6.156897328076921916e+00
6.512539660798813301e+00
6.805891183017362955e+00
7.050142548811309418e+00
7.250641593426334630e+00
7.343592333294038710e+00
7.437580248116258730e+00
7.530897316765981842e+00
7.621395440410710265e+00
7.706497123955468709e+00
7.783262982017027376e+00
7.848531584365785463e+00
7.899137674133125842e+00
7.932197804528945184e+00
7.945430398593565258e+00
7.937456744822771526e+00
7.908019809211268125e+00
7.858066683346074832e+00
7.789668824102017552e+00
7.705793475660839498e+00
7.609975214190560777e+00
7.505955307178765246e+00
7.397353665846903681e+00
7.287418373623538947e+00
7.096290488880460323e+00
6.809549534059454956e+00
6.450486200156399619e+00
5.995693821075579244e+00
5.410086337508117182e+00
4.908691100822412778e+00
4.518188733719803452e+00
4.083910459774871882e+00
3.602984514770402047e+00
3.274524117490051456e+00
2.935466719539316927e+00
2.577570235202948812e+00
2.307959534770253285e+00
2.058568139535286168e+00
1.808493850681903492e+00
1.613467889620982421e+00
1.431529897332179946e+00
1.254065993943111357e+00
1.127762779101721513e+00
1.016534715795863963e+00
9.110869139495844093e-01
8.253771068031058311e-01
7.568632106355739353e-01
6.929872112497255099e-01
6.337122624243118896e-01
5.909338270162562967e-01
5.596464181085935019e-01
5.305870946783056707e-01
5.037153701782974835e-01
