-3.154766142526071793e+00
-3.154766142526072237e+00
-3.146430353160865501e+00
-3.099803043889112431e+00
-3.053109828046955521e+00
-3.006321741843295481e+00
-2.959409349684777091e+00
-2.912342601710683709e+00
-2.865090684325349635e+00
-2.818797954815852602e+00
-2.774687133145337992e+00
-2.726684558694544513e+00
-2.674213776840236534e+00
-2.616565304206865505e+00
-2.552852562440857120e+00
-2.481947932447634120e+00
-2.432758217862938110e+00
-2.380111901823899423e+00
-2.323199843031534151e+00
-2.261407184247360647e+00
-2.193975928178569568e+00
-2.126744259069090592e+00
-2.070309240602423717e+00
-2.009874764929963753e+00
-1.944908213373560457e+00
-1.874759730405206826e+00
-1.798760367719678399e+00
-1.740370170773867464e+00
-1.678357195013643555e+00
-1.612274002553544694e+00
-1.541580547884892294e+00
-1.465616662829556383e+00
-1.408130021933322595e+00
-1.347739614512855955e+00
-1.284092140879119270e+00
-1.216809104729821733e+00
-1.146790763741761587e+00
-1.078405956798037302e+00
-1.006468766896136735e+00
-9.305300100437725597e-01
-8.500465595640971372e-01
-7.738510058091927490e-01
-7.023360719998565926e-01
-6.283502931195590335e-01
-5.515870239002085285e-01
-4.716897264657085032e-01
-4.048028723702570275e-01
-3.365637294020915604e-01
-2.668011138330168563e-01
-1.953228636427479792e-01
-1.212493298951744514e-01
-4.484628074174512591e-02
3.327580735494439779e-02
1.133826368936881046e-01
1.957770261983218241e-01
2.675812948988758322e-01
3.401219689129169055e-01
4.136601095494980562e-01
4.883817021623806376e-01
5.637122626334476472e-01
6.388945341144203205e-01
7.147778346210227340e-01
7.915542846333711857e-01
8.694300301003901055e-01
9.400473625111289699e-01
1.008758757934814287e+00
1.077571772692991203e+00
1.146613798908627135e+00
1.216035595327832564e+00
1.286535714030434097e+00
1.356960673522820571e+00
1.427447594699495781e+00
1.498134256245613916e+00
1.569240287318823590e+00
1.645322474408545066e+00
1.721045339800382656e+00
1.796586481205294294e+00
1.872120636210148348e+00
1.947822319093014176e+00
2.015270204963588885e+00
2.078645880913963406e+00
2.141521891161096480e+00
2.203992715532372859e+00
2.266148818136990872e+00
2.328077591179580796e+00
2.385551110611903169e+00
2.441669428236814987e+00
2.496670688455176368e+00
2.550638865959516721e+00
2.603649868931800615e+00
2.655772559432834523e+00
2.698279288433423684e+00
2.737838368602848238e+00
2.780970339200368624e+00
2.828200457943530921e+00
2.880172284278358141e+00
2.937685637593776100e+00
3.001751063587887458e+00
3.043652974655076449e+00
3.043652974655075560e+00
