1.005080001382313432e-01
1.005080001382313432e-01
1.013493152982971879e-01
1.061868657334703037e-01
1.112626521950212249e-01
1.165921244563468406e-01
1.221920662759449772e-01
1.280807428435308815e-01
1.342780682329888509e-01
1.406402927382158496e-01
1.469829122871098848e-01
1.542105554127419231e-01
1.625181509006607961e-01
1.721623911541146634e-01
1.834883004656527872e-01
1.969708085432750333e-01
2.069020002377790213e-01
2.180864553617606894e-01
2.308581902965247679e-01
2.455734986607601422e-01
2.627038999030349986e-01
2.809731775315602587e-01
2.972858784712382740e-01
3.158061908368236526e-01
3.370041540549520986e-01
3.614933839665241955e-01
3.900375835286727932e-01
4.134899872124844222e-01
4.399434848802951104e-01
4.699984832959313574e-01
5.044268944406878896e-01
5.442380850166383954e-01
5.764412625888815089e-01
6.123254092785267444e-01
6.525653773456461249e-01
6.979827335993225024e-01
7.486059222058247808e-01
8.015902069878673153e-01
8.613790946841397567e-01
9.293388879440702688e-01
1.007227625788215120e+00
1.086973452840697796e+00
1.167555350945479686e+00
1.257213668578417654e+00
1.357522255735475358e+00
1.470435278488468889e+00
1.572151901623411119e+00
1.683179327530837988e+00
1.804795118177368041e+00
1.938521031809315343e+00
2.087566140567631123e+00
2.253313749950498046e+00
2.436405990177251013e+00
2.639609073922848825e+00
2.866309223782229409e+00
3.079691674027239756e+00
3.311397017959527123e+00
3.564088356865409146e+00
3.840604950570681630e+00
4.141095862403891381e+00
4.464435262449851116e+00
4.816396459106682570e+00
5.200748075293211592e+00
5.621947990311375598e+00
6.033308621742518696e+00
6.462439959392785482e+00
6.922797589929061246e+00
7.417647735567699740e+00
7.950889320058420751e+00
8.531659619763470204e+00
9.154164064325788885e+00
9.822697566736401598e+00
1.054215991336928226e+01
1.131906507208702095e+01
1.221385136688151896e+01
1.317463685738534629e+01
1.420841894604719968e+01
1.532321237602195652e+01
1.652824127677954635e+01
1.768149117630337486e+01
1.883833844190855800e+01
2.006084855329234884e+01
2.135403909956499646e+01
2.272344042117465079e+01
2.417516296617265326e+01
2.560529847763105238e+01
2.708330860451303934e+01
2.861465158114491913e+01
3.020136304189447074e+01
3.184556290830397174e+01
3.354945942177765517e+01
3.500628019982752193e+01
3.641885226158892408e+01
3.802403768670899353e+01
3.986300294226527541e+01
4.198953730729139266e+01
4.447529332614529096e+01
4.741787440777826390e+01
4.944698897370653157e+01
4.944698897370652446e+01
