-1.083215259811873032e+01
-1.066875286376952658e+01
-1.049150097061245646e+01
-1.012733503703263338e+01
-9.809479365762854286e+00
-9.582945305048914619e+00
-9.294465419532620842e+00
-8.980628192888653771e+00
-8.817319130775288727e+00
-8.633103058801200547e+00
-8.378332285249836531e+00
-8.057870715275283757e+00
-7.767938516982299646e+00
-7.558099141510004060e+00
-7.308435410309527924e+00
-7.058364378093019198e+00
-6.857107649308637143e+00
-6.658589735295960210e+00
-6.457127167132217238e+00
-6.254762269914374784e+00
-6.063551405730546406e+00
-5.828574261306288307e+00
-5.624299701574996035e+00
-5.442432907942137632e+00
-5.258058273899973933e+00
-5.086171398834826718e+00
-4.925787091036893273e+00
-4.787430612402570951e+00
-4.620598822849848020e+00
-4.463508642362405077e+00
-4.304018704985240973e+00
-4.153307894837142911e+00
-4.010529059969989873e+00
-3.854409598217254374e+00
-3.723988163909724758e+00
-3.588645323313245594e+00
-3.465138067299287084e+00
-3.360094465264669594e+00
-3.237242153524471977e+00
-3.127392725539028362e+00
-3.035505137239514983e+00
-2.941371501297208813e+00
-2.837396735009532378e+00
-2.752043218597838070e+00
-2.680741070527926873e+00
-2.614588188257491730e+00
-2.514436266461759661e+00
-2.440872602753727527e+00
-2.384716075891671228e+00
-2.340656985341672769e+00
-2.305397736593217228e+00
-2.277355612306440680e+00
-2.264617431297464289e+00
-2.251900012426296893e+00
-2.239431372617206151e+00
-2.227486091307155469e+00
-2.216381817495199691e+00
-2.206469916209595095e+00
-2.198119117922446630e+00
-2.191691974560432854e+00
-2.187515425020745141e+00
-2.185848602122638873e+00
-2.186852658169712527e+00
-2.190568162638863559e+00
-2.196904965756697248e+00
-2.205647226875815381e+00
-2.216473127516973562e+00
-2.228985658039419171e+00
-2.242748826486832048e+00
-2.257323249374473040e+00
-2.272296222163633139e+00
-2.298873391743225802e+00
-2.340119602644167962e+00
-2.394290065066556394e+00
-2.467404057829291286e+00
-2.570180521297519061e+00
-2.667438244878300946e+00
-2.750334381997517230e+00
-2.851390597479321887e+00
-2.976683039016913668e+00
-3.072273022010115096e+00
-3.181579113682191373e+00
-3.311598387013516831e+00
-3.422081757005582148e+00
-3.536434909675167049e+00
-3.665951200729476778e+00
-3.780059741662270767e+00
-3.899701842246964478e+00
-4.032054505327643312e+00
-4.138209744158057646e+00
-4.242046067116246988e+00
-4.351562554181417575e+00
-4.450360470832697146e+00
-4.537018314067804425e+00
-4.625189307050141529e+00
-4.714605845222747504e+00
-4.784496808571024218e+00
-4.838895663804670733e+00
-4.892216732605900731e+00
-4.944189485049685473e+00
