3.005287432657504504e-02
3.304566561835042132e-02
3.642341451938451574e-02
4.293908199816889870e-02
4.997124471683624808e-02
6.032536746855343690e-02
7.246193061510178279e-02
8.666485294798115246e-02
1.034326230926028295e-01
1.223104739952123043e-01
1.465965641696212185e-01
1.720193354074920356e-01
2.056259877257233804e-01
2.399997051092214728e-01
2.838960512090912269e-01
3.260930521886129529e-01
3.872153581750423790e-01
4.461745109651616414e-01
5.237062155448033440e-01
6.026127753927414954e-01
6.965547570531753774e-01
8.044332724773932686e-01
9.024632365485227847e-01
1.049457483461980756e+00
1.180043796423080327e+00
1.311224402710571502e+00
1.488132722121367379e+00
1.636910765053221972e+00
1.762983097190630621e+00
1.996591691775883470e+00
2.200562534747253274e+00
2.362096587380288160e+00
2.492034593166834622e+00
2.627801187510017566e+00
2.786142853953550880e+00
2.916016944038316350e+00
3.022682088980402693e+00
3.110040727191223819e+00
3.181025289935164313e+00
3.237855214648056368e+00
3.282211615434252217e+00
3.315357762229312666e+00
3.338222754606613218e+00
3.351459341609917875e+00
3.355482849835647041e+00
3.350495604264715599e+00
3.336499468001580482e+00
3.313297830021647350e+00
3.280487298524680906e+00
3.237438332928644247e+00
3.183262903613782502e+00
3.116765810880700371e+00
3.036374251035290239e+00
2.940037160741284072e+00
2.825081081994980536e+00
2.688001501149438699e+00
2.541210248034698971e+00
2.434239950650300521e+00
2.305398721772087267e+00
2.148655181132386627e+00
1.955407818755916738e+00
1.755038542903782472e+00
1.642675097750439628e+00
1.512938229440021543e+00
1.362209438365415304e+00
1.226358018946076767e+00
1.117193553153646990e+00
9.952657158243217728e-01
8.772261755835487618e-01
7.883193944175829193e-01
6.910388483707836649e-01
6.066026019262340530e-01
5.356208612536457192e-01
4.593034965383845369e-01
4.056201497590335991e-01
3.480151672142966501e-01
3.015751756849818221e-01
2.596902187589660294e-01
2.210202879580163149e-01
1.869027891250800433e-01
1.565328145089954770e-01
1.307791457317206973e-01
1.078355372288348213e-01
8.890061278962674285e-02
7.216383903189486915e-02
5.770882879385472175e-02
4.663163694333205544e-02
3.795681977082506625e-02
3.274336235696478220e-02
2.839830564768710056e-02
2.442327418713597514e-02
2.096995759525006886e-02
1.708831532403709205e-02
1.329185077723969363e-02
1.030704441547983935e-02
8.225553170412519197e-03
6.457697152613251987e-03
5.870185149023617217e-03
5.151546022281803042e-03
4.289932586773636397e-03
