9.949456745977169447e+00
9.949456745977169447e+00
9.866864882675773885e+00
9.417360547301672824e+00
8.987741890667866329e+00
8.576908643382786579e+00
8.183837383858566739e+00
7.807574954664702638e+00
7.447232546307410495e+00
7.110337873523738139e+00
6.803511948699491718e+00
6.484640414681851261e+00
6.153158859229518995e+00
5.808469511235064608e+00
5.449938756107190585e+00
5.076894426111361547e+00
4.833206053352628651e+00
4.585337490772666058e+00
4.331663514799090287e+00
4.072100635669239743e+00
3.806567014684993033e+00
3.559058586251266032e+00
3.363765561762963596e+00
3.166499039648967173e+00
2.967322473529332871e+00
2.766302356705387933e+00
2.563855490419649552e+00
2.418438247420294562e+00
2.273019227167534684e+00
2.127666440511378099e+00
1.982447825484815240e+00
1.837431130843092841e+00
1.734782127686097741e+00
1.633118575265807948e+00
1.532413509382873684e+00
1.432700197099791684e+00
1.335816309138223357e+00
1.247520230764417093e+00
1.160929033652357223e+00
1.076033740729660737e+00
9.928242379347385071e-01
9.199856697388507643e-01
8.564904432070018503e-01
7.954097421886461294e-01
7.366361735691936419e-01
6.800707345840808493e-01
6.360708522932142506e-01
5.941137605741417804e-01
5.540795129199397318e-01
5.158571836936185484e-01
4.790267386345377076e-01
4.437908391683003662e-01
4.104406260827038744e-01
3.788439772688965701e-01
3.488807110212813756e-01
3.247078298238617600e-01
3.019873469041768344e-01
2.805766580039261715e-01
2.603756472925989884e-01
2.414819731846306050e-01
2.239924965226741949e-01
2.076241041389428332e-01
1.922800307806916964e-01
1.778742887204504963e-01
1.657465352255070301e-01
1.547403157760187387e-01
1.444502727415793719e-01
1.348136276686464075e-01
1.257720941325661534e-01
1.172104894671975595e-01
1.092399036081350278e-01
1.018050279168120492e-01
9.485722169057837772e-02
8.834651922498580612e-02
8.187425652743333948e-02
7.590342039973767274e-02
7.038080759000993336e-02
6.526046728718709611e-02
6.050250497038052455e-02
5.655631586888978241e-02
5.308323783881908203e-02
4.984834003125378915e-02
4.682954804650399372e-02
4.400742059587776922e-02
4.136476769150486399e-02
3.905441683773405032e-02
3.692311063624493378e-02
3.494713179240435674e-02
3.311108835097378161e-02
3.140154887132628331e-02
2.980673957896560686e-02
2.856630279743148024e-02
2.745830628645879942e-02
2.629915339973329033e-02
2.508591742193454557e-02
2.381545651912562317e-02
2.248439358604826729e-02
2.108909377506736418e-02
2.022367834231019942e-02
2.022367834231019942e-02
