3.134865480819735595e+00
3.134865480819736483e+00
3.126529691454532411e+00
3.079902382182779341e+00
3.033209166340620655e+00
2.986421080136962392e+00
2.939508687978443113e+00
2.892441940004349732e+00
2.845190022619015657e+00
2.798897293109518181e+00
2.754786471439003126e+00
2.706783896988209648e+00
2.654313115133901224e+00
2.596664642500529752e+00
2.532951900734523143e+00
2.462047270741298810e+00
2.412857556156603245e+00
2.360211240117563669e+00
2.303299181325199285e+00
2.241506522541024893e+00
2.174075266472234702e+00
2.106843597362755283e+00
2.050408578896088407e+00
1.989974103223627777e+00
1.925007551667224925e+00
1.854859068698871960e+00
1.778859706013342423e+00
1.720469509067532599e+00
1.658456533307307357e+00
1.592373340847208940e+00
1.521679886178556540e+00
1.445716001123221517e+00
1.388229360226987286e+00
1.327838952806520201e+00
1.264191479172783961e+00
1.196908443023485979e+00
1.126890102035425834e+00
1.058505295091702436e+00
9.865681051898014253e-01
9.106293483374368058e-01
8.301458978577613834e-01
7.539503441028569952e-01
6.824354102935212829e-01
6.084496314132241679e-01
5.316863621938727746e-01
4.517890647593731934e-01
3.849022106639212737e-01
3.166630676957562507e-01
2.469004521266815466e-01
1.754222019364131135e-01
1.013486681888395857e-01
2.494561903540981618e-02
-5.317646906127970752e-02
-1.332832986000234143e-01
-2.156776879046566897e-01
-2.874819566052115860e-01
-3.600226306192526593e-01
-4.335607712558333660e-01
-5.082823638687155032e-01
-5.836129243397825128e-01
-6.587951958207538539e-01
-7.346784963273571556e-01
-8.114549463397056073e-01
-8.893306918067240829e-01
-9.599480242174638356e-01
-1.028659419641149153e+00
-1.097472434399325625e+00
-1.166514460614960669e+00
-1.235936257034166541e+00
-1.306436375736768518e+00
-1.376861335229154548e+00
-1.447348256405830202e+00
-1.518034917951952334e+00
-1.589140949025158012e+00
-1.665223136114881264e+00
-1.740946001506720187e+00
-1.816487142911631381e+00
-1.892021297916482769e+00
-1.967722980799347265e+00
-2.035170866669923306e+00
-2.098546542620299160e+00
-2.161422552867429570e+00
-2.223893377238705504e+00
-2.286049479843323518e+00
-2.347978252885913442e+00
-2.405451772318239811e+00
-2.461570089943151185e+00
-2.516571350161509013e+00
-2.570539527665850699e+00
-2.623550530638134148e+00
-2.675673221139169833e+00
-2.718179950139756773e+00
-2.757739030309182215e+00
-2.800871000906704822e+00
-2.848101119649866675e+00
-2.900072945984693007e+00
-2.957586299300115407e+00
-3.021651725294220991e+00
-3.063553636361411758e+00
-3.063553636361412202e+00
