9.984949926667097131e-03
9.979714696906283322e-03
9.972800555403837919e-03
9.963719694663586424e-03
9.951859497506765351e-03
9.936455904765661984e-03
9.916562663524253196e-03
9.891016267467245271e-03
9.858396538243496821e-03
9.816982985444644427e-03
9.764707329898536514e-03
9.699102886182808803e-03
9.617251879057597819e-03
9.515732214997241201e-03
9.390565739680445390e-03
9.237170574636799358e-03
9.050320723257287980e-03
8.824116741218634985e-03
8.551971842181371741e-03
8.226618308898370202e-03
7.840139444437843608e-03
7.384032460412193188e-03
6.849307584396280291e-03
6.226628199900607896e-03
5.506495936163258165e-03
4.679483240649595643e-03
3.736514056443818177e-03
2.669190785976827129e-03
1.470162794432017250e-03
1.335283898196149011e-04
-1.344741325500886653e-03
-2.966371879020490709e-03
-4.730366534436369896e-03
-6.632620141830525284e-03
-8.665588511449606735e-03
-1.081803656284663351e-02
-1.307488748278362589e-02
-1.541719247734563147e-02
-1.782223642526459262e-02
-2.026378898685776697e-02
-2.271250381020961662e-02
-2.513646085273946174e-02
-2.750183904484038155e-02
-2.977369914113536797e-02
-3.191685018382739436e-02
-3.389676800232632736e-02
-3.568053091879375138e-02
-3.723773648371897504e-02
-3.854136362861348974e-02
-3.956854695028455549e-02
-4.030123368165916542e-02
-4.072669894380487321e-02
-4.083790077918281192e-02
-4.063366291865944113e-02
-4.011867995135487419e-02
-3.930334630515042171e-02
-3.820341699891349752e-02
-3.683951430688026107e-02
-3.523650009582379727e-02
-3.342273846280641170e-02
-3.142927721103117022e-02
-2.928897944838848577e-02
-2.703563799236796683e-02
-2.470310517870322187e-02
-2.232446903969242946e-02
-1.993130368373108308e-02
-1.755301722764690542e-02
-1.521631507809206862e-02
-1.294479009172289086e-02
-1.075864459083164526e-02
-8.674542814030794524e-03
-6.705586555089015910e-03
-4.861401832902956244e-03
-3.148320687960226572e-03
-1.569639745551798526e-03
-1.259360360639227849e-04
1.184579374285066322e-03
2.365688287266687340e-03
3.422789243887836008e-03
4.362532325531853772e-03
5.192476068520024413e-03
5.920774814049956092e-03
6.555902058926532661e-03
7.106412862979638589e-03
7.580746201429455766e-03
7.987066375832352350e-03
8.333141229447171838e-03
8.626253936566241620e-03
8.873144514417674600e-03
9.079976891684049534e-03
9.252327304403173969e-03
9.395189922034363761e-03
9.512995880923025283e-03
9.609642271995566531e-03
9.688528053857448086e-03
9.752594308809925394e-03
9.804366702061084737e-03
9.845998424924617964e-03
9.879312288296526745e-03
9.905840975407809168e-03
