1.724674588083668025e+00
1.724674588083668025e+00
1.724674588083668025e+00
1.724674588083668025e+00
1.724674588083668025e+00
1.724674588083668025e+00
1.724674588083668025e+00
1.724674588083668025e+00
1.624266527779084646e-01
2.000940047904228303e-01
2.000940047904228303e-01
1.869067094254170669e-01
1.724674588083668025e+00
2.702545284684512161e-01
3.024717434792456583e-01
4.034361546279871535e-01
4.328330574578053702e-01
5.207849188626600956e-01
5.333737202173514103e-01
6.545662954466929806e-01
6.775814473005673522e-01
7.433528132591522564e-01
9.506095798967455490e-01
1.132765946676550728e+00
1.119797439114482929e+00
1.005498279694630792e+00
1.286514271901815221e+00
1.175424065033378263e+00
1.372183548426049171e+00
1.289683090736436943e+00
1.489790521801110268e+00
1.477353680546465542e+00
1.555521897626156891e+00
1.519861834224403907e+00
1.523688846517144091e+00
1.495292205526538742e+00
1.529923796761055055e+00
1.621659043646766607e+00
1.617720723651042913e+00
1.653680957335443402e+00
1.439486268994090157e+00
1.478986331012646094e+00
1.494517386433138695e+00
1.481193449090285386e+00
1.563969422418884925e+00
1.561407170510844544e+00
1.465923743248051636e+00
1.463214756587956300e+00
1.421394308832486741e+00
1.391559019869946123e+00
1.231504603950291044e+00
1.440964013946954392e+00
1.390585818588675693e+00
1.309738734042695363e+00
1.254074608278515468e+00
1.246038439547885179e+00
1.103617620876098382e+00
1.260056508953124155e+00
9.888376344854805655e-01
8.935203313312396478e-01
1.189582139453328802e+00
1.045045549396604656e+00
2.126890247671957557e+00
2.189796615054127038e+00
2.156480601082368054e+00
2.185703720431755315e+00
2.174628277680502819e+00
2.173391730505666253e+00
2.193248496550306292e+00
2.168731989638243096e+00
2.165912806585023276e+00
2.208326832248703298e+00
2.218931716114367347e+00
2.243672142414740556e+00
2.247676970980828415e+00
2.209739865150526228e+00
2.215652021362994883e+00
2.211440599142633801e+00
2.223369020579555766e+00
2.219294149894540880e+00
2.220281047107060424e+00
2.225375425842114119e+00
2.009798790331382534e+00
2.014175085747342830e+00
2.013053630536341565e+00
2.013638067502248497e+00
2.014370543800062752e+00
2.015995548493681788e+00
2.016271886809232861e+00
2.016975970737174606e+00
2.016975970737174606e+00
2.016975970737174606e+00
2.017698795862178596e+00
2.017698795862178596e+00
2.017698795862178596e+00
2.017698795862178596e+00
2.018234670418915577e+00
2.018234670418915577e+00
2.018234670418915577e+00
2.018234670418915577e+00
