1.042622363987524281e-01
1.149004988570935248e-01
1.183962494273118615e-01
8.569818189060429692e-02
6.937516012001787580e-02
1.152816903449471742e-01
1.524535855547971552e-01
6.379262237227678600e-02
8.066445975644542798e-02
9.354257732408233217e-02
7.427829989281209411e-02
1.220080883244171188e-01
8.035388061067105792e-02
8.151817696784235956e-02
6.693011340446719526e-02
1.415203395311100953e-01
1.374281299487979391e-01
1.068218159637944753e-01
1.343418437822332390e-01
1.118978911287284994e-01
1.846144054611116303e-01
4.827453508036216867e-02
9.381564142269271933e-02
3.113676212955818201e-02
1.011394729568582118e-01
9.218797033836279020e-02
1.359928017037197456e-01
1.875105378203418827e-01
1.871731180760451974e-01
6.056501001709069243e-02
1.083460081108751361e-01
1.009904751876165019e-01
1.291285694560093678e-01
1.903248061499107635e-01
1.662896274022849230e-01
6.592683887455419445e-02
3.378510868648021415e-02
3.022031260193380753e-02
4.645403053506580449e-02
8.669853219515966103e-02
9.746034255270497049e-02
-6.647012292089415908e-03
4.224648878594772228e-02
3.666902949759509589e-02
4.876429505493451444e-02
7.405962817704558887e-03
1.805889315108055726e-02
6.688358566850749476e-02
9.452728342624960867e-02
9.181973798276166221e-02
9.898398506190098090e-02
4.125560345938938944e-02
1.577593834314727772e-02
3.367844612642389990e-02
1.064646281712677833e-02
8.921359935734285429e-03
1.872252953477682169e-02
4.932571643651983972e-02
-7.363019175071983113e-03
-1.894683446188816234e-03
7.014249759290658304e-03
-1.941157942027427197e-02
1.211513400628705384e-02
1.361719517077375485e-02
-2.638493453733237182e-03
-7.104704542837791958e-02
-2.722405580725673069e-03
-8.869955226886161448e-03
-3.729612505814350332e-02
-9.991546600780165654e-03
5.568959073039836394e-02
4.545678992086188419e-02
-1.619176486496853862e-02
-1.350523296110517357e-03
3.348966231528460735e-02
9.889006447264869770e-03
-3.185294096973301237e-02
-4.208328630823587879e-02
1.389484319195799511e-02
6.238911033440874832e-02
5.082379576664186605e-02
6.635330666740613115e-02
4.946259564891886118e-02
-6.092804781034910633e-04
3.063957716136644915e-02
3.885224536908760129e-02
2.031474122483034606e-02
6.421401347043265151e-02
8.912002233070259738e-02
1.293780907080354092e-01
8.184974425673319232e-02
3.289382025530995790e-02
2.833752171239267703e-01
2.033781743859008895e-01
-1.132857968460405651e-01
-1.220712125655467606e-01
1.743992807317072957e-01
1.980143528550107890e-01
8.523918293972210236e-02
-6.069784959871649122e-02
