0.000000000000000000e+00 0.000000000000000000e+00
1.333333333333333289e-03 1.000000000000000021e-03
3.000000000000000062e-03 2.333333333333333526e-03
3.333333333333333547e-03 3.000000000000000062e-03
6.333333333333333176e-03 5.000000000000000104e-03
9.666666666666667157e-03 6.666666666666667095e-03
1.366666666666666724e-02 1.033333333333333326e-02
1.600000000000000033e-02 1.133333333333333415e-02
1.866666666666666821e-02 1.299999999999999940e-02
1.866666666666666821e-02 1.433333333333333334e-02
1.933333333333333431e-02 1.433333333333333334e-02
2.066666666666666652e-02 1.533333333333333250e-02
2.299999999999999961e-02 1.700000000000000122e-02
2.466666666666666660e-02 1.933333333333333431e-02
3.066666666666666499e-02 2.599999999999999881e-02
3.266666666666666330e-02 2.599999999999999881e-02
3.799999999999999906e-02 3.066666666666666499e-02
4.833333333333333232e-02 4.233333333333333393e-02
5.299999999999999850e-02 5.099999999999999672e-02
5.966666666666666646e-02 5.833333333333333426e-02
6.833333333333332926e-02 6.666666666666666574e-02
7.566666666666665986e-02 8.266666666666666607e-02
7.766666666666666163e-02 8.533333333333333048e-02
1.179999999999999938e-01 1.383333333333333359e-01
1.556666666666666754e-01 1.996666666666666590e-01
1.793333333333333446e-01 2.273333333333333317e-01
1.833333333333333204e-01 2.320000000000000118e-01
1.839999999999999969e-01 2.333333333333333370e-01
1.859999999999999987e-01 2.349999999999999867e-01
1.926666666666666805e-01 2.463333333333333208e-01
1.936666666666666536e-01 2.463333333333333208e-01
1.953333333333333310e-01 2.483333333333333226e-01
1.973333333333333328e-01 2.523333333333333539e-01
1.980000000000000093e-01 2.540000000000000036e-01
2.006666666666666599e-01 2.570000000000000062e-01
2.046666666666666634e-01 2.646666666666666612e-01
2.073333333333333417e-01 2.663333333333333108e-01
2.123333333333333461e-01 2.710000000000000187e-01
2.146666666666666723e-01 2.746666666666666701e-01
2.176666666666666750e-01 2.786666666666666736e-01
2.186666666666666758e-01 2.800000000000000266e-01
2.220000000000000029e-01 2.826666666666666772e-01
2.246666666666666534e-01 2.869999999999999774e-01
2.296666666666666579e-01 2.896666666666666834e-01
2.300000000000000100e-01 2.899999999999999800e-01
2.303333333333333344e-01 2.899999999999999800e-01
2.306666666666666587e-01 2.913333333333333330e-01
2.359999999999999876e-01 2.983333333333333393e-01
2.369999999999999885e-01 3.003333333333333410e-01
2.376666666666666650e-01 3.013333333333333419e-01
2.396666666666666667e-01 3.089999999999999969e-01
2.433333333333333459e-01 3.133333333333333526e-01
2.436666666666666703e-01 3.143333333333333535e-01
2.459999999999999964e-01 3.183333333333333570e-01
2.473333333333333217e-01 3.200000000000000067e-01
2.513333333333333530e-01 3.263333333333333086e-01
2.533333333333333548e-01 3.270000000000000129e-01
2.576666666666666550e-01 3.296666666666666634e-01
2.583333333333333592e-01 3.303333333333333122e-01
2.590000000000000080e-01 3.303333333333333122e-01
2.623333333333333073e-01 3.333333333333333148e-01
2.640000000000000124e-01 3.350000000000000200e-01
2.660000000000000142e-01 3.353333333333333166e-01
2.663333333333333108e-01 3.360000000000000209e-01
2.690000000000000169e-01 3.380000000000000226e-01
2.730000000000000204e-01 3.410000000000000253e-01
2.773333333333333206e-01 3.459999999999999742e-01
2.786666666666666736e-01 3.476666666666666794e-01
2.806666666666666754e-01 3.519999999999999796e-01
2.813333333333333242e-01 3.519999999999999796e-01
2.826666666666666772e-01 3.529999999999999805e-01
2.829999999999999738e-01 3.533333333333333326e-01
2.833333333333333259e-01 3.536666666666666847e-01
2.843333333333333268e-01 3.556666666666666865e-01
2.853333333333333277e-01 3.559999999999999831e-01
2.899999999999999800e-01 3.603333333333333388e-01
2.903333333333333321e-01 3.629999999999999893e-01
2.933333333333333348e-01 3.649999999999999911e-01
2.966666666666666896e-01 3.686666666666666425e-01
2.983333333333333393e-01 3.713333333333333486e-01
3.019999999999999907e-01 3.756666666666666488e-01
3.039999999999999925e-01 3.763333333333333530e-01
3.049999999999999933e-01 3.776666666666666505e-01
3.056666666666666421e-01 3.786666666666666514e-01
3.066666666666666430e-01 3.796666666666666523e-01
3.073333333333333472e-01 3.796666666666666523e-01
3.096666666666666456e-01 3.826666666666666550e-01
3.126666666666666483e-01 3.846666666666666567e-01
3.140000000000000013e-01 3.880000000000000115e-01
3.153333333333333544e-01 3.883333333333333082e-01
3.166666666666666519e-01 3.903333333333333099e-01
3.176666666666666528e-01 3.923333333333333117e-01
3.176666666666666528e-01 3.926666666666666639e-01
3.193333333333333579e-01 3.953333333333333144e-01
3.196666666666666545e-01 3.953333333333333144e-01
3.200000000000000067e-01 3.963333333333333153e-01
3.236666666666666581e-01 3.973333333333333162e-01
3.246666666666666590e-01 3.976666666666666683e-01
3.270000000000000129e-01 4.003333333333333188e-01
3.280000000000000138e-01 4.006666666666666710e-01
3.283333333333333104e-01 4.006666666666666710e-01
3.306666666666666643e-01 4.033333333333333215e-01
3.330000000000000182e-01 4.036666666666666736e-01
3.336666666666666670e-01 4.060000000000000275e-01
3.343333333333333157e-01 4.069999999999999729e-01
3.350000000000000200e-01 4.073333333333333250e-01
3.353333333333333166e-01 4.079999999999999738e-01
3.373333333333333184e-01 4.103333333333333277e-01
3.400000000000000244e-01 4.119999999999999774e-01
3.420000000000000262e-01 4.136666666666666825e-01
3.426666666666666750e-01 4.136666666666666825e-01
3.439999999999999725e-01 4.163333333333333330e-01
3.456666666666666776e-01 4.199999999999999845e-01
3.466666666666666785e-01 4.216666666666666896e-01
3.469999999999999751e-01 4.223333333333333384e-01
3.476666666666666794e-01 4.233333333333333393e-01
3.486666666666666803e-01 4.246666666666666923e-01
3.486666666666666803e-01 4.249999999999999889e-01
3.499999999999999778e-01 4.273333333333333428e-01
3.503333333333333299e-01 4.276666666666666394e-01
3.516666666666666829e-01 4.289999999999999925e-01
3.516666666666666829e-01 4.296666666666666412e-01
3.549999999999999822e-01 4.319999999999999951e-01
3.569999999999999840e-01 4.339999999999999969e-01
3.599999999999999867e-01 4.373333333333333517e-01
3.603333333333333388e-01 4.376666666666666483e-01
3.606666666666666909e-01 4.403333333333333544e-01
3.609999999999999876e-01 4.416666666666666519e-01
3.626666666666666927e-01 4.430000000000000049e-01
3.636666666666666936e-01 4.436666666666666536e-01
3.643333333333333424e-01 4.453333333333333588e-01
3.673333333333333450e-01 4.486666666666666581e-01
3.696666666666666434e-01 4.496666666666666590e-01
3.703333333333333477e-01 4.496666666666666590e-01
3.706666666666666443e-01 4.496666666666666590e-01
3.713333333333333486e-01 4.506666666666666599e-01
3.719999999999999973e-01 4.513333333333333086e-01
3.723333333333333495e-01 4.516666666666666607e-01
3.733333333333333504e-01 4.523333333333333095e-01
3.783333333333333548e-01 4.563333333333333131e-01
3.790000000000000036e-01 4.566666666666666652e-01
3.796666666666666523e-01 4.573333333333333139e-01
3.796666666666666523e-01 4.586666666666666670e-01
3.816666666666666541e-01 4.616666666666666696e-01
3.830000000000000071e-01 4.623333333333333184e-01
3.843333333333333601e-01 4.633333333333333193e-01
3.846666666666666567e-01 4.633333333333333193e-01
3.870000000000000107e-01 4.646666666666666723e-01
3.870000000000000107e-01 4.653333333333333210e-01
3.893333333333333091e-01 4.673333333333333228e-01
3.910000000000000142e-01 4.686666666666666758e-01
3.930000000000000160e-01 4.689999999999999725e-01
3.936666666666666647e-01 4.699999999999999734e-01
3.943333333333333135e-01 4.706666666666666776e-01
3.990000000000000213e-01 4.723333333333333273e-01
4.003333333333333188e-01 4.733333333333333282e-01
4.013333333333333197e-01 4.756666666666666821e-01
4.056666666666666754e-01 4.769999999999999796e-01
4.099999999999999756e-01 4.819999999999999840e-01
4.106666666666666798e-01 4.829999999999999849e-01
4.123333333333333295e-01 4.863333333333333397e-01
4.123333333333333295e-01 4.866666666666666918e-01
4.133333333333333304e-01 4.873333333333333406e-01
4.136666666666666825e-01 4.876666666666666927e-01
4.136666666666666825e-01 4.899999999999999911e-01
4.166666666666666852e-01 4.939999999999999947e-01
4.199999999999999845e-01 4.953333333333333477e-01
4.203333333333333366e-01 4.956666666666666443e-01
4.223333333333333384e-01 4.976666666666666461e-01
4.233333333333333393e-01 4.979999999999999982e-01
4.243333333333333401e-01 4.996666666666666479e-01
4.256666666666666932e-01 5.003333333333332966e-01
4.269999999999999907e-01 5.013333333333332975e-01
4.283333333333333437e-01 5.020000000000000018e-01
4.319999999999999951e-01 5.050000000000000044e-01
4.346666666666666456e-01 5.060000000000000053e-01
4.353333333333333499e-01 5.070000000000000062e-01
4.359999999999999987e-01 5.090000000000000080e-01
4.413333333333333552e-01 5.136666666666667158e-01
4.443333333333333579e-01 5.176666666666667194e-01
4.453333333333333588e-01 5.180000000000000160e-01
4.486666666666666581e-01 5.236666666666666137e-01
4.530000000000000138e-01 5.256666666666666154e-01
4.556666666666666643e-01 5.263333333333333197e-01
4.600000000000000200e-01 5.323333333333333250e-01
4.620000000000000218e-01 5.350000000000000311e-01
4.650000000000000244e-01 5.390000000000000346e-01
4.660000000000000253e-01 5.406666666666666288e-01
4.676666666666666750e-01 5.413333333333333330e-01
4.696666666666666767e-01 5.443333333333333357e-01
4.699999999999999734e-01 5.450000000000000400e-01
4.716666666666666785e-01 5.473333333333333384e-01
4.723333333333333273e-01 5.486666666666666359e-01
4.786666666666666847e-01 5.560000000000000497e-01
4.836666666666666892e-01 5.610000000000000542e-01
4.839999999999999858e-01 5.616666666666666474e-01
4.893333333333333424e-01 5.663333333333333552e-01
4.929999999999999938e-01 5.699999999999999512e-01
4.956666666666666443e-01 5.716666666666666563e-01
4.969999999999999973e-01 5.719999999999999529e-01
5.003333333333332966e-01 5.733333333333333615e-01
5.003333333333332966e-01 5.736666666666666581e-01
5.006666666666667043e-01 5.749999999999999556e-01
5.026666666666667060e-01 5.766666666666666607e-01
5.040000000000000036e-01 5.779999999999999583e-01
5.060000000000000053e-01 5.796666666666666634e-01
5.080000000000000071e-01 5.816666666666666652e-01
5.133333333333333082e-01 5.839999999999999636e-01
5.193333333333333135e-01 5.869999999999999662e-01
5.200000000000000178e-01 5.873333333333333739e-01
5.206666666666667220e-01 5.873333333333333739e-01
5.213333333333333153e-01 5.883333333333333748e-01
5.246666666666666146e-01 5.909999999999999698e-01
5.253333333333333188e-01 5.916666666666666741e-01
5.263333333333333197e-01 5.919999999999999707e-01
5.310000000000000275e-01 5.946666666666666767e-01
5.360000000000000320e-01 6.013333333333333863e-01
5.360000000000000320e-01 6.016666666666666829e-01
5.360000000000000320e-01 6.026666666666666838e-01
5.396666666666666279e-01 6.059999999999999831e-01
5.420000000000000373e-01 6.069999999999999840e-01
5.466666666666666341e-01 6.113333333333332842e-01
5.523333333333333428e-01 6.143333333333332869e-01
5.586666666666666448e-01 6.179999999999999938e-01
5.596666666666666456e-01 6.179999999999999938e-01
5.653333333333333544e-01 6.193333333333332913e-01
5.669999999999999485e-01 6.206666666666666998e-01
5.716666666666666563e-01 6.253333333333332966e-01
5.723333333333333606e-01 6.253333333333332966e-01
5.729999999999999538e-01 6.260000000000000009e-01
5.729999999999999538e-01 6.263333333333332975e-01
5.759999999999999565e-01 6.313333333333333020e-01
5.813333333333333686e-01 6.353333333333333055e-01
5.863333333333333730e-01 6.386666666666667158e-01
5.899999999999999689e-01 6.400000000000000133e-01
5.929999999999999716e-01 6.430000000000000160e-01
5.933333333333333792e-01 6.433333333333333126e-01
5.939999999999999725e-01 6.450000000000000178e-01
5.966666666666666785e-01 6.466666666666666119e-01
5.976666666666666794e-01 6.486666666666666137e-01
5.983333333333333837e-01 6.496666666666666146e-01
5.989999999999999769e-01 6.520000000000000240e-01
6.029999999999999805e-01 6.543333333333333224e-01
6.079999999999999849e-01 6.586666666666666226e-01
6.103333333333332833e-01 6.610000000000000320e-01
6.103333333333332833e-01 6.616666666666666252e-01
6.119999999999999885e-01 6.630000000000000338e-01
6.176666666666666972e-01 6.666666666666666297e-01
6.229999999999999982e-01 6.730000000000000426e-01
6.290000000000000036e-01 6.776666666666666394e-01
6.316666666666667096e-01 6.790000000000000480e-01
6.333333333333333037e-01 6.806666666666666421e-01
6.356666666666667131e-01 6.826666666666666439e-01
6.426666666666667194e-01 6.883333333333333526e-01
6.493333333333333179e-01 6.959999999999999520e-01
6.563333333333333242e-01 7.003333333333333632e-01
6.593333333333333268e-01 7.023333333333333650e-01
6.663333333333333330e-01 7.053333333333333677e-01
6.690000000000000391e-01 7.069999999999999618e-01
6.700000000000000400e-01 7.079999999999999627e-01
6.743333333333333401e-01 7.143333333333333757e-01
6.796666666666666412e-01 7.209999999999999742e-01
6.820000000000000506e-01 7.236666666666666803e-01
6.889999999999999458e-01 7.299999999999999822e-01
6.926666666666666528e-01 7.336666666666666892e-01
6.946666666666666545e-01 7.343333333333332824e-01
6.949999999999999512e-01 7.343333333333332824e-01
7.026666666666666616e-01 7.386666666666666936e-01
7.056666666666666643e-01 7.426666666666666972e-01
7.079999999999999627e-01 7.449999999999999956e-01
7.156666666666666732e-01 7.479999999999999982e-01
7.193333333333333801e-01 7.540000000000000036e-01
7.203333333333333810e-01 7.550000000000000044e-01
7.209999999999999742e-01 7.580000000000000071e-01
7.226666666666666794e-01 7.590000000000000080e-01
7.296666666666666856e-01 7.663333333333333108e-01
7.356666666666666909e-01 7.706666666666667220e-01
7.459999999999999964e-01 7.783333333333333215e-01
7.483333333333332948e-01 7.816666666666666208e-01
7.486666666666667025e-01 7.816666666666666208e-01
7.570000000000000062e-01 7.883333333333333304e-01
7.596666666666667123e-01 7.900000000000000355e-01
7.606666666666667131e-01 7.903333333333333321e-01
7.610000000000000098e-01 7.903333333333333321e-01
7.633333333333333082e-01 7.910000000000000364e-01
7.636666666666667158e-01 7.910000000000000364e-01
7.640000000000000124e-01 7.910000000000000364e-01
7.673333333333333117e-01 7.933333333333333348e-01
7.703333333333333144e-01 7.956666666666666332e-01
7.740000000000000213e-01 7.970000000000000417e-01
7.790000000000000258e-01 8.020000000000000462e-01
7.793333333333333224e-01 8.040000000000000480e-01
7.796666666666666190e-01 8.043333333333333446e-01
7.820000000000000284e-01 8.063333333333333464e-01
7.853333333333333277e-01 8.090000000000000524e-01
7.866666666666666252e-01 8.110000000000000542e-01
7.923333333333333339e-01 8.146666666666666501e-01
7.930000000000000382e-01 8.149999999999999467e-01
7.933333333333333348e-01 8.149999999999999467e-01
8.010000000000000453e-01 8.219999999999999529e-01
8.106666666666666465e-01 8.299999999999999600e-01
8.219999999999999529e-01 8.386666666666666714e-01
8.219999999999999529e-01 8.393333333333333757e-01
8.249999999999999556e-01 8.429999999999999716e-01
8.313333333333333686e-01 8.496666666666666812e-01
8.323333333333333695e-01 8.499999999999999778e-01
8.329999999999999627e-01 8.509999999999999787e-01
8.339999999999999636e-01 8.516666666666666829e-01
8.339999999999999636e-01 8.519999999999999796e-01
8.343333333333333712e-01 8.526666666666666838e-01
8.349999999999999645e-01 8.533333333333333881e-01
8.353333333333333721e-01 8.539999999999999813e-01
8.366666666666666696e-01 8.539999999999999813e-01
8.366666666666666696e-01 8.549999999999999822e-01
8.386666666666666714e-01 8.556666666666666865e-01
8.406666666666666732e-01 8.559999999999999831e-01
8.423333333333333783e-01 8.573333333333332806e-01
8.436666666666666758e-01 8.576666666666666883e-01
8.446666666666666767e-01 8.583333333333332815e-01
8.449999999999999734e-01 8.593333333333332824e-01
8.459999999999999742e-01 8.603333333333332833e-01
8.466666666666666785e-01 8.609999999999999876e-01
8.489999999999999769e-01 8.629999999999999893e-01
8.506666666666666821e-01 8.659999999999999920e-01
8.533333333333333881e-01 8.676666666666666972e-01
8.549999999999999822e-01 8.689999999999999947e-01
8.569999999999999840e-01 8.706666666666666998e-01
8.589999999999999858e-01 8.729999999999999982e-01
8.603333333333332833e-01 8.733333333333332948e-01
8.646666666666666945e-01 8.753333333333332966e-01
8.666666666666666963e-01 8.776666666666667060e-01
8.706666666666666998e-01 8.790000000000000036e-01
8.723333333333332940e-01 8.800000000000000044e-01
8.736666666666667025e-01 8.823333333333333028e-01
8.739999999999999991e-01 8.843333333333333046e-01
8.766666666666667052e-01 8.866666666666667140e-01
8.806666666666667087e-01 8.896666666666667167e-01
8.820000000000000062e-01 8.923333333333333117e-01
8.833333333333333037e-01 8.936666666666667203e-01
8.870000000000000107e-01 8.956666666666667220e-01
8.896666666666667167e-01 8.986666666666666137e-01
8.940000000000000169e-01 9.016666666666666163e-01
8.966666666666666119e-01 9.036666666666666181e-01
9.020000000000000240e-01 9.073333333333333250e-01
9.056666666666666199e-01 9.120000000000000329e-01
9.083333333333333259e-01 9.170000000000000373e-01
9.133333333333333304e-01 9.190000000000000391e-01
9.146666666666666279e-01 9.193333333333333357e-01
9.180000000000000382e-01 9.223333333333333384e-01
9.230000000000000426e-01 9.243333333333333401e-01
9.256666666666666377e-01 9.270000000000000462e-01
9.276666666666666394e-01 9.286666666666666403e-01
9.326666666666666439e-01 9.336666666666666448e-01
9.370000000000000551e-01 9.379999999999999449e-01
9.386666666666666492e-01 9.383333333333333526e-01
9.389999999999999458e-01 9.386666666666666492e-01
9.449999999999999512e-01 9.449999999999999512e-01
9.486666666666666581e-01 9.486666666666666581e-01
9.516666666666666607e-01 9.506666666666666599e-01
9.556666666666666643e-01 9.586666666666666670e-01
9.609999999999999654e-01 9.619999999999999662e-01
9.616666666666666696e-01 9.626666666666666705e-01
9.666666666666666741e-01 9.699999999999999734e-01
9.719999999999999751e-01 9.743333333333333846e-01
9.766666666666666829e-01 9.803333333333332789e-01
9.786666666666666847e-01 9.819999999999999840e-01
9.826666666666666883e-01 9.853333333333332833e-01
9.846666666666666901e-01 9.873333333333332851e-01
9.866666666666666918e-01 9.909999999999999920e-01
9.879999999999999893e-01 9.909999999999999920e-01
9.949999999999999956e-01 9.963333333333332931e-01
9.989999999999999991e-01 9.996666666666667034e-01
1.000000000000000000e+00 1.000000000000000000e+00
