0.000000000000000000e+00 0.000000000000000000e+00
5.333333333333333155e-03 0.000000000000000000e+00
7.333333333333333197e-03 0.000000000000000000e+00
1.233333333333333330e-02 0.000000000000000000e+00
1.899999999999999953e-02 0.000000000000000000e+00
2.566666666666666749e-02 0.000000000000000000e+00
2.733333333333333448e-02 0.000000000000000000e+00
2.766666666666666580e-02 0.000000000000000000e+00
3.599999999999999728e-02 0.000000000000000000e+00
3.966666666666666952e-02 0.000000000000000000e+00
4.466666666666666702e-02 0.000000000000000000e+00
4.966666666666666452e-02 0.000000000000000000e+00
5.399999999999999939e-02 0.000000000000000000e+00
6.133333333333332998e-02 3.333333333333333222e-04
6.933333333333333015e-02 3.333333333333333222e-04
7.000000000000000666e-02 3.333333333333333222e-04
7.133333333333333193e-02 3.333333333333333222e-04
7.199999999999999456e-02 3.333333333333333222e-04
7.866666666666666252e-02 3.333333333333333222e-04
8.133333333333332693e-02 3.333333333333333222e-04
8.366666666666666696e-02 3.023333333333333428e-01
9.633333333333334025e-02 3.023333333333333428e-01
1.010000000000000064e-01 4.503333333333333077e-01
1.143333333333333285e-01 4.506666666666666599e-01
1.163333333333333303e-01 5.096666666666667123e-01
1.179999999999999938e-01 5.336666666666666226e-01
1.213333333333333347e-01 5.666666666666666519e-01
1.229999999999999982e-01 6.113333333333332842e-01
1.253333333333333244e-01 6.283333333333332993e-01
1.263333333333333253e-01 6.626666666666666261e-01
1.270000000000000018e-01 6.653333333333333321e-01
1.296666666666666801e-01 6.933333333333333570e-01
1.320000000000000062e-01 6.939999999999999503e-01
1.326666666666666550e-01 6.939999999999999503e-01
1.383333333333333359e-01 6.953333333333333588e-01
1.406666666666666621e-01 7.156666666666666732e-01
1.413333333333333386e-01 7.209999999999999742e-01
1.429999999999999882e-01 7.326666666666666883e-01
1.556666666666666754e-01 7.326666666666666883e-01
1.676666666666666583e-01 7.329999999999999849e-01
1.683333333333333348e-01 7.329999999999999849e-01
1.749999999999999889e-01 7.329999999999999849e-01
1.833333333333333204e-01 7.333333333333332815e-01
1.839999999999999969e-01 7.339999999999999858e-01
1.973333333333333328e-01 7.379999999999999893e-01
2.036666666666666625e-01 7.389999999999999902e-01
2.059999999999999887e-01 7.393333333333332869e-01
2.063333333333333408e-01 7.393333333333332869e-01
2.106666666666666687e-01 7.419999999999999929e-01
2.159999999999999976e-01 7.453333333333332922e-01
2.200000000000000011e-01 7.466666666666667007e-01
2.233333333333333282e-01 7.486666666666667025e-01
2.253333333333333299e-01 7.493333333333332957e-01
2.276666666666666561e-01 7.510000000000000009e-01
2.293333333333333335e-01 7.520000000000000018e-01
2.323333333333333361e-01 7.526666666666667060e-01
2.373333333333333406e-01 7.563333333333333020e-01
2.386666666666666659e-01 7.563333333333333020e-01
2.469999999999999973e-01 7.606666666666667131e-01
2.476666666666666738e-01 7.606666666666667131e-01
2.503333333333333521e-01 7.620000000000000107e-01
2.510000000000000009e-01 7.620000000000000107e-01
2.513333333333333530e-01 7.620000000000000107e-01
2.550000000000000044e-01 7.620000000000000107e-01
2.683333333333333126e-01 7.630000000000000115e-01
2.706666666666666665e-01 7.630000000000000115e-01
2.713333333333333153e-01 7.643333333333333091e-01
2.750000000000000222e-01 7.690000000000000169e-01
2.763333333333333197e-01 7.713333333333333153e-01
2.773333333333333206e-01 7.750000000000000222e-01
2.793333333333333224e-01 7.786666666666666181e-01
2.806666666666666754e-01 7.816666666666666208e-01
2.849999999999999756e-01 7.866666666666666252e-01
2.879999999999999782e-01 7.876666666666666261e-01
2.919999999999999818e-01 7.896666666666666279e-01
2.929999999999999827e-01 7.906666666666666288e-01
2.943333333333333357e-01 7.930000000000000382e-01
2.976666666666666905e-01 7.943333333333333357e-01
3.026666666666666394e-01 7.966666666666666341e-01
3.049999999999999933e-01 8.016666666666666385e-01
3.063333333333333464e-01 8.020000000000000462e-01
3.113333333333333508e-01 8.023333333333333428e-01
3.146666666666666501e-01 8.023333333333333428e-01
3.300000000000000155e-01 8.023333333333333428e-01
3.396666666666666723e-01 8.023333333333333428e-01
3.656666666666666399e-01 8.023333333333333428e-01
3.669999999999999929e-01 8.033333333333333437e-01
3.736666666666666470e-01 8.080000000000000515e-01
3.766666666666666496e-01 8.080000000000000515e-01
3.766666666666666496e-01 8.083333333333333481e-01
3.810000000000000053e-01 8.083333333333333481e-01
3.823333333333333584e-01 8.173333333333333561e-01
3.836666666666666559e-01 8.229999999999999538e-01
3.850000000000000089e-01 8.283333333333333659e-01
3.856666666666666576e-01 8.419999999999999707e-01
3.873333333333333073e-01 8.483333333333333837e-01
3.886666666666666603e-01 8.523333333333333872e-01
3.893333333333333091e-01 8.553333333333332789e-01
3.916666666666666630e-01 8.616666666666666918e-01
3.940000000000000169e-01 8.736666666666667025e-01
3.970000000000000195e-01 8.833333333333333037e-01
4.000000000000000222e-01 8.910000000000000142e-01
4.000000000000000222e-01 8.920000000000000151e-01
4.013333333333333197e-01 8.950000000000000178e-01
4.056666666666666754e-01 9.000000000000000222e-01
4.083333333333333259e-01 9.086666666666666226e-01
4.103333333333333277e-01 9.123333333333333295e-01
4.103333333333333277e-01 9.133333333333333304e-01
4.113333333333333286e-01 9.156666666666666288e-01
4.146666666666666834e-01 9.213333333333333375e-01
4.223333333333333384e-01 9.220000000000000417e-01
4.323333333333333472e-01 9.236666666666666359e-01
4.329999999999999960e-01 9.236666666666666359e-01
4.390000000000000013e-01 9.236666666666666359e-01
4.406666666666666510e-01 9.236666666666666359e-01
4.423333333333333561e-01 9.236666666666666359e-01
4.506666666666666599e-01 9.236666666666666359e-01
4.513333333333333086e-01 9.236666666666666359e-01
4.556666666666666643e-01 9.240000000000000435e-01
4.673333333333333228e-01 9.240000000000000435e-01
4.743333333333333290e-01 9.250000000000000444e-01
4.819999999999999840e-01 9.263333333333333419e-01
4.916666666666666408e-01 9.286666666666666403e-01
4.929999999999999938e-01 9.286666666666666403e-01
5.496666666666666368e-01 9.286666666666666403e-01
5.540000000000000480e-01 9.290000000000000480e-01
5.593333333333333490e-01 9.293333333333333446e-01
5.606666666666666465e-01 9.296666666666666412e-01
5.729999999999999538e-01 9.320000000000000506e-01
5.773333333333333650e-01 9.330000000000000515e-01
5.839999999999999636e-01 9.333333333333333481e-01
5.866666666666666696e-01 9.333333333333333481e-01
5.876666666666666705e-01 9.333333333333333481e-01
5.956666666666666776e-01 9.346666666666666456e-01
5.976666666666666794e-01 9.353333333333333499e-01
5.986666666666666803e-01 9.356666666666666465e-01
6.026666666666666838e-01 9.379999999999999449e-01
6.096666666666666901e-01 9.416666666666666519e-01
6.146666666666666945e-01 9.423333333333333561e-01
6.149999999999999911e-01 9.423333333333333561e-01
6.196666666666666989e-01 9.429999999999999494e-01
6.206666666666666998e-01 9.443333333333333579e-01
6.243333333333332957e-01 9.456666666666666554e-01
6.246666666666667034e-01 9.456666666666666554e-01
6.306666666666667087e-01 9.456666666666666554e-01
6.346666666666667123e-01 9.456666666666666554e-01
6.410000000000000142e-01 9.466666666666666563e-01
6.423333333333333117e-01 9.469999999999999529e-01
6.440000000000000169e-01 9.476666666666666572e-01
6.450000000000000178e-01 9.476666666666666572e-01
6.523333333333333206e-01 9.489999999999999547e-01
6.613333333333333286e-01 9.489999999999999547e-01
6.676666666666666305e-01 9.499999999999999556e-01
6.786666666666666403e-01 9.509999999999999565e-01
6.916666666666666519e-01 9.509999999999999565e-01
7.053333333333333677e-01 9.516666666666666607e-01
7.136666666666666714e-01 9.519999999999999574e-01
7.146666666666666723e-01 9.523333333333333650e-01
7.169999999999999707e-01 9.529999999999999583e-01
7.229999999999999760e-01 9.529999999999999583e-01
7.319999999999999840e-01 9.529999999999999583e-01
7.363333333333332842e-01 9.529999999999999583e-01
7.506666666666667043e-01 9.536666666666666625e-01
7.526666666666667060e-01 9.536666666666666625e-01
7.563333333333333020e-01 9.536666666666666625e-01
7.566666666666667096e-01 9.536666666666666625e-01
7.586666666666667114e-01 9.536666666666666625e-01
7.733333333333333171e-01 9.543333333333333668e-01
7.833333333333333259e-01 9.543333333333333668e-01
7.933333333333333348e-01 9.543333333333333668e-01
7.950000000000000400e-01 9.543333333333333668e-01
8.023333333333333428e-01 9.543333333333333668e-01
8.030000000000000471e-01 9.556666666666666643e-01
8.036666666666666403e-01 9.573333333333333695e-01
8.046666666666666412e-01 9.609999999999999654e-01
8.090000000000000524e-01 9.679999999999999716e-01
8.143333333333333535e-01 9.679999999999999716e-01
8.223333333333333606e-01 9.679999999999999716e-01
8.366666666666666696e-01 9.686666666666666758e-01
8.459999999999999742e-01 9.699999999999999734e-01
8.546666666666666856e-01 9.719999999999999751e-01
8.679999999999999938e-01 9.726666666666666794e-01
8.706666666666666998e-01 9.726666666666666794e-01
8.726666666666667016e-01 9.726666666666666794e-01
8.910000000000000142e-01 9.726666666666666794e-01
8.940000000000000169e-01 9.729999999999999760e-01
8.973333333333333162e-01 9.733333333333333837e-01
8.976666666666666128e-01 9.733333333333333837e-01
9.016666666666666163e-01 9.733333333333333837e-01
9.046666666666666190e-01 9.733333333333333837e-01
9.056666666666666199e-01 9.733333333333333837e-01
9.176666666666666305e-01 9.736666666666666803e-01
9.223333333333333384e-01 9.736666666666666803e-01
9.246666666666666368e-01 9.736666666666666803e-01
9.280000000000000471e-01 9.736666666666666803e-01
9.326666666666666439e-01 9.736666666666666803e-01
9.446666666666666545e-01 9.743333333333333846e-01
9.473333333333333606e-01 9.746666666666666812e-01
9.519999999999999574e-01 9.746666666666666812e-01
9.533333333333333659e-01 9.746666666666666812e-01
9.556666666666666643e-01 9.746666666666666812e-01
9.589999999999999636e-01 9.746666666666666812e-01
9.623333333333333739e-01 9.746666666666666812e-01
9.656666666666666732e-01 9.746666666666666812e-01
9.696666666666666767e-01 9.746666666666666812e-01
9.723333333333333828e-01 9.746666666666666812e-01
9.736666666666666803e-01 9.746666666666666812e-01
9.749999999999999778e-01 9.749999999999999778e-01
9.809999999999999831e-01 9.753333333333333854e-01
9.873333333333332851e-01 9.753333333333333854e-01
9.919999999999999929e-01 9.753333333333333854e-01
9.923333333333332895e-01 9.753333333333333854e-01
9.933333333333332904e-01 9.806666666666666865e-01
9.943333333333332913e-01 9.833333333333332815e-01
9.969999999999999973e-01 1.000000000000000000e+00
9.973333333333332940e-01 1.000000000000000000e+00
1.000000000000000000e+00 1.000000000000000000e+00
