0.000000000000000000e+00 0.000000000000000000e+00
3.333333333333333222e-04 7.439999999999999947e-01
3.333333333333333222e-04 8.016666666666666385e-01
6.666666666666666444e-04 8.343333333333333712e-01
1.000000000000000021e-03 8.519999999999999796e-01
1.333333333333333289e-03 8.626666666666666927e-01
1.333333333333333289e-03 8.733333333333332948e-01
2.333333333333333526e-03 8.790000000000000036e-01
3.333333333333333547e-03 8.903333333333333099e-01
5.333333333333333155e-03 8.926666666666667194e-01
5.666666666666667074e-03 8.960000000000000187e-01
6.000000000000000125e-03 9.030000000000000249e-01
6.000000000000000125e-03 9.086666666666666226e-01
6.000000000000000125e-03 9.130000000000000338e-01
7.000000000000000146e-03 9.156666666666666288e-01
8.333333333333333218e-03 9.190000000000000391e-01
8.999999999999999320e-03 9.216666666666666341e-01
1.000000000000000021e-02 9.226666666666666350e-01
1.033333333333333326e-02 9.246666666666666368e-01
1.099999999999999936e-02 9.273333333333333428e-01
1.200000000000000025e-02 9.293333333333333446e-01
1.333333333333333419e-02 9.330000000000000515e-01
1.433333333333333334e-02 9.360000000000000542e-01
1.533333333333333250e-02 9.360000000000000542e-01
1.700000000000000122e-02 9.370000000000000551e-01
1.899999999999999953e-02 9.379999999999999449e-01
2.000000000000000042e-02 9.406666666666666510e-01
2.433333333333333182e-02 9.419999999999999485e-01
2.633333333333333359e-02 9.436666666666666536e-01
2.833333333333333190e-02 9.449999999999999512e-01
2.966666666666666757e-02 9.499999999999999556e-01
3.099999999999999978e-02 9.523333333333333650e-01
3.166666666666666935e-02 9.536666666666666625e-01
3.466666666666666508e-02 9.559999999999999609e-01
3.666666666666666685e-02 9.566666666666666652e-01
4.166666666666666435e-02 9.579999999999999627e-01
4.366666666666666613e-02 9.583333333333333703e-01
4.466666666666666702e-02 9.599999999999999645e-01
4.766666666666666968e-02 9.619999999999999662e-01
4.966666666666666452e-02 9.633333333333333748e-01
5.199999999999999761e-02 9.653333333333333766e-01
5.666666666666666380e-02 9.659999999999999698e-01
6.099999999999999867e-02 9.679999999999999716e-01
6.500000000000000222e-02 9.686666666666666758e-01
7.000000000000000666e-02 9.699999999999999734e-01
7.266666666666667107e-02 9.703333333333333810e-01
7.799999999999999989e-02 9.716666666666666785e-01
8.633333333333333137e-02 9.733333333333333837e-01
9.133333333333333581e-02 9.749999999999999778e-01
1.039999999999999952e-01 9.776666666666666838e-01
1.179999999999999938e-01 9.789999999999999813e-01
1.246666666666666617e-01 9.799999999999999822e-01
1.323333333333333306e-01 9.803333333333332789e-01
1.429999999999999882e-01 9.813333333333332797e-01
1.580000000000000016e-01 9.826666666666666883e-01
1.813333333333333464e-01 9.846666666666666901e-01
2.303333333333333344e-01 9.859999999999999876e-01
2.593333333333333601e-01 9.876666666666666927e-01
3.216666666666666563e-01 9.906666666666666954e-01
4.590000000000000191e-01 9.939999999999999947e-01
1.000000000000000000e+00 1.000000000000000000e+00
