3.486842391042711126e-02
7.219237942934163266e-02
3.798678159581714980e-02
3.359158920868678816e-02
9.870203042391254566e-01
1.232621995941119708e-01
5.775054828312837368e-02
8.361362078268906595e-02
8.022403024554507489e-01
3.493966267687338006e-02
8.806596948325147167e-01
3.504007001367532431e-02
6.834240040307042185e-02
1.098989963109009427e+00
7.853330188886827878e-01
4.602706153126108757e-01
7.803268188692812357e-01
1.017625022784413025e+00
8.420239437132767124e-01
3.335402944340482567e-01
1.590146483789193765e-01
5.454397206944932019e-01
1.525977354050378709e+00
7.978385155240514948e-01
4.748110236433897985e-02
8.026336199847474706e-01
7.490138750318851846e-02
5.300325823593504682e-01
1.379246420872504153e+00
1.115622329799743406e+00
3.770868563376639226e-02
5.591687877885226365e-02
8.271029271771320746e-01
1.068436296648962863e-01
1.992674467891785595e+00
7.099764411870086722e-02
7.347575082746615749e-01
9.393198256565641335e-01
1.431927131472570669e-01
7.918560902456435180e-01
7.895203727431785445e-01
4.296734902422687935e-02
3.061038340557986071e-01
2.511746978703906397e+00
3.919135382531909073e+00
9.898862068003296821e-01
1.126923617046169251e-01
1.861015073870721537e+01
6.169710834470546468e-01
7.887031100991634958e-01
1.322584074656365238e-01
4.964117642731014080e-01
7.769723585562628987e-01
4.546560883630685473e-02
1.673761757281579110e-01
3.357844876201605822e-02
9.112131291496066154e-01
7.809070821593100398e-01
7.828890994535746273e-02
5.624192966794100412e-01
7.765471551098409586e-01
3.361870248371660874e-02
2.605481024494405440e-01
3.107297800588422199e+00
8.132087438923937261e-01
8.884109136718769673e-01
5.349963374155423945e-02
1.503571770163093069e+00
4.181503378968683127e-02
3.120415691245497225e-01
1.020270168014500456e+01
9.288016421332985495e-02
8.466377876126149338e-02
9.281671510017116544e-01
9.080088886532405867e-01
8.802933832904926703e-01
1.216768911418351307e+00
3.372775831527616286e-02
8.729006881160189524e-01
4.066333770311752471e-01
7.677020595941012715e+00
6.981902597804619248e-02
8.482049163367222366e-01
2.303119548229727087e+00
1.179436485322882949e-01
4.098677206378938953e-01
7.787761773956344280e-01
3.410382243098381699e-02
1.022581773321105114e+00
7.284353985680967758e-02
3.505969440914652457e-02
2.811048232705824823e+00
8.088973878684674323e-01
7.773268080799220492e-01
1.127769356034640458e+00
8.971858279276930803e-01
1.197625018692463489e-01
1.228045115961736988e-01
6.654615393879069751e-01
1.057020813821273997e+00
1.180763238053645026e+00
4.597272917296729017e-02
2.346972956307362690e-01
1.223612463468983336e+01
5.052403982410103717e-02
2.194077218218585257e-01
3.412118037141843169e-02
3.518749087012087301e-02
5.792062521481670945e-02
6.304283211134081855e-02
3.463911465389009070e-01
1.579163780771240255e-01
2.019175457035305321e+00
3.667821181562307825e-02
1.211654148073230963e-01
5.112214516415419796e-02
9.756173239436527478e-01
2.721640085018192101e-01
2.453430144849262640e-01
8.324500300272376085e-01
4.764575868801303460e-01
9.880442667914089705e-02
7.809253833849995052e-01
4.091938863390712777e-01
8.589748221682907969e-02
1.375329341951636808e+00
8.122267714299352681e-01
4.432610322435732719e-01
2.564467109444314996e+00
1.496407430281236906e+00
4.949557887454985455e-02
4.994735462020027050e+00
5.210240645704309337e+00
7.953896988645957622e-01
8.925725778503996732e-01
3.836090225121555758e-02
8.202926817459174069e-01
4.525968300491683277e-02
4.225520530143873216e-02
1.805773770074689810e-01
1.655036791674731944e+01
8.148405451676851152e-01
3.541967532409080743e-02
8.288510825745157851e-01
1.497909123077323601e+00
4.187749062631965224e-01
8.431799318525305953e-01
1.369783484987010347e+01
9.237853926459718146e-01
9.500733870585512664e-01
5.207127802574017944e-02
3.760456704628854840e+00
2.299828185522097279e-01
8.175439334633375354e-01
1.475342348755661614e-01
3.417503011490038989e-02
5.624015099100174275e+00
3.823182006325970966e-02
6.063877383932949616e-01
1.599108610742008052e+00
1.831923821638272720e+00
1.426677700562180817e+01
4.886944472854723442e-02
7.215591802074135253e-02
1.550767918845543036e+01
2.472461602838575134e-01
1.487931936747789008e+00
2.284732093297666133e-01
3.871742935037288724e+00
9.574679339356686469e+00
1.009521790849106537e+01
7.919616631594560419e-01
2.744414832611904997e-01
3.279386315714297728e-01
8.922349478829670610e-02
3.710469277086413803e-02
3.361160744373321158e-02
1.169420943949312619e+00
7.713096105607036845e-02
3.131683055630144263e+00
2.091688544994061982e-01
6.372400354066587447e-01
6.788790619069480503e-02
2.078328948521935005e-01
3.517198943076678408e-02
3.877498764361517886e-02
5.152675744003321762e-02
9.216271670696359886e-01
4.323581362482294743e+00
3.739413486994133673e-02
6.590954284387898210e-02
1.057826471152873538e+00
6.637948203483213128e+00
8.371374221281159544e-02
9.051888189993620437e-02
6.957675284460955734e-01
2.888876987840215405e-01
2.554438297019827053e-01
1.100554996318253931e+00
1.251086208940555000e-01
