1.586172546182692267e-01
2.427916708522179223e-01
1.607885529048006523e-01
1.623475590191236495e-01
1.606008012614875469e+01
2.522903497424057728e-01
2.005458266154698521e-01
2.096577748372317751e-01
1.154671254773713684e+01
1.729420121444138758e-01
1.635271451212091165e+01
1.585428361274968945e-01
2.369660465954986361e-01
1.642958322734876742e+00
5.162990375229949080e+00
3.262841140279769681e-01
8.309146118954583216e+00
1.924606359311176851e+00
1.484419845495563628e+01
2.991830663671928847e-01
2.565762542925012490e-01
3.430071059670804501e-01
4.192969220921342610e-01
4.456124675135776592e+00
1.834977338769903099e-01
1.159102840157368064e+01
2.460106218397229150e-01
3.401257590411955745e-01
1.147332088831112706e+00
1.595858595376758560e+00
1.603924437143134374e-01
2.081976633457811310e-01
3.570760774055016906e+00
2.533628744863985482e-01
8.651398363673635794e-01
2.411405426200528279e-01
3.722949150187288003e-01
1.670807047104684528e+01
2.536593228621835672e-01
1.024926296647815782e+01
4.877214106763115176e+00
1.711403062902359939e-01
2.931664147324022918e-01
7.797479003020767463e-01
4.280055333016866692e-01
1.600632035817661247e+01
2.528128044794960005e-01
4.346766245711636278e-01
3.554170136040750161e-01
9.795077368360981751e+00
2.525268401015063335e-01
3.336053196331680848e-01
6.367888847303041722e+00
1.915450697915759559e-01
2.585333679443901911e-01
1.625825532185089795e-01
2.503062560549744742e+00
8.436209819673310406e+00
2.491184407305098714e-01
3.460996088474738164e-01
6.949780656068885065e+00
1.653423132474429458e-01
2.828047218032340715e-01
4.300891699176526695e-01
1.268277967167566089e+01
2.695406467547738494e+00
2.012444779654448679e-01
1.047551228422109348e+00
1.683288127443930970e-01
2.944770468464673607e-01
4.954952088096744034e-01
2.541671706306334322e-01
2.526611798629733729e-01
1.676591155911046727e+01
2.527681832895184666e+00
2.775336042396391534e+00
1.367854715072455374e+00
1.610729604049079278e-01
1.615223441699004781e+01
3.149835851689893884e-01
4.159143845360043779e-01
2.393799190405320187e-01
3.181149843058300952e+00
8.086131190012347814e-01
2.524557241855858725e-01
3.156755139435905577e-01
5.896299715890248372e+00
1.692198058616757594e-01
1.904631471116347452e+00
2.067189381884235455e-01
1.585364189396296086e-01
7.457581856602104597e-01
1.226050197139552012e+01
6.235378594586695300e+00
1.563376430636711945e+00
1.664027964193946829e+01
2.523745072912780274e-01
2.522955523322093496e-01
3.628899740694275788e-01
1.776663402612679299e+00
4.074861755622861126e-01
1.791913657691706074e-01
2.764745543391675109e-01
4.751985668269385066e-01
1.924541312304479668e-01
2.224902071927041536e-01
1.693164860523912185e-01
1.585072481186357574e-01
2.137247797539414407e-01
2.264472157368988547e-01
3.019794887938961891e-01
2.563350324686662352e-01
4.271402033642194285e-01
1.781014133417833101e-01
2.523294698217408705e-01
1.942293979730653763e-01
1.626172382293755092e+01
2.855205828958097269e-01
2.791354180584237343e-01
1.424176827402458478e+01
3.295988398297191591e-01
2.540757637983273587e-01
8.440113925059263167e+00
3.155309164674197642e-01
2.530651282001245561e-01
4.150708237935598066e-01
1.258936000652372478e+01
3.227460735402026826e-01
7.732196086218726672e-01
1.052266411396500345e+00
1.951724419483511497e-01
6.074284891450669743e-01
5.990978935678270556e-01
4.566175660895242849e+00
1.657755450491244176e+01
1.613596511336768680e-01
1.331547794153371456e+01
1.772037797440257911e-01
1.878570856083543461e-01
2.619509565430990228e-01
4.083507290124280820e-01
3.872849262757199540e+00
1.585007160934439052e-01
1.398746362128630949e+01
1.051272758741810032e+00
3.175751582007527718e-01
3.262459099729038581e+00
4.084082682562348854e-01
1.677492211427769320e+01
1.661289823080945638e+01
1.970419175428195502e-01
4.285165429447572172e-01
2.752706333506991232e-01
3.799847511101222874e+00
2.543296779742594826e-01
1.594614865005032356e-01
4.219017250869593894e-01
1.611604898229145877e-01
3.536845029753073466e-01
9.934227394115965337e-01
9.057450544866446629e-01
4.082410925021308645e-01
1.875552900476998575e-01
2.427444620517802409e-01
4.518690166022866217e-01
2.796020137868107658e-01
1.057985442152234112e+00
2.748812420442728333e-01
4.281602560061122387e-01
5.032308688942520591e-01
4.114277995996631354e-01
1.026386533994150696e+01
2.860459606093463392e-01
2.979615119476636820e-01
2.538124888890079256e-01
1.596350341156089481e-01
1.652331675737790939e-01
4.069466310005324661e-01
2.481695061840826499e-01
7.158221452385323813e-01
2.697657849620315740e-01
3.586337551167418369e-01
2.361744679175409867e-01
2.694028551702042362e-01
1.585089518163385058e-01
1.620488745351006121e-01
1.967042222744064539e-01
2.427482710567453683e+00
4.265912275728099279e-01
1.599802743024333895e-01
2.042794942969559102e-01
1.773880860288077121e+00
4.186732587798708827e-01
2.522944664125002512e-01
2.539873733915294918e-01
3.671830370307691549e-01
2.893298475913538836e-01
2.815885473253831872e-01
1.638397700302199889e+00
2.522862663761618052e-01
