4.062681369704005535e-03
4.062681369704005535e-03
4.062681369704005535e-03
4.062681369704005535e-03
5.622489959839357780e-03
5.622489959839357780e-03
5.622489959839357780e-03
1.558752997601918662e-02
1.558752997601918662e-02
1.558752997601918662e-02
2.197802197802197974e-02
2.197802197802197974e-02
3.799999999999999906e-02
3.799999999999999906e-02
3.658536585365853439e-02
7.594936708860759722e-02
7.594936708860759722e-02
7.664233576642336121e-02
1.068376068376068466e-01
1.395348837209302306e-01
1.827956989247311592e-01
2.078651685393258230e-01
3.356643356643356224e-01
3.250000000000000111e-01
3.787878787878787290e-01
4.818181818181818121e-01
4.951456310679611672e-01
6.250000000000000000e-01
7.582417582417581015e-01
7.977528089887639950e-01
8.181818181818182323e-01
1.327868852459016313e+00
1.484374999999999778e+00
1.770833333333333481e+00
1.394366197183098510e+00
1.921875000000000000e+00
2.384615384615384581e+00
2.000000000000000000e+00
2.696428571428571175e+00
2.826923076923077094e+00
3.698113207547169434e+00
2.965517241379310498e+00
4.081632653061224580e+00
3.396551724137931050e+00
5.119047619047619513e+00
5.302325581395349374e+00
5.200000000000000178e+00
5.188679245283018382e+00
6.555555555555555358e+00
5.860000000000000320e+00
5.350877192982456343e+00
9.146341463414634276e+00
9.146341463414634276e+00
8.595744680851064246e+00
9.000000000000000000e+00
9.000000000000000000e+00
7.164179104477611304e+00
7.164179104477611304e+00
1.104444444444444429e+01
1.104444444444444429e+01
9.826923076923076650e+00
9.826923076923076650e+00
1.052542372881356059e+01
1.052542372881356059e+01
1.052542372881356059e+01
6.280898876404494402e+00
6.280898876404494402e+00
6.280898876404494402e+00
6.280898876404494402e+00
6.280898876404494402e+00
5.347368421052632215e+00
5.347368421052632215e+00
5.347368421052632215e+00
5.347368421052632215e+00
5.347368421052632215e+00
5.347368421052632215e+00
5.347368421052632215e+00
1.779220779220779036e+00
1.779220779220779036e+00
1.779220779220779036e+00
1.779220779220779036e+00
1.779220779220779036e+00
1.779220779220779036e+00
1.779220779220779036e+00
1.779220779220779036e+00
1.779220779220779036e+00
1.779220779220779036e+00
1.779220779220779036e+00
1.779220779220779036e+00
1.779220779220779036e+00
1.779220779220779036e+00
1.779220779220779036e+00
1.779220779220779036e+00
1.779220779220779036e+00
1.779220779220779036e+00
1.779220779220779036e+00
1.779220779220779036e+00
1.779220779220779036e+00
1.779220779220779036e+00
1.779220779220779036e+00
