3.664392924276118606e+02
3.659722409570313744e+02
3.645746552419772684e+02
3.622571959643096875e+02
3.590374803746147450e+02
3.549398592736676505e+02
3.499951103408929498e+02
3.442400532121304764e+02
3.377170930399018971e+02
3.304737004490000345e+02
3.225618368037197570e+02
3.140373345102070175e+02
3.049592426734872674e+02
2.953891488045450728e+02
2.853904874246720738e+02
2.750278463446727528e+02
2.643662811127945815e+02
2.534706476404850548e+02
2.424049623466522689e+02
2.312317983304004088e+02
2.200117251140322594e+02
2.088027984196105251e+02
1.976601052822977351e+02
1.866353685917415817e+02
1.757766139183141547e+02
1.651279002527871853e+02
1.547291150930005017e+02
1.446158331740203948e+02
1.348192370811738385e+02
1.253660970268660009e+02
1.162788062273865819e+02
1.075754675964271883e+02
9.927002688528821750e+01
9.137244694961448488e+01
8.388891750914520173e+01
7.682209458721477802e+01
7.017136376446066492e+01
6.393312144749355497e+01
5.810106852721322213e+01
5.266651107023594136e+01
4.761866303658730715e+01
4.294494643268559742e+01
3.863128477565589236e+01
3.466238624829800585e+01
3.102201344918469772e+01
2.769323717586700084e+01
2.465867220859512798e+01
2.190069357625933932e+01
1.940163227584818628e+01
1.714394987363721512e+01
1.511039183422822774e+01
1.328411979774872798e+01
1.164882335286324988e+01
1.018881213208308445e+01
8.889089285886690561e+00
7.735407574273197362e+00
6.714309450496590337e+00
5.813152604654555411e+00
5.020122487999295835e+00
4.324233356264655548e+00
3.715319356266328921e+00
3.184017139009564623e+00
2.721741419050022870e+00
2.320654818331533864e+00
1.973633237415640673e+00
1.674227891895598619e+00
1.416625040490069320e+00
1.195604317094584479e+00
1.006496464777581812e+00
8.451411577650860263e-01
7.078454898644660487e-01
5.913436061252211884e-01
4.927578600283246679e-01
4.095617919836113119e-01
3.395451469230885699e-01
2.807810795494815603e-01
2.315956353327193740e-01
1.905395434381970121e-01
1.563623140511710974e-01
1.279885965364913336e-01
1.044967259543934379e-01
8.509936299229822754e-02
6.912611568620781466e-02
5.600801969945151670e-02
4.526374671590595311e-02
3.648740702870233166e-02
2.933781203974321003e-02
2.352906455156716925e-02
1.882234890434386632e-02
1.501879871511778083e-02
1.195332679827045344e-02
9.489309425702405210e-03
7.514025116458919462e-03
5.934756373270044447e-03
4.675470999563216198e-03
3.674007669434032047e-03
2.879698157400636775e-03
2.251365970457932728e-03
1.755647996689852332e-03
1.365592151499623501e-03
