3.385921377867491101e+05
2.503954145842326689e+05
1.856451700497329293e+05
1.379903508230458538e+05
1.028304091934520548e+05
7.682493301442425582e+04
5.754274792480140604e+04
4.321025068811143865e+04
3.253050125807589575e+04
2.455288364718928278e+04
1.857898727451980085e+04
1.409448948012745495e+04
1.071974472516032256e+04
8.173862316805657429e+03
6.248531646813205953e+03
4.788907080318763292e+03
3.679617098223148787e+03
2.834501081777099898e+03
2.189063738197908606e+03
1.694915174305665914e+03
1.315664964651509081e+03
1.023883237178346235e+03
7.988465003426346129e+02
6.248618669385451767e+02
4.900185131618875971e+02
3.852554005583190815e+02
3.036636190916184432e+02
2.399631603316345831e+02
1.901096504616190259e+02
1.509981181215494530e+02
1.202393686482692914e+02
9.599080210741350072e+01
7.682814285480161232e+01
6.164797716862104693e+01
4.959353977325389451e+01
3.999808188445951629e+01
3.234156294548647992e+01
2.621746057934143437e+01
2.130728056422420025e+01
1.736093880986133797e+01
1.418163061709721084e+01
1.161413616089532219e+01
9.535762772417761823e+00
7.849314752482860591e+00
6.477625433635067154e+00
5.359295449101139752e+00
4.445364212173175567e+00
3.696704865498665615e+00
3.081981236964656645e+00
2.576042256539780251e+00
2.158657574659978540e+00
1.813519837793059253e+00
1.527455779601738284e+00
1.289801158419007887e+00
1.091904511120711296e+00
9.267323829157548820e-01
7.885546527548421558e-01
6.726932026668768216e-01
5.753207806728400930e-01
4.932997142820984005e-01
4.240523241108888342e-01
3.654566027316266119e-01
3.157620687273444693e-01
2.735217621474839156e-01
2.375371786233063665e-01
2.068135945049877911e-01
1.805237527290317612e-01
1.579782884268907395e-01
1.386015976955966844e-01
1.219121105404913363e-01
1.075061338998590660e-01
9.504459394054501353e-02
8.424213715822408133e-02
7.485815405333688666e-02
6.668937265979925366e-02
5.956373621882803809e-02
5.333533316499545346e-02
4.788019097765732618e-02
4.309278045048371697e-02
3.888310521448812285e-02
3.517427424376121797e-02
3.190047363628676497e-02
2.900526903932784326e-02
2.644018235513777640e-02
2.416349635883399682e-02
2.213924901984637775e-02
2.033638598980154130e-02
1.872804518336908253e-02
1.729095186042773138e-02
1.600490630029598529e-02
1.485234918919301102e-02
1.381799233997539275e-02
1.288850442539844939e-02
1.205224311136897895e-02
1.129902638891213014e-02
1.061993707503872640e-02
1.000715542595282705e-02
9.453815615882937493e-03
8.953882509748050875e-03
8.502045721240769974e-03
