0.000000000000000000e+00 1.746666666666666645e-01
1.666666666666666774e-03 3.376666666666666705e-01
1.666666666666666774e-03 4.289999999999999925e-01
3.333333333333333547e-03 4.916666666666666408e-01
5.000000000000000104e-03 5.380000000000000338e-01
7.000000000000000146e-03 5.753333333333333632e-01
8.000000000000000167e-03 6.083333333333332815e-01
1.000000000000000021e-02 6.209999999999999964e-01
1.233333333333333330e-02 6.420000000000000151e-01
1.400000000000000029e-02 6.593333333333333268e-01
1.600000000000000033e-02 6.773333333333333428e-01
1.799999999999999864e-02 6.889999999999999458e-01
1.933333333333333431e-02 6.983333333333333615e-01
2.166666666666666741e-02 7.079999999999999627e-01
2.366666666666666571e-02 7.209999999999999742e-01
2.500000000000000139e-02 7.273333333333333872e-01
2.533333333333333270e-02 7.423333333333332895e-01
2.766666666666666580e-02 7.556666666666667087e-01
3.033333333333333368e-02 7.600000000000000089e-01
3.266666666666666330e-02 7.710000000000000187e-01
3.400000000000000244e-02 7.776666666666666172e-01
3.699999999999999817e-02 7.846666666666666234e-01
3.766666666666666774e-02 7.943333333333333357e-01
3.899999999999999994e-02 8.023333333333333428e-01
4.133333333333333304e-02 8.040000000000000480e-01
4.466666666666666702e-02 8.129999999999999449e-01
4.766666666666666968e-02 8.176666666666666528e-01
5.000000000000000278e-02 8.219999999999999529e-01
5.133333333333333498e-02 8.266666666666666607e-01
5.500000000000000028e-02 8.309999999999999609e-01
5.600000000000000117e-02 8.353333333333333721e-01
5.866666666666666557e-02 8.429999999999999716e-01
6.099999999999999867e-02 8.486666666666666803e-01
6.466666666666666397e-02 8.513333333333333863e-01
6.666666666666666574e-02 8.563333333333332797e-01
7.166666666666667018e-02 8.619999999999999885e-01
7.399999999999999634e-02 8.659999999999999920e-01
7.599999999999999811e-02 8.676666666666666972e-01
7.866666666666666252e-02 8.726666666666667016e-01
8.100000000000000255e-02 8.739999999999999991e-01
8.233333333333332782e-02 8.760000000000000009e-01
8.599999999999999312e-02 8.810000000000000053e-01
8.766666666666667052e-02 8.846666666666667123e-01
8.999999999999999667e-02 8.886666666666667158e-01
9.266666666666666108e-02 8.903333333333333099e-01
1.026666666666666700e-01 9.006666666666666154e-01
1.046666666666666717e-01 9.036666666666666181e-01
1.096666666666666623e-01 9.053333333333333233e-01
1.120000000000000023e-01 9.073333333333333250e-01
1.143333333333333285e-01 9.096666666666666234e-01
1.176666666666666694e-01 9.133333333333333304e-01
1.216666666666666730e-01 9.143333333333333313e-01
1.256666666666666765e-01 9.163333333333333330e-01
1.286666666666666792e-01 9.180000000000000382e-01
1.353333333333333333e-01 9.216666666666666341e-01
1.406666666666666621e-01 9.230000000000000426e-01
1.493333333333333457e-01 9.240000000000000435e-01
1.529999999999999971e-01 9.253333333333333410e-01
1.586666666666666781e-01 9.256666666666666377e-01
1.613333333333333286e-01 9.280000000000000471e-01
1.653333333333333321e-01 9.300000000000000488e-01
1.700000000000000122e-01 9.313333333333333464e-01
1.739999999999999880e-01 9.333333333333333481e-01
1.763333333333333419e-01 9.353333333333333499e-01
1.823333333333333195e-01 9.386666666666666492e-01
1.876666666666666761e-01 9.419999999999999485e-01
1.946666666666666545e-01 9.449999999999999512e-01
1.983333333333333337e-01 9.469999999999999529e-01
2.039999999999999869e-01 9.479999999999999538e-01
2.106666666666666687e-01 9.503333333333333632e-01
2.159999999999999976e-01 9.516666666666666607e-01
2.226666666666666794e-01 9.539999999999999591e-01
2.280000000000000082e-01 9.543333333333333668e-01
2.316666666666666596e-01 9.559999999999999609e-01
2.366666666666666641e-01 9.566666666666666652e-01
2.426666666666666694e-01 9.573333333333333695e-01
2.500000000000000000e-01 9.589999999999999636e-01
2.580000000000000071e-01 9.606666666666666687e-01
2.700000000000000178e-01 9.619999999999999662e-01
2.826666666666666772e-01 9.639999999999999680e-01
2.963333333333333375e-01 9.646666666666666723e-01
3.043333333333333446e-01 9.656666666666666732e-01
3.193333333333333579e-01 9.663333333333333774e-01
3.326666666666666661e-01 9.689999999999999725e-01
3.436666666666666758e-01 9.703333333333333810e-01
3.616666666666666918e-01 9.726666666666666794e-01
3.706666666666666443e-01 9.736666666666666803e-01
3.920000000000000151e-01 9.759999999999999787e-01
4.243333333333333401e-01 9.779999999999999805e-01
4.420000000000000040e-01 9.813333333333332797e-01
4.640000000000000235e-01 9.833333333333332815e-01
4.969999999999999973e-01 9.859999999999999876e-01
5.396666666666666279e-01 9.879999999999999893e-01
5.986666666666666803e-01 9.913333333333332886e-01
7.033333333333333659e-01 9.953333333333332922e-01
7.750000000000000222e-01 9.986666666666667025e-01
1.000000000000000000e+00 1.000000000000000000e+00
