9.900990099009900902e-01
9.437171057727976597e-01
9.040761369638929956e-01
8.705317414890152428e-01
8.425747009416101330e-01
8.198154021446323325e-01
8.019733486539050160e-01
7.888712872083929462e-01
7.804338509575111660e-01
7.766909755681729033e-01
7.777867617160303393e-01
7.839949991736002710e-01
7.957433241719226169e-01
8.136490954091728511e-01
8.385717793322770008e-01
8.716893305482678045e-01
9.146104362147520206e-01
9.695418221852178942e-01
1.039542431930898569e+00
1.128918675770500757e+00
1.243856030748790475e+00
1.393460465132013937e+00
1.591538009110492924e+00
1.859760735774190987e+00
2.233557904320734977e+00
2.773621388283506572e+00
3.589467017727288489e+00
4.889205853183351991e+00
7.080068375122544388e+00
1.089064150444387735e+01
1.678548501073899857e+01
2.084002491185581007e+01
1.647726571596023248e+01
9.856266036340132430e+00
5.742088577158065199e+00
3.537426902610846469e+00
2.320149864677373497e+00
1.605143627486307789e+00
1.159451784716103218e+00
8.672144291983441278e-01
6.673822244490527078e-01
5.258982420723586904e-01
4.227708657920511981e-01
3.457347388904369323e-01
2.869725408616964901e-01
2.413352050441120444e-01
2.053328651337431587e-01
1.765404182299688263e-01
1.532352728198566327e-01
1.341698621163014971e-01
1.184249193395581212e-01
1.053125565877643943e-01
9.431085564831831469e-02
8.501886469815059244e-02
7.712508940828768922e-02
7.038508000836848910e-02
6.460525756317903046e-02
5.963108922407591578e-02
5.533834031181370655e-02
5.162653368849338259e-02
4.841401362628500182e-02
4.563419097390301882e-02
4.323266920111533407e-02
4.116503611603328922e-02
3.939516612601158541e-02
3.789392101738456309e-02
3.663816883823359932e-02
3.561006435043064661e-02
3.479655336710150981e-02
3.418907915949066789e-02
3.378348372461408705e-02
3.358011171474984541e-02
3.358414212664645460e-02
3.380619489973375746e-02
3.426328996653724840e-02
3.498028062578242142e-02
3.599195049362641924e-02
3.734606914734726890e-02
3.910787274918271772e-02
4.136672053328606380e-02
4.424616490383493500e-02
4.791953143407047533e-02
5.263466956569092664e-02
5.875448978070809541e-02
6.682570628342325569e-02
7.770008958751262185e-02
9.275795946042202089e-02
1.143403259188890825e-01
1.466258232736083467e-01
1.974769552713961096e-01
2.822539299166496041e-01
4.295670526245257137e-01
6.691526558695659599e-01
8.911033485619928030e-01
7.723223265752445776e-01
4.764518954515252203e-01
2.759872061041922509e-01
1.678186845969151519e-01
1.087402012154707054e-01
7.448188739662349456e-02
