2.581376705318753739e+00
1.169293181205270926e+00
2.246918743727318368e+00
2.892337228798011584e+00
7.416428060268300371e+00
7.513557250989419956e-01
2.866686332141427762e+00
2.330226376701404867e+00
3.894313529653848249e+00
3.198275738040464944e+00
5.642280593823434387e+00
2.556245968305606020e+00
1.226648699595778158e+00
6.182295180643503363e-01
2.037148634766114075e+00
2.671366935088693717e-01
3.050273963901968255e+00
7.400644748547271501e-01
4.870565755326317969e+00
3.441214722810805315e-01
6.140888908367679866e-01
2.335065554484507255e-01
1.011532027017105900e-01
1.776432347610438223e+00
1.730658975827719770e+00
3.905809755981493936e+00
1.132680049867549776e+00
2.388839130612114281e-01
3.935027944026009417e-01
5.981223854211414892e-01
2.270118910297650228e+00
1.472450178422607614e+00
1.444576304812765333e+00
8.429124882512730732e-01
2.151849240600787749e-01
1.186380582737458500e+00
1.839926133036876299e-01
6.665712790175315483e+00
6.669954446193364639e-01
3.562339701548036697e+00
1.932228020047959349e+00
1.928517713422637003e+00
3.680278499062703546e-01
1.536362504510823956e-01
4.538349429693039339e-02
7.459738113707646612e+00
8.073868931674250682e-01
1.298642148052961756e-02
2.116643898888185549e-01
3.445806990194531849e+00
7.103423771453665214e-01
2.516291095929088506e-01
2.460847342566672591e+00
3.161649351773254235e+00
5.898514937896423005e-01
2.903689594219444725e+00
1.003066930826933989e+00
3.085421067628967950e+00
1.090619154313673400e+00
2.278811676968267586e-01
2.649514137566134853e+00
3.014015507449047337e+00
4.173865667240481692e-01
5.543431246134911811e-02
4.195646378160176937e+00
1.088948200683041989e+00
1.535976442442494205e+00
3.380055522768468101e-01
1.989986169438291652e+00
3.625402116588435919e-01
2.644443808450951811e-02
9.451627922910621482e-01
1.020842927368290853e+00
6.480961296594821341e+00
1.014208091985493887e+00
1.123765127691119581e+00
4.991579606407516856e-01
2.823755132539259805e+00
5.495373569157089300e+00
2.945537649209193365e-01
2.523201324630302070e-02
1.203849143664284416e+00
1.292385557064666290e+00
1.738193439077870273e-01
7.783605599083190940e-01
2.927226841923759038e-01
2.299738176070599494e+00
3.124927459386299233e+00
7.312619495791642388e-01
2.531459435021050641e+00
2.553460897172754152e+00
1.314295157183115459e-01
4.081490416885164230e+00
2.416292145072492570e+00
5.842408420669336078e-01
5.944832808193283746e+00
7.688705765924308544e-01
7.535928013905291989e-01
1.992299614551021891e-01
6.755392635580792504e-01
1.250737158259326576e-01
1.790443641594500424e+00
4.528443831647999684e-01
2.137247622775932318e-02
1.624683103756504821e+00
1.171276222759438657e+00
3.127210780895095521e+00
2.535724809031183469e+00
1.424584318935874894e+00
1.318124707206476121e+00
3.340793122906366430e-01
6.174462913171870904e-01
7.999597966387649028e-02
3.255328609368229209e+00
7.617348692059656701e-01
1.605794496580028596e+00
7.242226570982557732e+00
4.034153534357104998e-01
4.374380598891211003e-01
4.659446614619410454e+00
2.599357748816138458e-01
8.983396441313626912e-01
3.086496033624142488e+00
2.931020685495347999e-01
1.008554181323249255e+00
1.102740127540725312e-01
4.170062963471218964e+00
2.751989496269279245e-01
1.492242583022261315e-01
3.407911130477163653e-01
3.068206037112842122e+00
6.236663996458341463e-02
5.918901915431418193e-02
1.817239897202358012e+00
5.861683434776193913e+00
2.216966919511370371e+00
4.373933505449779879e+00
1.820714912326677037e+00
3.224816407367865345e+00
5.557682446468483750e-01
1.293029815376318427e-02
1.558981233027813218e+00
2.505100810161508207e+00
4.577202127001840815e+00
3.402036060277053853e-01
2.878087255171138392e-01
1.324771453621876649e+00
1.519588514173867040e-02
6.407269148750164511e+00
6.840269363268165037e+00
1.576956871145117178e+00
4.703481716007278796e-02
4.600717847398610449e-01
1.531519472849933061e+00
6.514399482430700550e-01
2.703327540092172132e+00
3.314604864663858036e-02
2.227146022686332216e+00
2.146096302735015504e-01
3.046361225607248646e-01
2.448371517437730460e-01
1.467126491600036393e-02
1.680111586773195054e+00
1.169805773795806969e+00
1.618122658849324019e-02
4.348085263510090837e-01
3.441437539213896835e-01
4.624422079855442513e-01
4.586370622930228264e-02
2.849490043161913289e-02
1.983611534278275843e-02
3.566073911966079368e+00
4.007992727903734176e-01
3.487152290097614293e-01
9.771251456863415674e-01
2.323639650557647318e+00
3.010301305530168392e+00
1.260706302850000404e-01
1.104565118751827946e+00
1.135745829340141511e-01
4.954317106019696104e-01
2.062645431693312936e-01
1.233881958709716065e+00
4.979169903463307456e-01
2.537840549383942435e+00
2.185340091923017258e+00
3.018747914290139445e+00
9.686584174379881951e-01
4.168028645740895488e-02
2.297421147865606361e+00
2.677860113779727769e+00
6.743386090345450112e-01
2.866786302295116703e-02
1.030555487669938319e+00
9.655089864965774593e-01
1.922375744835242706e-01
3.850592633410662713e-01
4.238811534281701210e-01
6.162802717276535391e-01
7.424872860720064249e-01
