6.671447550187787744e-04
6.671447550187787744e-04
6.671447550187787744e-04
6.671447550187787744e-04
6.671447550187787744e-04
6.671447550187787744e-04
6.671447550187787744e-04
6.671447550187787744e-04
6.671447550187787744e-04
6.671447550187787744e-04
6.671447550187787744e-04
6.671447550187787744e-04
6.671447550187787744e-04
6.671447550187787744e-04
6.671447550187787744e-04
6.671447550187787744e-04
6.671447550187787744e-04
6.671447550187787744e-04
6.671447550187787744e-04
6.671447550187787744e-04
6.671447550187787744e-04
6.671447550187787744e-04
6.671447550187787744e-04
6.671447550187787744e-04
6.671447550187787744e-04
6.671447550187787744e-04
6.671447550187787744e-04
6.671447550187787744e-04
1.296446298933906158e-02
1.296446298933906158e-02
1.296446298933906158e-02
1.296446298933906158e-02
1.296446298933906158e-02
5.508709548583629739e-02
5.508709548583629739e-02
5.508709548583629739e-02
1.269095111192684311e-01
1.269095111192684311e-01
7.595341953350157049e-02
7.595341953350157049e-02
7.832696389392350411e-02
2.220916444587197613e-01
2.410060427505338054e-01
2.160743831556510286e-01
2.506462844605551465e-01
3.580661206579359712e-01
7.069510587348991626e-01
6.468291211885295322e-01
4.557205172010094230e-01
1.503877706763330879e+00
1.462103326019905447e+00
1.503877706763331101e+00
1.503877706763331101e+00
1.790330603289679745e+00
2.359023853746401667e+00
4.048901518208968042e+00
3.856096684008540887e+00
4.048901518208968042e+00
4.048901518208968042e+00
2.715334748322681513e+00
5.696506465012618037e+00
5.307803670929403417e+00
8.633372020308010875e+00
1.002585137842220675e+01
1.070943215422372141e+01
1.977320688522157610e+01
1.587426468250182765e+01
1.308930596627343590e+01
1.987266969651544812e+01
1.441216135648192420e+01
3.859952780692550078e+01
4.010340551368883411e+01
4.177438074342586560e+01
4.177438074342586560e+01
3.972743608699799722e+01
3.972743608699799722e+01
3.743523538878614687e+01
3.743523538878614687e+01
5.647374096751883599e+01
5.647374096751883599e+01
5.647374096751883599e+01
8.778448939478980151e+01
8.778448939478980151e+01
8.778448939478980151e+01
8.778448939478980151e+01
8.778448939478980151e+01
1.492082587494599011e+02
1.492082587494599011e+02
1.492082587494599011e+02
1.492082587494599011e+02
1.492082587494599011e+02
1.492082587494599011e+02
1.492082587494599011e+02
1.492082587494599011e+02
1.492082587494599011e+02
1.492082587494599011e+02
1.492082587494599011e+02
1.492082587494599011e+02
1.492082587494599011e+02
1.492082587494599011e+02
