2.646596260092052844e-01
2.713359823925723946e-01
2.800755262531464118e-01
2.908379551246841332e-01
3.037257077950548667e-01
3.185647953225734241e-01
3.353686240959359854e-01
3.542074874188980149e-01
3.754361154048680427e-01
3.992789160759743217e-01
4.264441626717433986e-01
4.581405398990166522e-01
4.965305600430624522e-01
5.441217655908490158e-01
6.046586445859380987e-01
6.832934231819811632e-01
7.865165935735100033e-01
9.214876004046999025e-01
1.097261449464709049e+00
1.324543521256582812e+00
1.614994946340425175e+00
1.982520353702966309e+00
2.441899531365306242e+00
3.006319598395239101e+00
3.693634667243720138e+00
4.521152798976148190e+00
5.500098658747270441e+00
6.655236367055380242e+00
7.990077886537108043e+00
9.442052078267334281e+00
1.084468775999048162e+01
1.193969291548469691e+01
1.244552527533936015e+01
1.218899713586473510e+01
1.126146930241027455e+01
9.891469316318984184e+00
8.347926822200134822e+00
6.900976895573828429e+00
5.674172190033373475e+00
4.693551261273917419e+00
3.929135526009483570e+00
3.333972512470210869e+00
2.871953062153335345e+00
2.520919966737818818e+00
2.263539134088685234e+00
2.080860242397073456e+00
1.948110915837324431e+00
1.838628265606187639e+00
1.730597161576046705e+00
1.609290338302420853e+00
1.473390407211875974e+00
1.328403383098899049e+00
1.183164129265789510e+00
1.049298624542071456e+00
9.329223079831301391e-01
8.363380345959020579e-01
7.580990916363671284e-01
6.948990100968904793e-01
6.433872839812353472e-01
6.002230770764641621e-01
5.623832531983514738e-01
5.276594525799555013e-01
4.944651548777745376e-01
4.617172268017350478e-01
4.293139301408769315e-01
3.980202861705585127e-01
3.689854601461576844e-01
3.434676699133510369e-01
3.226596122243466924e-01
3.074701575329836789e-01
2.978571715118840113e-01
2.935727478007076341e-01
2.940914921638441704e-01
2.982205328669060851e-01
3.045756510337665479e-01
3.117129728859435733e-01
3.180902064498618009e-01
3.226367908027309994e-01
3.247840955779798811e-01
3.245666364138659610e-01
3.225817061084312320e-01
3.199881001769843691e-01
3.180009064244592731e-01
3.178523858488826459e-01
3.208471094257113743e-01
3.279649949401150510e-01
3.402412627756524199e-01
3.587923395009866567e-01
3.848551126095355324e-01
4.197788341329095618e-01
4.653318493801046896e-01
5.237059760069697756e-01
5.976110677629795642e-01
6.895886289807678926e-01
8.034135834702069712e-01
9.440145643979543921e-01
1.117040999707958004e+00
1.329399366009907490e+00
1.588764332098769216e+00
1.902505585030370261e+00
