3.175041022450537237e-02
3.175041022450537237e-02
3.175041022450537237e-02
3.175041022450537237e-02
3.175041022450537237e-02
3.175041022450537237e-02
3.175041022450537237e-02
3.175041022450537237e-02
3.175041022450537237e-02
3.175041022450537237e-02
3.175041022450537237e-02
3.175041022450537237e-02
3.175041022450537237e-02
3.175041022450537237e-02
3.175041022450537237e-02
3.175041022450537237e-02
3.175041022450537237e-02
3.175041022450537237e-02
3.175041022450537237e-02
3.175041022450537237e-02
3.175041022450537237e-02
3.175041022450537237e-02
3.175041022450537237e-02
3.175041022450537237e-02
3.175041022450537237e-02
3.175041022450537237e-02
3.175041022450537237e-02
3.175041022450537237e-02
3.175041022450537237e-02
3.175041022450537237e-02
3.175041022450537237e-02
3.175041022450537237e-02
3.175041022450537237e-02
3.175041022450537237e-02
3.175041022450537237e-02
3.175041022450537237e-02
3.175041022450537237e-02
3.175041022450537237e-02
3.175041022450537237e-02
3.175041022450537237e-02
1.434783988686310907e-01
1.434783988686310907e-01
1.434783988686310907e-01
1.434783988686310907e-01
1.226213036528682049e-01
1.226213036528682049e-01
2.143395059697811300e-01
2.143395059697811300e-01
2.699263518483326352e-01
2.699263518483326352e-01
4.299684483987734063e-01
3.052008182830579508e-01
3.255475395019284957e-01
4.570495012711803251e-01
6.071021682603530145e-01
6.323585299677747518e-01
7.813140948046283230e-01
6.921089422481944142e-01
1.183809234552467116e+00
1.795298931076811488e+00
8.764741448128843260e-01
1.509356774054395611e+00
2.343942284413885080e+00
1.775713851828700784e+00
4.120211046821282252e+00
3.255475395019284512e+00
2.441606546264463606e+00
4.883213092528927213e+00
6.691810534206307004e+00
6.714418002227274584e+00
5.634476645225684699e+00
1.790511467260606437e+01
8.138688487548211725e+00
7.227155376942811849e+00
1.953285237011570885e+01
2.056089723170074279e+01
3.462642011065965875e+01
2.522993431139945741e+01
3.448769246598554616e+01
2.807847528204133170e+01
3.715488222576357202e+01
6.012456120176241825e+01
5.412227844219560779e+01
9.735906103229548592e+01
1.231267301187650816e+02
1.937007860036474369e+02
1.937007860036474369e+02
3.353139656869863074e+02
3.353139656869863074e+02
3.826663350690849938e+02
3.826663350690849938e+02
6.227974851856123450e+02
6.227974851856123450e+02
6.227974851856123450e+02
6.227974851856123450e+02
1.893465876628091337e+03
1.893465876628091337e+03
1.893465876628091337e+03
1.893465876628091337e+03
1.893465876628091337e+03
