0.000000000000000000e+00 0.000000000000000000e+00
6.666666666666666444e-04 1.299999999999999940e-02
3.666666666666666598e-03 4.933333333333333320e-02
6.333333333333333176e-03 8.200000000000000344e-02
8.000000000000000167e-03 1.296666666666666801e-01
1.166666666666666720e-02 1.556666666666666754e-01
1.533333333333333250e-02 1.826666666666666716e-01
1.799999999999999864e-02 2.206666666666666776e-01
2.233333333333333351e-02 2.513333333333333530e-01
2.599999999999999881e-02 2.706666666666666665e-01
2.866666666666666669e-02 2.989999999999999880e-01
3.166666666666666935e-02 3.223333333333333606e-01
3.466666666666666508e-02 3.496666666666666812e-01
3.966666666666666952e-02 3.689999999999999947e-01
4.266666666666666524e-02 3.830000000000000071e-01
4.700000000000000011e-02 3.930000000000000160e-01
5.099999999999999672e-02 4.116666666666666807e-01
5.500000000000000028e-02 4.266666666666666941e-01
5.999999999999999778e-02 4.416666666666666519e-01
6.566666666666666485e-02 4.553333333333333122e-01
6.833333333333332926e-02 4.779999999999999805e-01
7.399999999999999634e-02 4.956666666666666443e-01
7.799999999999999989e-02 5.073333333333333028e-01
8.200000000000000344e-02 5.223333333333333162e-01
8.866666666666667140e-02 5.326666666666666217e-01
9.266666666666666108e-02 5.443333333333333357e-01
9.733333333333332726e-02 5.520000000000000462e-01
1.003333333333333299e-01 5.646666666666666501e-01
1.033333333333333326e-01 5.779999999999999583e-01
1.086666666666666614e-01 5.886666666666666714e-01
1.150000000000000050e-01 5.973333333333333828e-01
1.236666666666666609e-01 6.089999999999999858e-01
1.286666666666666792e-01 6.213333333333332931e-01
1.346666666666666567e-01 6.273333333333332984e-01
1.396666666666666612e-01 6.383333333333333082e-01
1.439999999999999891e-01 6.480000000000000204e-01
1.483333333333333448e-01 6.560000000000000275e-01
1.559999999999999998e-01 6.636666666666666270e-01
1.559999999999999998e-01 6.646666666666666279e-01
1.583333333333333259e-01 6.676666666666666305e-01
1.636666666666666548e-01 6.760000000000000453e-01
1.676666666666666583e-01 6.843333333333333490e-01
1.723333333333333384e-01 6.899999999999999467e-01
1.773333333333333428e-01 6.963333333333333597e-01
1.846666666666666734e-01 7.026666666666666616e-01
1.953333333333333310e-01 7.099999999999999645e-01
2.016666666666666607e-01 7.169999999999999707e-01
2.119999999999999940e-01 7.229999999999999760e-01
2.179999999999999993e-01 7.296666666666666856e-01
2.256666666666666543e-01 7.376666666666666927e-01
2.326666666666666605e-01 7.413333333333332886e-01
2.369999999999999885e-01 7.479999999999999982e-01
2.429999999999999938e-01 7.536666666666667069e-01
2.493333333333333235e-01 7.606666666666667131e-01
2.570000000000000062e-01 7.670000000000000151e-01
2.626666666666666594e-01 7.710000000000000187e-01
2.700000000000000178e-01 7.740000000000000213e-01
2.770000000000000240e-01 7.793333333333333224e-01
2.853333333333333277e-01 7.853333333333333277e-01
2.903333333333333321e-01 7.866666666666666252e-01
2.966666666666666896e-01 7.886666666666666270e-01
3.049999999999999933e-01 7.936666666666666314e-01
3.106666666666666465e-01 7.973333333333333384e-01
3.183333333333333570e-01 8.013333333333333419e-01
3.286666666666666625e-01 8.070000000000000506e-01
3.403333333333333210e-01 8.113333333333333508e-01
3.486666666666666803e-01 8.163333333333333552e-01
3.589999999999999858e-01 8.193333333333333579e-01
3.649999999999999911e-01 8.243333333333333623e-01
3.743333333333333512e-01 8.283333333333333659e-01
3.843333333333333601e-01 8.316666666666666652e-01
3.893333333333333091e-01 8.343333333333333712e-01
3.983333333333333171e-01 8.376666666666666705e-01
4.060000000000000275e-01 8.416666666666666741e-01
4.169999999999999818e-01 8.469999999999999751e-01
4.239999999999999880e-01 8.496666666666666812e-01
4.293333333333333446e-01 8.543333333333332780e-01
4.420000000000000040e-01 8.586666666666666892e-01
4.483333333333333059e-01 8.629999999999999893e-01
4.573333333333333139e-01 8.659999999999999920e-01
4.680000000000000271e-01 8.679999999999999938e-01
4.779999999999999805e-01 8.713333333333332931e-01
4.909999999999999920e-01 8.753333333333332966e-01
5.006666666666667043e-01 8.780000000000000027e-01
5.093333333333333046e-01 8.803333333333333011e-01
5.190000000000000169e-01 8.833333333333333037e-01
5.283333333333333215e-01 8.853333333333333055e-01
5.410000000000000364e-01 8.910000000000000142e-01
5.600000000000000533e-01 8.970000000000000195e-01
5.713333333333333597e-01 9.013333333333333197e-01
5.846666666666666679e-01 9.040000000000000258e-01
5.943333333333333801e-01 9.060000000000000275e-01
6.039999999999999813e-01 9.073333333333333250e-01
6.173333333333332895e-01 9.110000000000000320e-01
6.219999999999999973e-01 9.133333333333333304e-01
6.360000000000000098e-01 9.156666666666666288e-01
6.470000000000000195e-01 9.190000000000000391e-01
6.563333333333333242e-01 9.213333333333333375e-01
6.673333333333333339e-01 9.256666666666666377e-01
6.776666666666666394e-01 9.296666666666666412e-01
6.923333333333333561e-01 9.330000000000000515e-01
7.026666666666666616e-01 9.350000000000000533e-01
7.206666666666666776e-01 9.433333333333333570e-01
7.286666666666666847e-01 9.446666666666666545e-01
7.423333333333332895e-01 9.476666666666666572e-01
7.530000000000000027e-01 9.493333333333333623e-01
7.770000000000000240e-01 9.539999999999999591e-01
7.906666666666666288e-01 9.569999999999999618e-01
8.030000000000000471e-01 9.606666666666666687e-01
8.159999999999999476e-01 9.623333333333333739e-01
8.273333333333333650e-01 9.653333333333333766e-01
8.369999999999999662e-01 9.679999999999999716e-01
8.493333333333333846e-01 9.703333333333333810e-01
8.599999999999999867e-01 9.723333333333333828e-01
8.733333333333332948e-01 9.736666666666666803e-01
8.860000000000000098e-01 9.766666666666666829e-01
8.970000000000000195e-01 9.786666666666666847e-01
9.113333333333333286e-01 9.833333333333332815e-01
9.206666666666666332e-01 9.859999999999999876e-01
9.313333333333333464e-01 9.866666666666666918e-01
9.379999999999999449e-01 9.883333333333332860e-01
9.506666666666666599e-01 9.906666666666666954e-01
9.649999999999999689e-01 9.929999999999999938e-01
9.769999999999999796e-01 9.969999999999999973e-01
9.893333333333332869e-01 9.993333333333332957e-01
1.000000000000000000e+00 1.000000000000000000e+00
