1.784169829032902443e+00
1.397603549027914394e+00
1.629421361570507099e+00
2.075637549390114245e+00
6.597824431096138476e+00
7.111972814676013055e-01
2.538239728628160385e+00
2.428070148985836951e+00
5.881289204971674067e+00
2.335085041171953701e+00
6.613239927127301243e+00
1.765485440065041045e+00
1.474301325796150586e+00
9.565421353821401684e-01
3.606733689328042392e+00
2.595360093293305748e-01
5.103804417159418350e+00
1.159966908486122827e+00
6.403105825798072637e+00
3.059649502666043630e-01
5.232047356144156058e-01
2.372631710096546609e-01
1.372486661076496028e-01
3.129494754299170900e+00
1.720402131991972228e+00
5.888730124425942236e+00
1.346134196864501087e+00
2.409671343016126233e-01
6.039903269741294656e-01
9.229576846968379211e-01
1.632371184438985656e+00
1.693373681674724907e+00
2.489268971939019526e+00
8.602103741326185826e-01
3.332586701087418835e-01
1.421841181147198929e+00
2.015263839437665683e-01
6.672107039361553582e+00
5.894107135425902255e-01
5.611389377369685683e+00
3.422547908908066372e+00
1.666645280444017274e+00
3.201451789374012424e-01
2.435252841630920484e-01
9.464929052886007776e-02
6.591367978620214174e+00
8.008826114064584445e-01
7.519200944475200321e-02
2.219521409203242812e-01
5.514958596209036834e+00
6.494702280167661268e-01
2.495067519460113792e-01
4.311154184796464506e+00
2.523710286863760199e+00
4.960986032897726772e-01
2.086830704673992010e+00
1.632006983220340990e+00
5.141525724586485602e+00
1.280565405755634822e+00
2.333206790702100908e-01
4.582493581147400796e+00
2.192937020280121274e+00
3.503979142931396007e-01
1.019045939936738393e-01
6.085368521643782280e+00
1.794515174977649341e+00
1.715620786257281871e+00
5.192760901604284163e-01
1.650310447086005272e+00
3.168186473227775912e-01
8.835858495783235900e-02
1.037323521854509378e+00
1.167164556263678543e+00
6.678189651205210353e+00
1.653081265880860462e+00
1.860807876671974670e+00
7.663111197901980587e-01
2.007136287178917122e+00
6.581095055787911541e+00
2.766894783449150852e-01
8.000646929679627872e-02
1.446767214190141537e+00
2.189574985043486244e+00
2.723349864684391219e-01
7.533611142395755245e-01
2.755847962711301391e-01
4.051617826743482809e+00
2.280677521949998621e+00
1.144660010355823765e+00
2.476555898175567094e+00
1.763512572645160370e+00
2.127945330178088179e-01
6.005770145565848317e+00
4.245160290068816344e+00
9.009361165636219360e-01
6.650822167735809032e+00
7.383343326637322734e-01
7.146440941682863368e-01
2.129129989961728586e-01
1.050835659240778375e+00
1.558993364633486645e-01
1.706828364652419605e+00
3.735357122460901680e-01
8.375411885375211307e-02
1.729139392250655938e+00
2.168228569124453831e+00
2.282367762440501657e+00
1.751142692142667601e+00
1.663256892984937396e+00
1.576597826426731075e+00
3.002323843243815404e-01
5.270282625134179444e-01
1.208488217684074439e-01
2.390174503842875442e+00
7.271937418314972090e-01
1.727832931810827422e+00
6.622836352323695941e+00
3.410731154487738892e-01
3.635453011299989434e-01
6.325710218091857406e+00
2.549014185921135711e-01
9.564011719025667935e-01
5.142605224537030395e+00
2.758141343034636317e-01
1.146103326250063503e+00
1.445662444926906487e-01
6.067274620028216603e+00
2.647212475350817495e-01
2.373388104455551040e-01
5.235664635563903602e-01
2.543834829200850578e+00
1.262990390638649707e-01
1.229454475602447250e-01
3.206673080080915561e+00
6.644130788350286032e+00
1.627321968875388825e+00
6.179442688497827518e+00
1.698440264642216757e+00
2.491417267320236828e+00
4.603182203564729069e-01
7.268640598443305845e-02
2.711765850201947270e+00
1.730536256273978335e+00
6.282185711022537866e+00
5.226619703905064362e-01
2.725924290565739372e-01
2.252675962545029886e+00
7.365230430805508322e-02
6.680514139812349761e+00
6.665997812148439117e+00
1.725817936893862203e+00
9.584870879680548739e-02
3.791232701832496499e-01
2.658481739641939345e+00
5.691154360674637314e-01
1.889139347540637726e+00
8.573665630554189176e-02
1.628033138054759243e+00
2.240420477878236061e-01
4.684750750006753672e-01
3.776384559829345511e-01
7.345759626202259807e-02
1.727981670551258953e+00
1.398328591385904485e+00
7.814060629665781077e-02
3.618364252248358892e-01
5.287240253847800275e-01
3.809542287526728188e-01
9.500040917562523057e-02
9.064026802240018887e-02
7.674183812820595252e-02
5.614535603034306099e+00
3.393324730039157244e-01
3.085423784781324841e-01
1.093238188188127236e+00
1.646645866240155076e+00
2.189135020505483809e+00
1.567214049631125983e-01
1.302853587515036660e+00
1.890461713932140297e-01
4.063624827076824375e-01
2.180705279503614424e-01
1.482905448224354439e+00
4.082717286257123712e-01
1.752600998794410669e+00
1.625126894170091596e+00
2.545706619184441077e+00
1.566912496619388584e+00
9.187222179065213101e-02
1.639588496962529174e+00
2.508144985141133709e+00
1.048880254617053254e+00
8.262910752646461521e-02
1.183970968162994408e+00
1.073921134398328370e+00
2.076675031856090037e-01
3.302575051520034721e-01
3.546859834970345071e-01
9.532984686502615768e-01
6.974497306839928523e-01
