1.683216162366957391e+01
1.683216162366957391e+01
1.683216162366957391e+01
1.683216162366957391e+01
1.683216162366957391e+01
1.683216162366957391e+01
1.683216162366957391e+01
1.683216162366957391e+01
1.683216162366957391e+01
1.683216162366957391e+01
1.683216162366957391e+01
1.683216162366957391e+01
1.683216162366957391e+01
1.683216162366957391e+01
1.683216162366957391e+01
1.683216162366957391e+01
1.683216162366957391e+01
1.683216162366957391e+01
1.683216162366957391e+01
1.683216162366957391e+01
1.683216162366957391e+01
1.683216162366957391e+01
1.683216162366957391e+01
1.683216162366957391e+01
1.683216162366957391e+01
1.683216162366957391e+01
1.683216162366957391e+01
1.683216162366957391e+01
1.683216162366957391e+01
1.683216162366957391e+01
1.683216162366957391e+01
1.683216162366957391e+01
1.683216162366957391e+01
1.683216162366957391e+01
1.683216162366957391e+01
1.683216162366957391e+01
1.683216162366957391e+01
1.683216162366957391e+01
1.683216162366957391e+01
1.035903376598350611e+01
1.035903376598350611e+01
1.035903376598350611e+01
1.035903376598350611e+01
1.035903376598350611e+01
6.299323007207105363e+00
6.299323007207105363e+00
4.520690628701570013e+00
4.520690628701570013e+00
3.287293770987909536e+00
4.820603249816761249e+00
4.820603249816761249e+00
2.358937659736694670e+00
3.139162631924874880e+00
2.354371973943655938e+00
1.509212803810035863e+00
1.400143643198554111e+00
2.024120701580518489e+00
9.980428944081227716e-01
1.331658356302972912e+00
8.425765599880626899e-01
8.049134953653525049e-01
4.413496266604138296e-01
5.580282635936266722e-01
2.998697335674842535e-01
4.037027438055327822e-01
2.556784044101707565e-01
2.897688583315268795e-01
2.525218808989341257e-01
1.978463843650131171e-01
2.786239022418527944e-01
2.727236313708488180e-01
1.544723693311448320e-01
1.278392022050853782e-01
6.834171187064314035e-02
5.778043037517983233e-02
5.326633425211890760e-02
3.994975068908918070e-02
4.950002778984787660e-02
2.289131719925771580e-02
3.180079656842919877e-02
2.963160316011912918e-02
1.904494632477994609e-02
1.631122197194071963e-02
8.101343612489568177e-03
1.047862313156437686e-02
9.238605398741491642e-03
7.687924531233656517e-03
4.261306740169512781e-03
4.261306740169512781e-03
2.783768222221290247e-03
2.783768222221290247e-03
2.783768222221290247e-03
1.270514830104207743e-03
1.270514830104207743e-03
1.270514830104207743e-03
1.270514830104207743e-03
1.510030737125979058e-04
1.510030737125979058e-04
1.510030737125979058e-04
1.510030737125979058e-04
