0.000000000000000000e+00 0.000000000000000000e+00
2.666666666666666578e-03 3.333333333333333222e-04
9.333333333333334106e-03 6.666666666666666444e-04
1.200000000000000025e-02 1.333333333333333289e-03
1.766666666666666732e-02 1.666666666666666774e-03
2.333333333333333440e-02 2.333333333333333526e-03
2.800000000000000058e-02 2.666666666666666578e-03
3.633333333333333554e-02 3.333333333333333547e-03
3.966666666666666952e-02 3.333333333333333547e-03
4.599999999999999922e-02 4.333333333333333134e-03
5.433333333333333071e-02 4.333333333333333134e-03
5.600000000000000117e-02 6.000000000000000125e-03
5.999999999999999778e-02 7.666666666666666248e-03
6.600000000000000311e-02 7.666666666666666248e-03
7.499999999999999722e-02 8.999999999999999320e-03
9.433333333333333848e-02 1.233333333333333330e-02
1.083333333333333370e-01 1.433333333333333334e-02
1.170000000000000068e-01 1.466666666666666639e-02
1.343333333333333324e-01 1.600000000000000033e-02
1.406666666666666621e-01 1.666666666666666644e-02
1.446666666666666656e-01 1.733333333333333254e-02
1.986666666666666581e-01 1.933333333333333431e-02
2.236666666666666803e-01 2.000000000000000042e-02
2.590000000000000080e-01 2.166666666666666741e-02
3.410000000000000253e-01 2.466666666666666660e-02
5.133333333333333082e-01 2.900000000000000147e-02
9.286666666666666403e-01 3.300000000000000155e-02
1.000000000000000000e+00 1.000000000000000000e+00
