3.873901852215397290e-01
8.552175075281216454e-01
4.450539223065727579e-01
3.457411501132517384e-01
1.348357985641707169e-01
1.330927504236845138e+00
3.488348162782760609e-01
4.291428549596835729e-01
2.567846662538458835e-01
3.126684757370810086e-01
1.772332983748970137e-01
3.911986610047720192e-01
8.152293320243468866e-01
1.617522248259766648e+00
4.908821982519750438e-01
3.743401877386785426e+00
3.278394045368898668e-01
1.351233620822425596e+00
2.053149572832329017e-01
2.905950603347395411e+00
1.628428742030136656e+00
4.282535015256827116e+00
9.885994444969650630e+00
5.629260249314569364e-01
5.778145862166353952e-01
2.560288550840360000e-01
8.828618462176810455e-01
4.186133704799789967e+00
2.541278014348429259e+00
1.671898635420398405e+00
4.405055591862733766e-01
6.791401262019408636e-01
6.922444987283743467e-01
1.186362776608784753e+00
4.647165708136709483e+00
8.428998371606830631e-01
5.435000797284494922e+00
1.500214652923410608e-01
1.499260614247094114e+00
2.807143854263656757e-01
5.175372624889164053e-01
5.185329608537792012e-01
2.717185670200450431e+00
6.508880534795391526e+00
2.203444259838839869e+01
1.340529633557040468e-01
1.238563578951526800e+00
7.700350720167890017e+01
4.724460267148726800e+00
2.902077808901146194e-01
1.407771846611028055e+00
3.974103002700372311e+00
4.063640936609242971e-01
3.162906093426003373e-01
1.695341981038753332e+00
3.443894285362878449e-01
9.969424464782168371e-01
3.241048719384233001e-01
9.169103587120656096e-01
4.388252044286523379e+00
3.774276897871577385e-01
3.317832962466618074e-01
2.395860527684740227e+00
1.803936867977279590e+01
2.383422981510914807e-01
9.183173261802083376e-01
6.510516518142752673e-01
2.958531282293670905e+00
5.025160553162374422e-01
2.758314713351071923e+00
3.781513514502600515e+01
1.058018796503841674e+00
9.795826303836738802e-01
1.542980978030855654e-01
9.859909498871389788e-01
8.898656626359223720e-01
2.003373839247870158e+00
3.541383558640053275e-01
1.819712504373720841e-01
3.394965942019027239e+00
3.963219225665709899e+01
8.306688635057654091e-01
7.737629026675695298e-01
5.753099612034609400e+00
1.284751632479666172e+00
3.416202617706268985e+00
4.348321084570720974e-01
3.200074283312768220e-01
1.367499020803000231e+00
3.950290437862317705e-01
3.916253431204766433e-01
7.608640985509421029e+00
2.450085380239999111e-01
4.138572407476822090e-01
1.711622892473913859e+00
1.682133093165850968e-01
1.300609010728327020e+00
1.326976582253440284e+00
5.019325370021499921e+00
1.480298857438691718e+00
7.995284967720301061e+00
5.585207915896410746e-01
2.208264112742849505e+00
4.678915018284894956e+01
6.155046468371916379e-01
8.537695725130279856e-01
3.197737760784298278e-01
3.943645605542136501e-01
7.019591516681669141e-01
7.586535587511419321e-01
2.993301180918491067e+00
1.619574065084621317e+00
1.250062820908944339e+01
3.071886497486571166e-01
1.312792731994010698e+00
6.227446925056531191e-01
1.380790824753676815e-01
2.478834757981919434e+00
2.286037937013238874e+00
2.146177610153134629e-01
3.847104156615009263e+00
1.113164721753915787e+00
3.239919925721747584e-01
3.411780766163369005e+00
9.915183720600654338e-01
9.068319679543620282e+00
2.398045326317053694e-01
3.633734799335698540e+00
6.701323306125503088e+00
2.934348818714599183e+00
3.259233532246720300e-01
1.603421317178345618e+01
1.689502570388703262e+01
5.502850787832144208e-01
1.705994551099774825e-01
4.510667214738615094e-01
2.286271610562968792e-01
5.492348050920876634e-01
3.100951724616820004e-01
1.799311151063389236e+00
7.733773715874941956e+01
6.414445400717402324e-01
3.991855321525077938e-01
2.184740748285503575e-01
2.939416226877272997e+00
3.474529822552365310e+00
7.548471830865894905e-01
6.580728866219784834e+01
1.560727318900073379e-01
1.461930732391826249e-01
6.341327516927230956e-01
2.126084590903621674e+01
2.173573849057992557e+00
6.529463175150798104e-01
1.535060910367862075e+00
3.699144795328442314e-01
3.016950860902728593e+01
4.490051347391326719e-01
4.659623143311816484e+00
3.282604806003149633e+00
4.084347464744729095e+00
6.816044872241438668e+01
5.951985617339796697e-01
8.548427631325342668e-01
6.180001216416546583e+01
2.299862903775550915e+00
2.905762457128374443e+00
2.162432370427699979e+00
2.180373289067294706e+01
3.509399874548633846e+01
5.041309665321357869e+01
2.804204356630037309e-01
2.495014506982454972e+00
2.867669424245327114e+00
1.023410362955700093e+00
4.303593286334270185e-01
3.321926606359698053e-01
7.932061557393360829e+00
9.053336765966429889e-01
8.804786900084778267e+00
2.018441651191360986e+00
4.848142994596301492e+00
8.104502970816681584e-01
2.008366895261880725e+00
3.940357877262024022e-01
4.575946799749770477e-01
3.312631688344042091e-01
1.032355660156144106e+00
2.399215756402852406e+01
4.352706515864707693e-01
3.734325011430588703e-01
1.482934517766536509e+00
3.488226517614554467e+01
9.703504682324058939e-01
1.035723140836395384e+00
5.201896677518187850e+00
2.597002838792245694e+00
2.359151832801308135e+00
1.622638344720403136e+00
1.346824408657982142e+00
