5.520360762252115583e-01
5.603277279396323696e-01
5.656127334391165551e-01
5.692754596673422762e-01
5.722692801336787261e-01
5.837638222919624420e-01
5.953240330363571697e-01
6.069504602828603712e-01
6.186436580545080499e-01
6.304041865667374678e-01
6.422326123141383070e-01
6.623120859844920938e-01
7.144338928494463614e-01
7.732223950444212512e-01
8.400439470037378564e-01
9.166656654946310212e-01
1.005413989711458234e+00
1.109414990559620673e+00
1.181194875674440370e+00
1.186607202182176302e+00
1.192019699697983270e+00
1.197432360595612533e+00
1.202845177247900743e+00
1.208258142026795712e+00
1.213671247303420575e+00
1.250873436510738568e+00
1.311372806612016495e+00
1.375724608814848704e+00
1.444308812367438355e+00
1.517557054191305266e+00
1.595961730052580574e+00
1.680087075310010558e+00
1.641417771178762974e+00
1.578751682071787510e+00
1.522693587300239626e+00
1.472250704696842938e+00
1.426619641063861632e+00
1.385143286741240098e+00
1.347278970683328136e+00
1.366826620154828476e+00
1.385353474609370306e+00
1.402862479219995739e+00
1.419435248422503237e+00
1.435144898321374818e+00
1.450057124765955940e+00
1.444734686500405596e+00
1.362230036816763690e+00
1.286125721585600790e+00
1.215704882301776202e+00
1.150353861518375709e+00
1.089544276615197926e+00
1.032818704701900625e+00
1.003436738586358290e+00
1.012490698547186208e+00
1.021876124551921006e+00
1.031611544512442968e+00
1.041716893426647639e+00
1.052213649538507934e+00
1.063124986621159840e+00
1.047186417298493932e+00
1.011815671163366570e+00
9.763752072293798712e-01
9.408648693009983299e-01
9.052845007637166930e-01
8.696339445825985726e-01
8.339130433009449561e-01
8.197062194250356315e-01
8.112247508887640013e-01
8.021767080360373559e-01
7.925033712626405880e-01
7.821376163702783435e-01
7.710023550662260527e-01
7.590086148352367390e-01
7.668522456165173251e-01
7.767546335439260430e-01
7.884752215212087467e-01
8.025653741207682268e-01
8.198244577795508192e-01
8.414569449982534088e-01
8.633889279048319043e-01
8.562924085350511749e-01
8.477536742570086492e-01
8.372833651667273003e-01
8.241424936920960231e-01
8.071600065534239032e-01
7.843629564894023520e-01
7.697050623792959234e-01
7.867152579426575087e-01
8.089060209131262447e-01
8.390690947294333624e-01
8.824413543194402632e-01
9.501322173151180994e-01
1.070562070641752017e+00
1.124486237841391345e+00
1.038580377434491941e+00
9.430953725345477823e-01
8.363345592375638349e-01
7.161754472405844618e-01
5.799271848703750898e-01
4.241266642550932664e-01
