5.138391106322381940e-02
5.749515495847334901e-02
6.725425784922922645e-02
7.944046405480431616e-02
9.327014432425440038e-02
9.975027247670598118e-02
1.074996851221590166e-01
1.167085674264844997e-01
1.275730561647152594e-01
1.402932373840927172e-01
1.550698279852842365e-01
1.639166043194457689e-01
1.432277819846348166e-01
1.185435117669233485e-01
8.862853209328047654e-02
5.179783997385389860e-02
5.739434696040657258e-03
-5.274742271407339977e-02
-7.637586925814066063e-02
-3.132171389608751078e-02
1.556952896593211122e-02
6.365086797321795054e-02
1.121032651410542869e-01
1.599479807193400216e-01
2.060774406918544077e-01
2.175168262459996615e-01
2.015619336885396962e-01
1.765307604839971845e-01
1.410676489240687559e-01
9.398893260652818604e-02
3.432668790625204025e-02
-3.865677413691659403e-02
3.678176425362167379e-03
6.292425309003091272e-02
1.090817854923196162e-01
1.439004138481598805e-01
1.690275217372352312e-01
1.859923794054758606e-01
1.961895412736287536e-01
1.466149016298163854e-01
9.641778669324274631e-02
4.622041067341498000e-02
-3.528478096680442988e-03
-5.246350047738412847e-02
-1.002967004034576171e-01
-1.273127293972642349e-01
-7.635127130428287501e-02
-3.083726910537021304e-02
1.005811339274509386e-02
4.702347004177442891e-02
8.063256664800855233e-02
1.113650348981101157e-01
1.159656486317595103e-01
8.333300128490761516e-02
5.155258062593426338e-02
2.057986812499446039e-02
-9.635795587113138438e-03
-3.914954015453342429e-02
-6.801969669588658896e-02
-6.901732640643576389e-02
-4.959522306372643463e-02
-2.914973228515305159e-02
-7.712848329794574909e-03
1.468563568281588960e-02
3.801853353276773984e-02
6.226164427781100130e-02
6.580955223920881281e-02
6.443376299887437764e-02
6.441323975608215235e-02
6.579855569735382215e-02
6.865421703660623542e-02
7.306112174343915022e-02
7.911963817079303851e-02
6.615440798263261257e-02
5.197561906334469128e-02
3.686912445522605442e-02
2.034611911476014168e-02
1.691861977661357486e-03
-2.018484302010647990e-02
-4.105902163097141511e-02
-3.140097717516698861e-02
-1.852638925132177317e-02
-1.580053814646542598e-03
2.067641096033601134e-02
5.010308332465807091e-02
8.963332854707539710e-02
1.266613960698144137e-01
1.395459014755590088e-01
1.573516019626116647e-01
1.805131738913240413e-01
2.067526756892212880e-01
2.238481803471903397e-01
1.877727679165794861e-01
1.737798989475189959e-01
2.022570599461752661e-01
1.542617467146211174e-01
1.054685468348629529e-01
1.062307705284739612e-01
1.634274030306621661e-01
2.693372341994192398e-01
