6.034199872884353777e-01
6.178228828981057186e-01
6.328669912883457815e-01
6.487159237221465924e-01
6.655394244579331264e-01
6.835140947686684232e-01
7.028237181585161863e-01
7.236590277093448709e-01
7.462167142192233094e-01
7.706974239508301849e-01
7.973024402994225435e-01
8.262286903039378627e-01
8.576616748340811780e-01
8.917659068113445997e-01
9.286724790970183330e-01
9.684635054684849198e-01
1.011153424407498891e+00
1.056667567845547273e+00
1.104819006416299709e+00
1.155285488286088791e+00
1.207589228663915382e+00
1.261083228568830483e+00
1.314948442388955030e+00
1.368206122746135733e+00
1.419748687995274983e+00
1.468390262756738229e+00
1.512934740300556191e+00
1.552255369298845888e+00
1.585376461291507111e+00
1.611545986797833452e+00
1.630288417958832614e+00
1.641430301173093964e+00
1.645095947604125142e+00
1.641675935161818423e+00
1.631775372792559242e+00
1.616151118545002818e+00
1.595647162801096863e+00
1.571135666146715959e+00
1.543468511956956890e+00
1.513441521784644861e+00
1.481771261302613052e+00
1.449082889893410719e+00
1.415906770325822794e+00
1.382681397843990689e+00
1.349760424362498323e+00
1.317421957103141361e+00
1.285878765512480815e+00
1.255288452480230577e+00
1.225762995694521296e+00
1.197377331560150138e+00
1.170176843263206479e+00
1.144183739600010741e+00
1.119402387218117800e+00
1.095823699832093823e+00
1.073428705177855269e+00
1.052191412637437429e+00
1.032081097839534500e+00
1.013064109383974509e+00
9.951052899252732509e-01
9.781690908920581684e-01
9.622204480996401355e-01
9.472254749442268196e-01
9.331520209712037550e-01
9.199701364465325826e-01
9.076524781153663124e-01
8.961746875787559574e-01
8.855157716642444443e-01
8.756585138876383789e-01
8.665899477921195082e-01
8.583019269599944101e-01
8.507918334068845789e-01
8.440634768096652030e-01
8.381282530060297775e-01
8.330066535991499377e-01
8.287302526072707343e-01
8.253443459764348011e-01
8.229114932355283685e-01
8.215163197572121767e-01
8.212721019781469289e-01
8.223299062738604892e-01
8.248914313598841863e-01
8.292272850056868760e-01
8.357033113520807577e-01
8.448189046524320345e-01
8.572630898780819741e-01
8.739962850364777491e-01
8.963664584491103371e-01
9.262611594182165176e-01
9.662576228757379093e-01
1.019582268620757404e+00
1.089194030008661551e+00
1.173980397662308439e+00
1.258334838558331503e+00
1.298266136788910341e+00
1.240837437380667208e+00
1.097357119249168900e+00
9.418031060724267878e-01
8.224062177690584230e-01
7.433545879010372559e-01
6.934638984545125062e-01
