0.000000000000000000e+00 0.000000000000000000e+00
9.833333333333332815e-02 1.673333333333333339e-01
1.516666666666666718e-01 2.340000000000000135e-01
2.576666666666666550e-01 3.519999999999999796e-01
3.883333333333333082e-01 4.949999999999999956e-01
3.986666666666666692e-01 5.103333333333333055e-01
4.013333333333333197e-01 5.126666666666667149e-01
5.573333333333333472e-01 6.693333333333333357e-01
7.416666666666666963e-01 8.043333333333333446e-01
8.503333333333333854e-01 8.963333333333333153e-01
1.000000000000000000e+00 1.000000000000000000e+00
