2.280706950485855256e+00
2.546052403190885549e+00
2.769578996655500447e+00
2.935969429084067439e+00
3.033142946454560729e+00
3.055167847145153104e+00
3.005767408549374853e+00
2.899507890261674881e+00
2.760689393964816940e+00
2.618218204553777184e+00
2.497670901733774151e+00
2.413912958764683481e+00
2.366876433732878926e+00
2.341448297757097841e+00
2.312805542790035140e+00
2.258573763425824055e+00
2.172672244475311043e+00
2.072300369264311382e+00
1.991179941359334737e+00
1.963488348286387852e+00
2.010891002064434385e+00
2.139858930317152019e+00
2.348162368970423408e+00
2.632238278212650329e+00
2.990657202207035681e+00
3.424311663189208765e+00
3.934492240674789088e+00
4.519431690667041757e+00
5.167629835220129308e+00
5.845337394202529069e+00
6.478241650158414799e+00
6.939397401317848768e+00
7.071724122289912096e+00
6.768852210735576413e+00
6.067174387839164851e+00
5.141146335141798751e+00
4.192868757524254697e+00
3.355306429073865004e+00
2.676888245871951177e+00
2.152688894655566898e+00
1.756651838614484262e+00
1.459497079788943275e+00
1.235790233743459421e+00
1.065580389628762781e+00
9.338306068363708690e-01
8.293111693004432405e-01
7.436607967963073662e-01
6.706738969008286810e-01
6.058463302013825658e-01
5.461130621338424751e-01
4.896828365092664170e-01
4.358788880902258467e-01
3.848840735417790038e-01
3.374595371646206821e-01
2.945236478557000104e-01
2.568206809466557217e-01
2.246790728420008931e-01
1.979905931736629099e-01
1.762926922241534466e-01
1.589059955075530217e-01
1.450761772073790312e-01
1.340507515302911401e-01
1.251608382178800438e-01
1.178511057919202354e-01
1.117049849620329882e-01
1.064552707186760261e-01
1.019726778953684854e-01
9.824131436241528847e-02
9.530505749687560868e-02
9.324268809810563885e-02
9.213642445824332672e-02
9.205838349990609626e-02
9.306828089191616915e-02
9.522813913225537663e-02
9.859056238125296634e-02
1.032255670089729793e-01
1.091969750560518038e-01
1.165841236936581704e-01
1.254727827278828700e-01
1.359478226835733328e-01
1.480994187636876236e-01
1.620013272423800887e-01
1.777311988068688287e-01
1.953333675779045098e-01
2.148245500978287481e-01
2.361945388259873435e-01
2.594105994355223599e-01
2.844248599120595133e-01
3.110988566783488563e-01
3.393197786884942779e-01
3.688759639829709558e-01
3.996425828968183103e-01
4.313963092274178401e-01
4.639143464770047465e-01
4.969884343540029170e-01
5.304364033894574115e-01
5.641100539430392580e-01
5.977402386835422021e-01
6.312363598923336205e-01
6.644788038885968140e-01
