1.600218882316325875e+01
1.667398166760689904e+01
1.670932697257517674e+01
1.608252219201336430e+01
1.487581345391898857e+01
1.327551400347594601e+01
1.151655861750964860e+01
9.820253317721762798e+00
8.333084824050080996e+00
7.104054485820839204e+00
6.104976704992910896e+00
5.272781272315468115e+00
4.549691488291923491e+00
3.906351195960005906e+00
3.342717865045461867e+00
2.868496383981690823e+00
2.477688844271539015e+00
2.143522770376606434e+00
1.839346855022382154e+00
1.560380898271536365e+00
1.320836964102009015e+00
1.133677993294764708e+00
9.971961912815514584e-01
8.978817049768227365e-01
8.195670293871316625e-01
7.496389875638611588e-01
6.808973696996274416e-01
6.117297243118662298e-01
5.454411891368428078e-01
4.879098199399862779e-01
4.445019231101022816e-01
4.180549145857121451e-01
4.083242468923375390e-01
4.117666544738472489e-01
4.215000855123495205e-01
4.291707719341458227e-01
4.292229742140829529e-01
4.210881888085522551e-01
4.064635141216878522e-01
3.866086155647427969e-01
3.631704715368551106e-01
3.393409140784394706e-01
3.184240790055047898e-01
3.018361882388601591e-01
2.888996444242871720e-01
2.781428776074353904e-01
2.687224522934917315e-01
2.608755592211249308e-01
2.553687722700025420e-01
2.526613147296839501e-01
2.524311498625799177e-01
2.535166924660286480e-01
2.542060140346297792e-01
2.527847303909687149e-01
2.481644772342631866e-01
2.402421933954588806e-01
2.298481551180445448e-01
2.182205208180900413e-01
2.065579077081619308e-01
1.957252520490996572e-01
1.862173843579291999e-01
1.782417026214384581e-01
1.718104719850011286e-01
1.668323047950072691e-01
1.631639341673432053e-01
1.606550056072992838e-01
1.591550490816283359e-01
1.585322102576492698e-01
1.586588733605052703e-01
1.594328561111933995e-01
1.607585712124360022e-01
1.625481094731844878e-01
1.647414342278690769e-01
1.672650675567136369e-01
1.700652889725630112e-01
1.730920009097553502e-01
1.763028700576172447e-01
1.796571201864482770e-01
1.831197064620400106e-01
1.866586969453006561e-01
1.902467972372766380e-01
1.938589922527233778e-01
1.974731739502142980e-01
2.010707102060854401e-01
2.046345185034482428e-01
2.081486043228643890e-01
2.116027837863092287e-01
2.149862308610224482e-01
2.182856771119648098e-01
2.214984650622505991e-01
2.246178767048319092e-01
2.276386964922550160e-01
2.305572309999877889e-01
2.333712964825606084e-01
2.360801767133999807e-01
2.386845544669168595e-01
2.411798021330294750e-01
2.435652955034272038e-01
2.458514563471252690e-01
2.480342086057603368e-01
