6.590885738270044314e+00
6.669639194416721040e+00
6.661017175885828756e+00
6.571445039731722559e+00
6.407166858132082865e+00
6.173728254832290929e+00
5.876230774950766289e+00
5.520241285022085442e+00
5.112548669686188596e+00
4.654248336697864197e+00
4.170625807206644886e+00
3.678451522845457511e+00
3.195065590986828408e+00
2.736283727909655017e+00
2.314592807347251480e+00
1.938079113480269067e+00
1.610217191244262436e+00
1.330371465194496450e+00
1.094853630653113807e+00
8.989475798300228249e-01
7.338350025088131723e-01
5.930592625757722391e-01
4.721381807099065964e-01
3.690918732085756160e-01
2.837499214176247841e-01
2.161200521486297821e-01
1.650817597769644041e-01
1.282766952337190125e-01
1.029688356697696788e-01
8.662607924740203802e-02
7.694983323492469995e-02
7.257130893815148809e-02
7.271142318568797613e-02
7.700838008663044021e-02
8.533915369482264479e-02
9.765822400772435075e-02
1.138832759134155992e-01
1.338415236335443737e-01
1.574528586290915022e-01
1.840057609078710743e-01
2.125718536888617505e-01
2.419825545502660991e-01
2.712731231275189447e-01
3.005193310583808008e-01
3.314281228945661906e-01
3.672071112658534253e-01
4.119027325737615874e-01
4.699162354560599830e-01
5.447944920654337331e-01
6.378856814189292068e-01
7.493186528242481437e-01
8.770040193767865144e-01
1.016441150708632613e+00
1.161016293346749162e+00
1.302968837118731793e+00
1.434665679282967732e+00
1.549309233748383363e+00
1.638613974260453521e+00
1.698520186903236251e+00
1.726753483719684512e+00
1.725538595093545124e+00
1.702876480640968415e+00
1.670674791615269550e+00
1.641406224362566446e+00
1.625438317737127214e+00
1.629961211120757758e+00
1.659338790770352290e+00
1.715152859116986228e+00
1.792837068371185616e+00
1.886405930439972067e+00
1.987187612264320835e+00
2.085245998234713571e+00
2.171839508748547143e+00
2.241975611180385020e+00
2.295662569465209746e+00
2.337121112607469353e+00
2.372260275671802088e+00
2.406505397776515842e+00
2.442622446375342093e+00
2.479406154796816697e+00
2.512798160322547769e+00
2.536995976286044119e+00
2.546054663183536793e+00
2.535622632563712120e+00
2.504292672657101093e+00
2.454086058696109518e+00
2.390023923148973051e+00
2.319901472882643922e+00
2.250090844562184778e+00
2.186186828420168649e+00
2.132608169208760618e+00
2.092718462150873648e+00
2.069188450049878281e+00
2.064430882704952008e+00
2.081001180092770131e+00
2.121916554655907561e+00
2.190886739315114795e+00
2.292391824464292682e+00
2.430986230605194809e+00
2.612558061956812949e+00
